[
{"hands":[],"id":306272,"pointables":[],"r":[[0.00127148,0.437641,-0.899149],[-0.587415,0.727996,0.353505],[0.809285,0.527724,0.258002]],"s":1098.67,"t":[-1106.68,-17591.9,5002.16],"timestamp":46701041106},
{"hands":[],"id":306274,"pointables":[],"r":[[0.00127148,0.437641,-0.899149],[-0.587415,0.727996,0.353505],[0.809285,0.527724,0.258002]],"s":1098.67,"t":[-1106.68,-17591.9,5002.16],"timestamp":46701050550},
{"hands":[],"id":306276,"pointables":[],"r":[[0.00127148,0.437641,-0.899149],[-0.587415,0.727996,0.353505],[0.809285,0.527724,0.258002]],"s":1098.67,"t":[-1106.68,-17591.9,5002.16],"timestamp":46701059954},
{"hands":[],"id":306278,"pointables":[],"r":[[0.00127148,0.437641,-0.899149],[-0.587415,0.727996,0.353505],[0.809285,0.527724,0.258002]],"s":1098.67,"t":[-1106.68,-17591.9,5002.16],"timestamp":46701069179},
{"hands":[],"id":306280,"pointables":[],"r":[[0.00127148,0.437641,-0.899149],[-0.587415,0.727996,0.353505],[0.809285,0.527724,0.258002]],"s":1098.67,"t":[-1106.68,-17591.9,5002.16],"timestamp":46701078335},
{"hands":[],"id":306282,"pointables":[],"r":[[0.00127148,0.437641,-0.899149],[-0.587415,0.727996,0.353505],[0.809285,0.527724,0.258002]],"s":1098.67,"t":[-1106.68,-17591.9,5002.16],"timestamp":46701087923},
{"hands":[],"id":306284,"pointables":[],"r":[[0.00127148,0.437641,-0.899149],[-0.587415,0.727996,0.353505],[0.809285,0.527724,0.258002]],"s":1098.67,"t":[-1106.68,-17591.9,5002.16],"timestamp":46701097303},
{"hands":[],"id":306286,"pointables":[],"r":[[0.00127148,0.437641,-0.899149],[-0.587415,0.727996,0.353505],[0.809285,0.527724,0.258002]],"s":1098.67,"t":[-1106.68,-17591.9,5002.16],"timestamp":46701106480},
{"hands":[],"id":306288,"pointables":[],"r":[[0.00127148,0.437641,-0.899149],[-0.587415,0.727996,0.353505],[0.809285,0.527724,0.258002]],"s":1098.67,"t":[-1106.68,-17591.9,5002.16],"timestamp":46701115936},
{"hands":[],"id":306290,"pointables":[],"r":[[0.00127148,0.437641,-0.899149],[-0.587415,0.727996,0.353505],[0.809285,0.527724,0.258002]],"s":1098.67,"t":[-1106.68,-17591.9,5002.16],"timestamp":46701125280},
{"hands":[],"id":306292,"pointables":[],"r":[[0.00127148,0.437641,-0.899149],[-0.587415,0.727996,0.353505],[0.809285,0.527724,0.258002]],"s":1098.67,"t":[-1106.68,-17591.9,5002.16],"timestamp":46701134591},
{"hands":[],"id":306294,"pointables":[],"r":[[0.00127148,0.437641,-0.899149],[-0.587415,0.727996,0.353505],[0.809285,0.527724,0.258002]],"s":1098.67,"t":[-1106.68,-17591.9,5002.16],"timestamp":46701143946},
{"hands":[],"id":306296,"pointables":[],"r":[[0.00127148,0.437641,-0.899149],[-0.587415,0.727996,0.353505],[0.809285,0.527724,0.258002]],"s":1098.67,"t":[-1106.68,-17591.9,5002.16],"timestamp":46701153212},
{"hands":[],"id":306298,"pointables":[],"r":[[0.00127148,0.437641,-0.899149],[-0.587415,0.727996,0.353505],[0.809285,0.527724,0.258002]],"s":1098.67,"t":[-1106.68,-17591.9,5002.16],"timestamp":46701162684},
{"hands":[],"id":306300,"pointables":[],"r":[[0.00127148,0.437641,-0.899149],[-0.587415,0.727996,0.353505],[0.809285,0.527724,0.258002]],"s":1098.67,"t":[-1106.68,-17591.9,5002.16],"timestamp":46701172059},
{"hands":[],"id":306302,"pointables":[],"r":[[0.00127148,0.437641,-0.899149],[-0.587415,0.727996,0.353505],[0.809285,0.527724,0.258002]],"s":1098.67,"t":[-1106.68,-17591.9,5002.16],"timestamp":46701181428},
{"hands":[],"id":306304,"pointables":[],"r":[[0.00127148,0.437641,-0.899149],[-0.587415,0.727996,0.353505],[0.809285,0.527724,0.258002]],"s":1098.67,"t":[-1106.68,-17591.9,5002.16],"timestamp":46701190587},
{"hands":[],"id":306306,"pointables":[],"r":[[0.00127148,0.437641,-0.899149],[-0.587415,0.727996,0.353505],[0.809285,0.527724,0.258002]],"s":1098.67,"t":[-1106.68,-17591.9,5002.16],"timestamp":46701200059},
{"hands":[],"id":306308,"pointables":[],"r":[[0.00127148,0.437641,-0.899149],[-0.587415,0.727996,0.353505],[0.809285,0.527724,0.258002]],"s":1098.67,"t":[-1106.68,-17591.9,5002.16],"timestamp":46701209226},
{"hands":[],"id":306310,"pointables":[],"r":[[0.00127148,0.437641,-0.899149],[-0.587415,0.727996,0.353505],[0.809285,0.527724,0.258002]],"s":1098.67,"t":[-1106.68,-17591.9,5002.16],"timestamp":46701218952},
{"hands":[],"id":306312,"pointables":[],"r":[[0.00127148,0.437641,-0.899149],[-0.587415,0.727996,0.353505],[0.809285,0.527724,0.258002]],"s":1098.67,"t":[-1106.68,-17591.9,5002.16],"timestamp":46701228187},
{"hands":[],"id":306314,"pointables":[],"r":[[0.00127148,0.437641,-0.899149],[-0.587415,0.727996,0.353505],[0.809285,0.527724,0.258002]],"s":1098.67,"t":[-1106.68,-17591.9,5002.16],"timestamp":46701237297},
{"hands":[],"id":306316,"pointables":[],"r":[[0.00127148,0.437641,-0.899149],[-0.587415,0.727996,0.353505],[0.809285,0.527724,0.258002]],"s":1098.67,"t":[-1106.68,-17591.9,5002.16],"timestamp":46701246749},
{"hands":[],"id":306318,"pointables":[],"r":[[0.00127148,0.437641,-0.899149],[-0.587415,0.727996,0.353505],[0.809285,0.527724,0.258002]],"s":1098.67,"t":[-1106.68,-17591.9,5002.16],"timestamp":46701256173},
{"hands":[],"id":306320,"pointables":[],"r":[[0.00127148,0.437641,-0.899149],[-0.587415,0.727996,0.353505],[0.809285,0.527724,0.258002]],"s":1098.67,"t":[-1106.68,-17591.9,5002.16],"timestamp":46701265457},
{"hands":[],"id":306322,"pointables":[],"r":[[0.00127148,0.437641,-0.899149],[-0.587415,0.727996,0.353505],[0.809285,0.527724,0.258002]],"s":1098.67,"t":[-1106.68,-17591.9,5002.16],"timestamp":46701274617},
{"hands":[],"id":306324,"pointables":[],"r":[[0.00127148,0.437641,-0.899149],[-0.587415,0.727996,0.353505],[0.809285,0.527724,0.258002]],"s":1098.67,"t":[-1106.68,-17591.9,5002.16],"timestamp":46701284181},
{"hands":[],"id":306326,"pointables":[],"r":[[0.00127148,0.437641,-0.899149],[-0.587415,0.727996,0.353505],[0.809285,0.527724,0.258002]],"s":1098.67,"t":[-1106.68,-17591.9,5002.16],"timestamp":46701293489},
{"hands":[],"id":306328,"pointables":[],"r":[[0.00127148,0.437641,-0.899149],[-0.587415,0.727996,0.353505],[0.809285,0.527724,0.258002]],"s":1098.67,"t":[-1106.68,-17591.9,5002.16],"timestamp":46701302933},
{"hands":[],"id":306330,"pointables":[],"r":[[0.00127148,0.437641,-0.899149],[-0.587415,0.727996,0.353505],[0.809285,0.527724,0.258002]],"s":1098.67,"t":[-1106.68,-17591.9,5002.16],"timestamp":46701312114},
{"hands":[],"id":306332,"pointables":[],"r":[[0.00127148,0.437641,-0.899149],[-0.587415,0.727996,0.353505],[0.809285,0.527724,0.258002]],"s":1098.67,"t":[-1106.68,-17591.9,5002.16],"timestamp":46701321518},
{"hands":[],"id":306334,"pointables":[],"r":[[0.00127148,0.437641,-0.899149],[-0.587415,0.727996,0.353505],[0.809285,0.527724,0.258002]],"s":1098.67,"t":[-1106.68,-17591.9,5002.16],"timestamp":46701330938},
{"hands":[],"id":306336,"pointables":[],"r":[[0.00127148,0.437641,-0.899149],[-0.587415,0.727996,0.353505],[0.809285,0.527724,0.258002]],"s":1098.67,"t":[-1106.68,-17591.9,5002.16],"timestamp":46701340086},
{"hands":[],"id":306338,"pointables":[],"r":[[0.00127148,0.437641,-0.899149],[-0.587415,0.727996,0.353505],[0.809285,0.527724,0.258002]],"s":1098.67,"t":[-1106.68,-17591.9,5002.16],"timestamp":46701349515},
{"hands":[],"id":306340,"pointables":[],"r":[[0.00127148,0.437641,-0.899149],[-0.587415,0.727996,0.353505],[0.809285,0.527724,0.258002]],"s":1098.67,"t":[-1106.68,-17591.9,5002.16],"timestamp":46701358752},
{"hands":[],"id":306342,"pointables":[],"r":[[0.00127148,0.437641,-0.899149],[-0.587415,0.727996,0.353505],[0.809285,0.527724,0.258002]],"s":1098.67,"t":[-1106.68,-17591.9,5002.16],"timestamp":46701368305},
{"hands":[],"id":306344,"pointables":[],"r":[[0.00127148,0.437641,-0.899149],[-0.587415,0.727996,0.353505],[0.809285,0.527724,0.258002]],"s":1098.67,"t":[-1106.68,-17591.9,5002.16],"timestamp":46701377677},
{"hands":[],"id":306346,"pointables":[],"r":[[0.00127148,0.437641,-0.899149],[-0.587415,0.727996,0.353505],[0.809285,0.527724,0.258002]],"s":1098.67,"t":[-1106.68,-17591.9,5002.16],"timestamp":46701386805},
{"hands":[],"id":306348,"pointables":[],"r":[[0.00127148,0.437641,-0.899149],[-0.587415,0.727996,0.353505],[0.809285,0.527724,0.258002]],"s":1098.67,"t":[-1106.68,-17591.9,5002.16],"timestamp":46701396120},
{"hands":[],"id":306350,"pointables":[],"r":[[0.00127148,0.437641,-0.899149],[-0.587415,0.727996,0.353505],[0.809285,0.527724,0.258002]],"s":1098.67,"t":[-1106.68,-17591.9,5002.16],"timestamp":46701405570},
{"hands":[],"id":306352,"pointables":[],"r":[[0.00127148,0.437641,-0.899149],[-0.587415,0.727996,0.353505],[0.809285,0.527724,0.258002]],"s":1098.67,"t":[-1106.68,-17591.9,5002.16],"timestamp":46701415034},
{"hands":[],"id":306354,"pointables":[],"r":[[0.00127148,0.437641,-0.899149],[-0.587415,0.727996,0.353505],[0.809285,0.527724,0.258002]],"s":1098.67,"t":[-1106.68,-17591.9,5002.16],"timestamp":46701424101},
{"hands":[],"id":306356,"pointables":[],"r":[[0.00127148,0.437641,-0.899149],[-0.587415,0.727996,0.353505],[0.809285,0.527724,0.258002]],"s":1098.67,"t":[-1106.68,-17591.9,5002.16],"timestamp":46701433454},
{"hands":[],"id":306358,"pointables":[],"r":[[0.00127148,0.437641,-0.899149],[-0.587415,0.727996,0.353505],[0.809285,0.527724,0.258002]],"s":1098.67,"t":[-1106.68,-17591.9,5002.16],"timestamp":46701443004},
{"hands":[],"id":306360,"pointables":[],"r":[[0.00127148,0.437641,-0.899149],[-0.587415,0.727996,0.353505],[0.809285,0.527724,0.258002]],"s":1098.67,"t":[-1106.68,-17591.9,5002.16],"timestamp":46701452431},
{"hands":[],"id":306362,"pointables":[],"r":[[0.00127148,0.437641,-0.899149],[-0.587415,0.727996,0.353505],[0.809285,0.527724,0.258002]],"s":1098.67,"t":[-1106.68,-17591.9,5002.16],"timestamp":46701461683},
{"hands":[],"id":306364,"pointables":[],"r":[[0.00127148,0.437641,-0.899149],[-0.587415,0.727996,0.353505],[0.809285,0.527724,0.258002]],"s":1098.67,"t":[-1106.68,-17591.9,5002.16],"timestamp":46701470896},
{"hands":[],"id":306366,"pointables":[],"r":[[0.00127148,0.437641,-0.899149],[-0.587415,0.727996,0.353505],[0.809285,0.527724,0.258002]],"s":1098.67,"t":[-1106.68,-17591.9,5002.16],"timestamp":46701480437},
{"hands":[],"id":306368,"pointables":[],"r":[[0.00127148,0.437641,-0.899149],[-0.587415,0.727996,0.353505],[0.809285,0.527724,0.258002]],"s":1098.67,"t":[-1106.68,-17591.9,5002.16],"timestamp":46701489796},
{"hands":[],"id":306370,"pointables":[],"r":[[0.00127148,0.437641,-0.899149],[-0.587415,0.727996,0.353505],[0.809285,0.527724,0.258002]],"s":1098.67,"t":[-1106.68,-17591.9,5002.16],"timestamp":46701498916},
{"hands":[],"id":306372,"pointables":[],"r":[[0.00127148,0.437641,-0.899149],[-0.587415,0.727996,0.353505],[0.809285,0.527724,0.258002]],"s":1098.67,"t":[-1106.68,-17591.9,5002.16],"timestamp":46701508251},
{"hands":[],"id":306374,"pointables":[],"r":[[0.00127148,0.437641,-0.899149],[-0.587415,0.727996,0.353505],[0.809285,0.527724,0.258002]],"s":1098.67,"t":[-1106.68,-17591.9,5002.16],"timestamp":46701517811},
{"hands":[],"id":306376,"pointables":[],"r":[[0.00127148,0.437641,-0.899149],[-0.587415,0.727996,0.353505],[0.809285,0.527724,0.258002]],"s":1098.67,"t":[-1106.68,-17591.9,5002.16],"timestamp":46701527148},
{"hands":[],"id":306378,"pointables":[],"r":[[0.00127148,0.437641,-0.899149],[-0.587415,0.727996,0.353505],[0.809285,0.527724,0.258002]],"s":1098.67,"t":[-1106.68,-17591.9,5002.16],"timestamp":46701536462},
{"hands":[],"id":306380,"pointables":[],"r":[[0.00127148,0.437641,-0.899149],[-0.587415,0.727996,0.353505],[0.809285,0.527724,0.258002]],"s":1098.67,"t":[-1106.68,-17591.9,5002.16],"timestamp":46701545810},
{"hands":[],"id":306382,"pointables":[],"r":[[0.00127148,0.437641,-0.899149],[-0.587415,0.727996,0.353505],[0.809285,0.527724,0.258002]],"s":1098.67,"t":[-1106.68,-17591.9,5002.16],"timestamp":46701555014},
{"hands":[],"id":306384,"pointables":[],"r":[[0.00127148,0.437641,-0.899149],[-0.587415,0.727996,0.353505],[0.809285,0.527724,0.258002]],"s":1098.67,"t":[-1106.68,-17591.9,5002.16],"timestamp":46701564440},
{"hands":[],"id":306386,"pointables":[],"r":[[0.00127148,0.437641,-0.899149],[-0.587415,0.727996,0.353505],[0.809285,0.527724,0.258002]],"s":1098.67,"t":[-1106.68,-17591.9,5002.16],"timestamp":46701573828},
{"hands":[],"id":306388,"pointables":[],"r":[[0.00127148,0.437641,-0.899149],[-0.587415,0.727996,0.353505],[0.809285,0.527724,0.258002]],"s":1098.67,"t":[-1106.68,-17591.9,5002.16],"timestamp":46701583094},
{"hands":[],"id":306390,"pointables":[],"r":[[0.00127148,0.437641,-0.899149],[-0.587415,0.727996,0.353505],[0.809285,0.527724,0.258002]],"s":1098.67,"t":[-1106.68,-17591.9,5002.16],"timestamp":46701592367},
{"hands":[],"id":306392,"pointables":[],"r":[[0.00127148,0.437641,-0.899149],[-0.587415,0.727996,0.353505],[0.809285,0.527724,0.258002]],"s":1098.67,"t":[-1106.68,-17591.9,5002.16],"timestamp":46701601931},
{"hands":[],"id":306394,"pointables":[],"r":[[0.00127148,0.437641,-0.899149],[-0.587415,0.727996,0.353505],[0.809285,0.527724,0.258002]],"s":1098.67,"t":[-1106.68,-17591.9,5002.16],"timestamp":46701611211},
{"hands":[],"id":306396,"pointables":[],"r":[[0.00127148,0.437641,-0.899149],[-0.587415,0.727996,0.353505],[0.809285,0.527724,0.258002]],"s":1098.67,"t":[-1106.68,-17591.9,5002.16],"timestamp":46701620469},
{"hands":[],"id":306398,"pointables":[],"r":[[0.00127148,0.437641,-0.899149],[-0.587415,0.727996,0.353505],[0.809285,0.527724,0.258002]],"s":1098.67,"t":[-1106.68,-17591.9,5002.16],"timestamp":46701629877},
{"hands":[],"id":306400,"pointables":[],"r":[[0.00127148,0.437641,-0.899149],[-0.587415,0.727996,0.353505],[0.809285,0.527724,0.258002]],"s":1098.67,"t":[-1106.68,-17591.9,5002.16],"timestamp":46701639236},
{"hands":[],"id":306402,"pointables":[],"r":[[0.00127148,0.437641,-0.899149],[-0.587415,0.727996,0.353505],[0.809285,0.527724,0.258002]],"s":1098.67,"t":[-1106.68,-17591.9,5002.16],"timestamp":46701648543},
{"hands":[],"id":306404,"pointables":[],"r":[[0.00127148,0.437641,-0.899149],[-0.587415,0.727996,0.353505],[0.809285,0.527724,0.258002]],"s":1098.67,"t":[-1106.68,-17591.9,5002.16],"timestamp":46701657888},
{"hands":[],"id":306406,"pointables":[],"r":[[0.00127148,0.437641,-0.899149],[-0.587415,0.727996,0.353505],[0.809285,0.527724,0.258002]],"s":1098.67,"t":[-1106.68,-17591.9,5002.16],"timestamp":46701667318},
{"hands":[],"id":306408,"pointables":[],"r":[[0.00127148,0.437641,-0.899149],[-0.587415,0.727996,0.353505],[0.809285,0.527724,0.258002]],"s":1098.67,"t":[-1106.68,-17591.9,5002.16],"timestamp":46701676476},
{"hands":[],"id":306410,"pointables":[],"r":[[0.00127148,0.437641,-0.899149],[-0.587415,0.727996,0.353505],[0.809285,0.527724,0.258002]],"s":1098.67,"t":[-1106.68,-17591.9,5002.16],"timestamp":46701685938},
{"hands":[],"id":306412,"pointables":[],"r":[[0.00127148,0.437641,-0.899149],[-0.587415,0.727996,0.353505],[0.809285,0.527724,0.258002]],"s":1098.67,"t":[-1106.68,-17591.9,5002.16],"timestamp":46701695313},
{"hands":[],"id":306414,"pointables":[],"r":[[0.00127148,0.437641,-0.899149],[-0.587415,0.727996,0.353505],[0.809285,0.527724,0.258002]],"s":1098.67,"t":[-1106.68,-17591.9,5002.16],"timestamp":46701704508},
{"hands":[],"id":306416,"pointables":[],"r":[[0.00127148,0.437641,-0.899149],[-0.587415,0.727996,0.353505],[0.809285,0.527724,0.258002]],"s":1098.67,"t":[-1106.68,-17591.9,5002.16],"timestamp":46701714113},
{"hands":[],"id":306418,"pointables":[],"r":[[0.00127148,0.437641,-0.899149],[-0.587415,0.727996,0.353505],[0.809285,0.527724,0.258002]],"s":1098.67,"t":[-1106.68,-17591.9,5002.16],"timestamp":46701723220},
{"hands":[],"id":306420,"pointables":[],"r":[[0.00127148,0.437641,-0.899149],[-0.587415,0.727996,0.353505],[0.809285,0.527724,0.258002]],"s":1098.67,"t":[-1106.68,-17591.9,5002.16],"timestamp":46701732673},
{"hands":[],"id":306422,"pointables":[],"r":[[0.00127148,0.437641,-0.899149],[-0.587415,0.727996,0.353505],[0.809285,0.527724,0.258002]],"s":1098.67,"t":[-1106.68,-17591.9,5002.16],"timestamp":46701741842},
{"hands":[],"id":306424,"pointables":[],"r":[[0.00127148,0.437641,-0.899149],[-0.587415,0.727996,0.353505],[0.809285,0.527724,0.258002]],"s":1098.67,"t":[-1106.68,-17591.9,5002.16],"timestamp":46701751436},
{"hands":[],"id":306426,"pointables":[],"r":[[0.00127148,0.437641,-0.899149],[-0.587415,0.727996,0.353505],[0.809285,0.527724,0.258002]],"s":1098.67,"t":[-1106.68,-17591.9,5002.16],"timestamp":46701760632},
{"hands":[],"id":306428,"pointables":[],"r":[[0.00127148,0.437641,-0.899149],[-0.587415,0.727996,0.353505],[0.809285,0.527724,0.258002]],"s":1098.67,"t":[-1106.68,-17591.9,5002.16],"timestamp":46701770059},
{"hands":[],"id":306430,"pointables":[],"r":[[0.00127148,0.437641,-0.899149],[-0.587415,0.727996,0.353505],[0.809285,0.527724,0.258002]],"s":1098.67,"t":[-1106.68,-17591.9,5002.16],"timestamp":46701779430},
{"hands":[],"id":306432,"pointables":[],"r":[[0.00127148,0.437641,-0.899149],[-0.587415,0.727996,0.353505],[0.809285,0.527724,0.258002]],"s":1098.67,"t":[-1106.68,-17591.9,5002.16],"timestamp":46701788608},
{"hands":[],"id":306434,"pointables":[],"r":[[0.00127148,0.437641,-0.899149],[-0.587415,0.727996,0.353505],[0.809285,0.527724,0.258002]],"s":1098.67,"t":[-1106.68,-17591.9,5002.16],"timestamp":46701798190},
{"hands":[],"id":306436,"pointables":[],"r":[[0.00127148,0.437641,-0.899149],[-0.587415,0.727996,0.353505],[0.809285,0.527724,0.258002]],"s":1098.67,"t":[-1106.68,-17591.9,5002.16],"timestamp":46701807219},
{"hands":[],"id":306438,"pointables":[],"r":[[0.00127148,0.437641,-0.899149],[-0.587415,0.727996,0.353505],[0.809285,0.527724,0.258002]],"s":1098.67,"t":[-1106.68,-17591.9,5002.16],"timestamp":46701816804},
{"hands":[],"id":306440,"pointables":[],"r":[[0.00127148,0.437641,-0.899149],[-0.587415,0.727996,0.353505],[0.809285,0.527724,0.258002]],"s":1098.67,"t":[-1106.68,-17591.9,5002.16],"timestamp":46701826002},
{"hands":[],"id":306442,"pointables":[],"r":[[0.00127148,0.437641,-0.899149],[-0.587415,0.727996,0.353505],[0.809285,0.527724,0.258002]],"s":1098.67,"t":[-1106.68,-17591.9,5002.16],"timestamp":46701835577},
{"hands":[],"id":306444,"pointables":[],"r":[[0.00127148,0.437641,-0.899149],[-0.587415,0.727996,0.353505],[0.809285,0.527724,0.258002]],"s":1098.67,"t":[-1106.68,-17591.9,5002.16],"timestamp":46701844811},
{"hands":[],"id":306446,"pointables":[],"r":[[0.00127148,0.437641,-0.899149],[-0.587415,0.727996,0.353505],[0.809285,0.527724,0.258002]],"s":1098.67,"t":[-1106.68,-17591.9,5002.16],"timestamp":46701854164},
{"hands":[],"id":306448,"pointables":[],"r":[[0.00127148,0.437641,-0.899149],[-0.587415,0.727996,0.353505],[0.809285,0.527724,0.258002]],"s":1098.67,"t":[-1106.68,-17591.9,5002.16],"timestamp":46701863335},
{"hands":[],"id":306450,"pointables":[],"r":[[0.00127148,0.437641,-0.899149],[-0.587415,0.727996,0.353505],[0.809285,0.527724,0.258002]],"s":1098.67,"t":[-1106.68,-17591.9,5002.16],"timestamp":46701872638},
{"hands":[],"id":306452,"pointables":[],"r":[[0.00127148,0.437641,-0.899149],[-0.587415,0.727996,0.353505],[0.809285,0.527724,0.258002]],"s":1098.67,"t":[-1106.68,-17591.9,5002.16],"timestamp":46701882187},
{"hands":[],"id":306454,"pointables":[],"r":[[0.00127148,0.437641,-0.899149],[-0.587415,0.727996,0.353505],[0.809285,0.527724,0.258002]],"s":1098.67,"t":[-1106.68,-17591.9,5002.16],"timestamp":46701891553},
{"hands":[],"id":306456,"pointables":[],"r":[[0.00127148,0.437641,-0.899149],[-0.587415,0.727996,0.353505],[0.809285,0.527724,0.258002]],"s":1098.67,"t":[-1106.68,-17591.9,5002.16],"timestamp":46701900878},
{"hands":[],"id":306458,"pointables":[],"r":[[0.00127148,0.437641,-0.899149],[-0.587415,0.727996,0.353505],[0.809285,0.527724,0.258002]],"s":1098.67,"t":[-1106.68,-17591.9,5002.16],"timestamp":46701910111},
{"hands":[{"direction":[0.147956,0.839634,-0.482227],"id":1,"palmNormal":[-0.519389,-0.364727,-0.76208],"palmPosition":[58.0555,192.701,145.224],"palmVelocity":[-94.1199,-94.5237,-664.755],"r":[[1,0,0],[0,1,0],[0,0,1]],"s":1,"sphereCenter":[63.9666,204.294,170.982],"sphereRadius":52.9377,"t":[0,0,0]}],"id":306460,"pointables":[],"r":[[0.00127148,0.437641,-0.899149],[-0.587415,0.727996,0.353505],[0.809285,0.527724,0.258002]],"s":1098.67,"t":[-1106.86,-17592.1,5000.91],"timestamp":46701919569},
{"hands":[{"direction":[0.153813,0.828422,-0.50208],"id":1,"palmNormal":[-0.515009,-0.3852,-0.755754],"palmPosition":[56.8037,191.989,139.514],"palmVelocity":[-133.694,-76.0764,-609.813],"r":[[1,0,0],[0,1,0],[0,0,1]],"s":1,"sphereCenter":[62.9796,202.97,165.866],"sphereRadius":53.2553,"t":[-0.250355,-0.142461,-1.14194]}],"id":306462,"pointables":[],"r":[[0.00127148,0.437641,-0.899149],[-0.587415,0.727996,0.353505],[0.809285,0.527724,0.258002]],"s":1098.67,"t":[-1107.25,-17592.4,4998.76],"timestamp":46701928932},
{"hands":[{"direction":[0.157453,0.817871,-0.520581],"id":1,"palmNormal":[-0.509201,-0.405351,-0.749736],"palmPosition":[55.1951,190.506,135.005],"palmVelocity":[-173.001,-159.518,-484.943],"r":[[1,0,0],[0,1,0],[0,0,1]],"s":1,"sphereCenter":[61.8571,201.826,161.193],"sphereRadius":53.4989,"t":[-0.772352,-0.553069,-2.95728]}],"id":306464,"pointables":[],"r":[[0.00127148,0.437641,-0.899149],[-0.587415,0.727996,0.353505],[0.809285,0.527724,0.258002]],"s":1098.67,"t":[-1107.89,-17592.9,4996.14],"timestamp":46701938230},
{"hands":[{"direction":[0.15322,0.806587,-0.540726],"id":1,"palmNormal":[-0.503159,-0.430667,-0.739185],"palmPosition":[53.0803,187.995,132.158],"palmVelocity":[-222.402,-264.022,-299.444],"r":[[1,0,0],[0,1,0],[0,0,1]],"s":1,"sphereCenter":[59.8825,200.326,155.865],"sphereRadius":53.1805,"t":[-1.61291,-1.38367,-4.97905]}],"id":306466,"pointables":[],"r":[[0.00127148,0.437641,-0.899149],[-0.587415,0.727996,0.353505],[0.809285,0.527724,0.258002]],"s":1098.67,"t":[-1108.82,-17593.8,4993.47],"timestamp":46701947739},
{"hands":[{"direction":[0.145385,0.796714,-0.558894],"id":1,"palmNormal":[-0.495396,-0.455191,-0.729338],"palmPosition":[50.6261,186.554,128.868],"palmVelocity":[-267.835,-157.301,-359.035],"r":[[1,0,0],[0,1,0],[0,0,1]],"s":1,"sphereCenter":[57.1999,198.425,150.113],"sphereRadius":52.7791,"t":[-2.7762,-2.33642,-7.25442]}],"id":306468,"pointables":[],"r":[[0.00127148,0.437641,-0.899149],[-0.587415,0.727996,0.353505],[0.809285,0.527724,0.258002]],"s":1098.67,"t":[-1110.06,-17594.9,4990.68],"timestamp":46701956902},
{"hands":[{"direction":[0.135876,0.788828,-0.574172],"id":1,"palmNormal":[-0.488482,-0.476058,-0.720929],"palmPosition":[47.8115,186.091,124.958],"palmVelocity":[-298.418,-48.9988,-414.589],"r":[[1,0,0],[0,1,0],[0,0,1]],"s":1,"sphereCenter":[53.8265,196.807,143.29],"sphereRadius":52.4927,"t":[-4.26976,-3.19106,-9.8568]}],"id":306470,"pointables":[],"r":[[0.00127148,0.437641,-0.899149],[-0.587415,0.727996,0.353505],[0.809285,0.527724,0.258002]],"s":1098.67,"t":[-1111.61,-17595.8,4987.67],"timestamp":46701966334},
{"hands":[{"direction":[0.127066,0.779331,-0.590277],"id":1,"palmNormal":[-0.483365,-0.496647,-0.710609],"palmPosition":[44.3891,184.91,122.235],"palmVelocity":[-371.511,-128.217,-295.56],"r":[[1,0,0],[0,1,0],[0,0,1]],"s":1,"sphereCenter":[50.5517,195.445,137.733],"sphereRadius":52.0606,"t":[-6.14909,-4.11099,-12.4832]}],"id":306472,"pointables":[],"r":[[0.00127148,0.437641,-0.899149],[-0.587415,0.727996,0.353505],[0.809285,0.527724,0.258002]],"s":1098.67,"t":[-1113.54,-17596.7,4984.71],"timestamp":46701975546},
{"hands":[{"direction":[0.112497,0.771975,-0.603732],"id":1,"palmNormal":[-0.478831,-0.515928,-0.700159],"palmPosition":[40.438,183.591,120.303],"palmVelocity":[-415.471,-138.749,-203.142],"r":[[1,0,0],[0,1,0],[0,0,1]],"s":1,"sphereCenter":[46.5805,193.792,131.657],"sphereRadius":51.8074,"t":[-8.44277,-5.11084,-14.9708]}],"id":306474,"pointables":[],"r":[[0.00127148,0.437641,-0.899149],[-0.587415,0.727996,0.353505],[0.809285,0.527724,0.258002]],"s":1098.67,"t":[-1115.87,-17597.8,4981.96],"timestamp":46701985056},
{"hands":[{"direction":[0.0985164,0.764863,-0.616146],"id":1,"palmNormal":[-0.472818,-0.534076,-0.690956],"palmPosition":[36.0199,182.571,118.644],"palmVelocity":[-485.871,-112.174,-182.453],"r":[[1,0,0],[0,1,0],[0,0,1]],"s":1,"sphereCenter":[42.7435,192.651,126.726],"sphereRadius":51.6022,"t":[-11.1613,-6.11471,-17.2926]}],"id":306476,"pointables":[],"r":[[0.00127148,0.437641,-0.899149],[-0.587415,0.727996,0.353505],[0.809285,0.527724,0.258002]],"s":1098.67,"t":[-1118.62,-17598.8,4979.43],"timestamp":46701994149},
{"hands":[{"direction":[0.0845549,0.758068,-0.627525],"id":1,"palmNormal":[-0.468205,-0.550415,-0.681762],"palmPosition":[31.2296,182.211,116.605],"palmVelocity":[-501.71,-37.6781,-213.584],"r":[[1,0,0],[0,1,0],[0,0,1]],"s":1,"sphereCenter":[38.6324,191.591,122.322],"sphereRadius":51.4056,"t":[-14.2942,-6.98977,-19.5579]}],"id":306478,"pointables":[],"r":[[0.00127148,0.437641,-0.899149],[-0.587415,0.727996,0.353505],[0.809285,0.527724,0.258002]],"s":1098.67,"t":[-1121.77,-17599.7,4976.99],"timestamp":46702003697},
{"hands":[{"direction":[0.0709579,0.750461,-0.639063],"id":1,"palmNormal":[-0.462829,-0.567003,-0.67213],"palmPosition":[26.2066,182.196,114.704],"palmVelocity":[-544.385,-1.66157,-205.975],"r":[[1,0,0],[0,1,0],[0,0,1]],"s":1,"sphereCenter":[34.354,190.682,118.098],"sphereRadius":51.3595,"t":[-17.8052,-7.69287,-21.7503]}],"id":306480,"pointables":[],"r":[[0.00127148,0.437641,-0.899149],[-0.587415,0.727996,0.353505],[0.809285,0.527724,0.258002]],"s":1098.67,"t":[-1125.3,-17600.4,4974.67],"timestamp":46702012924},
{"hands":[{"direction":[0.0543118,0.74455,-0.648135],"id":1,"palmNormal":[-0.458375,-0.581712,-0.663117],"palmPosition":[20.9461,182.368,113.559],"palmVelocity":[-560.877,18.3351,-122.077],"r":[[1,0,0],[0,1,0],[0,0,1]],"s":1,"sphereCenter":[29.7685,189.641,114.409],"sphereRadius":51.4047,"t":[-21.666,-8.22097,-23.7332]}],"id":306482,"pointables":[],"r":[[0.00127148,0.437641,-0.899149],[-0.587415,0.727996,0.353505],[0.809285,0.527724,0.258002]],"s":1098.67,"t":[-1129.18,-17601,4972.57],"timestamp":46702022303},
{"hands":[{"direction":[0.0384411,0.736404,-0.658805],"id":1,"palmNormal":[-0.45223,-0.598441,-0.652431],"palmPosition":[15.7557,182.848,112.841],"palmVelocity":[-553.111,51.2243,-76.5363],"r":[[1,0,0],[0,1,0],[0,0,1]],"s":1,"sphereCenter":[25.2938,189.383,111.704],"sphereRadius":51.3787,"t":[-25.7928,-8.5473,-25.4631]}],"id":306484,"pointables":[],"r":[[0.00127148,0.437641,-0.899149],[-0.587415,0.727996,0.353505],[0.809285,0.527724,0.258002]],"s":1098.67,"t":[-1133.32,-17601.3,4970.76],"timestamp":46702031687},
{"hands":[{"direction":[0.0197378,0.728336,-0.668436],"id":1,"palmNormal":[-0.44628,-0.615089,-0.640957],"palmPosition":[10.6769,183.123,113.165],"palmVelocity":[-548.29,29.6591,35.0101],"r":[[1,0,0],[0,1,0],[0,0,1]],"s":1,"sphereCenter":[20.9704,189.347,109.959],"sphereRadius":51.5378,"t":[-30.1099,-8.75343,-26.7823]}],"id":306486,"pointables":[],"r":[[0.00127148,0.437641,-0.899149],[-0.587415,0.727996,0.353505],[0.809285,0.527724,0.258002]],"s":1098.67,"t":[-1137.65,-17601.5,4969.37],"timestamp":46702040950},
{"hands":[{"direction":[0.000711328,0.721219,-0.676463],"id":1,"palmNormal":[-0.437313,-0.630807,-0.631951],"palmPosition":[5.25421,184.347,112.809],"palmVelocity":[-572.256,129.2,-37.5568],"r":[[1,0,0],[0,1,0],[0,0,1]],"s":1,"sphereCenter":[16.7565,190.283,109.052],"sphereRadius":51.5015,"t":[-34.6482,-8.67346,-27.9087]}],"id":306488,"pointables":[],"r":[[0.00127148,0.437641,-0.899149],[-0.587415,0.727996,0.353505],[0.809285,0.527724,0.258002]],"s":1098.67,"t":[-1142.19,-17601.5,4968.19],"timestamp":46702050426},
{"hands":[{"direction":[-0.0196893,0.715432,-0.68233],"id":1,"palmNormal":[-0.430982,-0.644136,-0.623367],"palmPosition":[-0.104028,186.024,112.722],"palmVelocity":[-584.832,183.021,-9.58018],"r":[[1,0,0],[0,1,0],[0,0,1]],"s":1,"sphereCenter":[12.2778,191.5,108.137],"sphereRadius":51.4849,"t":[-39.3505,-8.27413,-28.8274]}],"id":306490,"pointables":[],"r":[[0.00127148,0.437641,-0.899149],[-0.587415,0.727996,0.353505],[0.809285,0.527724,0.258002]],"s":1098.67,"t":[-1146.9,-17601.1,4967.22],"timestamp":46702059588},
{"hands":[{"direction":[-0.0386451,0.710036,-0.687495],"id":1,"palmNormal":[-0.427571,-0.655475,-0.614602],"palmPosition":[-5.03986,187.901,113.41],"palmVelocity":[-520.767,197.955,72.6551],"r":[[1,0,0],[0,1,0],[0,0,1]],"s":1,"sphereCenter":[7.59812,192.807,107.461],"sphereRadius":51.6221,"t":[-44.0994,-7.57941,-29.4247]}],"id":306492,"pointables":[],"r":[[0.00127148,0.437641,-0.899149],[-0.587415,0.727996,0.353505],[0.809285,0.527724,0.258002]],"s":1098.67,"t":[-1151.65,-17600.4,4966.59],"timestamp":46702069066},
{"hands":[{"direction":[-0.0572732,0.705852,-0.690993],"id":1,"palmNormal":[-0.426812,-0.66442,-0.606385],"palmPosition":[-10.1261,190.741,114.011],"palmVelocity":[-542.069,302.739,64.0805],"r":[[1,0,0],[0,1,0],[0,0,1]],"s":1,"sphereCenter":[3.10091,195.587,107.311],"sphereRadius":51.5497,"t":[-48.9159,-6.45552,-29.7822]}],"id":306494,"pointables":[],"r":[[0.00127148,0.437641,-0.899149],[-0.587415,0.727996,0.353505],[0.809285,0.527724,0.258002]],"s":1098.67,"t":[-1156.47,-17599.3,4966.21],"timestamp":46702078449},
{"hands":[{"direction":[-0.0758455,0.701157,-0.694415],"id":1,"palmNormal":[-0.424353,-0.673923,-0.598304],"palmPosition":[-14.9776,194.355,114.801],"palmVelocity":[-522.681,389.386,85.0843],"r":[[1,0,0],[0,1,0],[0,0,1]],"s":1,"sphereCenter":[-2.12611,197.436,106.413],"sphereRadius":51.406,"t":[-53.7393,-4.83355,-29.9103]}],"id":306496,"pointables":[],"r":[[0.00127148,0.437641,-0.899149],[-0.587415,0.727996,0.353505],[0.809285,0.527724,0.258002]],"s":1098.67,"t":[-1161.3,-17597.6,4966.06],"timestamp":46702087731},
{"hands":[{"direction":[-0.0931986,0.696873,-0.697235],"id":1,"palmNormal":[-0.422264,-0.682296,-0.591003],"palmPosition":[-18.876,197.362,117.026],"palmVelocity":[-412.654,318.3,235.492],"r":[[1,0,0],[0,1,0],[0,0,1]],"s":1,"sphereCenter":[-6.56794,199.978,107.948],"sphereRadius":51.4733,"t":[-58.3777,-2.93458,-29.5679]}],"id":306498,"pointables":[],"r":[[0.00127148,0.437641,-0.899149],[-0.587415,0.727996,0.353505],[0.809285,0.527724,0.258002]],"s":1098.67,"t":[-1165.94,-17595.7,4966.38],"timestamp":46702097178},
{"hands":[{"direction":[-0.110982,0.694266,-0.697812],"id":1,"palmNormal":[-0.421315,-0.688474,-0.585343],"palmPosition":[-23.2994,202.371,118.554],"palmVelocity":[-490.562,555.441,169.422],"r":[[1,0,0],[0,1,0],[0,0,1]],"s":1,"sphereCenter":[-11.8548,202.382,107.862],"sphereRadius":51.4264,"t":[-62.9732,-0.413715,-28.9883]}],"id":306500,"pointables":[],"r":[[0.00127148,0.437641,-0.899149],[-0.587415,0.727996,0.353505],[0.809285,0.527724,0.258002]],"s":1098.67,"t":[-1170.54,-17593.2,4966.94],"timestamp":46702106195},
{"hands":[{"direction":[-0.12448,0.692806,-0.698108],"id":1,"palmNormal":[-0.413622,-0.693527,-0.585533],"palmPosition":[-26.768,206.283,121.593],"palmVelocity":[-360.457,406.53,315.866],"r":[[1,0,0],[0,1,0],[0,0,1]],"s":1,"sphereCenter":[-16.0969,205.889,109.852],"sphereRadius":51.1304,"t":[-67.3432,2.38538,-27.9168]}],"id":306502,"pointables":[],"r":[[0.00127148,0.437641,-0.899149],[-0.587415,0.727996,0.353505],[0.809285,0.527724,0.258002]],"s":1098.67,"t":[-1174.91,-17590.4,4968],"timestamp":46702115818},
{"hands":[{"direction":[-0.136911,0.68948,-0.700119],"id":1,"palmNormal":[-0.405132,-0.700487,-0.583607],"palmPosition":[-30.3701,211.574,124.45],"palmVelocity":[-391.107,574.525,310.169],"r":[[1,0,0],[0,1,0],[0,0,1]],"s":1,"sphereCenter":[-20.9459,208.427,110.205],"sphereRadius":51.042,"t":[-71.5597,5.68293,-26.4883]}],"id":306504,"pointables":[],"r":[[0.00127148,0.437641,-0.899149],[-0.587415,0.727996,0.353505],[0.809285,0.527724,0.258002]],"s":1098.67,"t":[-1179.13,-17587.1,4969.42],"timestamp":46702125028},
{"hands":[{"direction":[-0.15147,0.689341,-0.697975],"id":1,"palmNormal":[-0.397585,-0.703725,-0.585446],"palmPosition":[-32.5919,215.936,129.051],"palmVelocity":[-234.317,460.041,485.294],"r":[[1,0,0],[0,1,0],[0,0,1]],"s":1,"sphereCenter":[-24.5814,212.921,113.958],"sphereRadius":50.9649,"t":[-75.3772,9.19339,-24.4251]}],"id":306506,"pointables":[],"r":[[0.00127148,0.437641,-0.899149],[-0.587415,0.727996,0.353505],[0.809285,0.527724,0.258002]],"s":1098.67,"t":[-1182.95,-17583.6,4971.48],"timestamp":46702134510},
{"hands":[{"direction":[-0.166618,0.691248,-0.693096],"id":1,"palmNormal":[-0.384823,-0.704783,-0.592634],"palmPosition":[-35.2228,221.746,133.245],"palmVelocity":[-289.166,638.55,460.923],"r":[[1,0,0],[0,1,0],[0,0,1]],"s":1,"sphereCenter":[-28.3344,217.883,117.32],"sphereRadius":51.0388,"t":[-78.9574,13.1637,-21.9359]}],"id":306508,"pointables":[],"r":[[0.00127148,0.437641,-0.899149],[-0.587415,0.727996,0.353505],[0.809285,0.527724,0.258002]],"s":1098.67,"t":[-1186.53,-17579.7,4973.96],"timestamp":46702143608},
{"hands":[{"direction":[-0.181337,0.695369,-0.685539],"id":1,"palmNormal":[-0.376694,-0.702297,-0.600997],"palmPosition":[-37.5956,228.134,137.813],"palmVelocity":[-246.835,664.554,475.187],"r":[[1,0,0],[0,1,0],[0,0,1]],"s":1,"sphereCenter":[-31.4995,223.383,121.436],"sphereRadius":50.6181,"t":[-82.2962,17.6176,-19.0309]}],"id":306510,"pointables":[],"r":[[0.00127148,0.437641,-0.899149],[-0.587415,0.727996,0.353505],[0.809285,0.527724,0.258002]],"s":1098.67,"t":[-1189.87,-17575.2,4976.86],"timestamp":46702153221},
{"hands":[{"direction":[-0.194478,0.700528,-0.676999],"id":1,"palmNormal":[-0.367267,-0.698151,-0.611558],"palmPosition":[-38.9143,233.464,144.053],"palmVelocity":[-141.339,571.203,668.843],"r":[[1,0,0],[0,1,0],[0,0,1]],"s":1,"sphereCenter":[-33.9424,229.284,127.542],"sphereRadius":50.716,"t":[-85.2309,22.2465,-15.4589]}],"id":306512,"pointables":[],"r":[[0.00127148,0.437641,-0.899149],[-0.587415,0.727996,0.353505],[0.809285,0.527724,0.258002]],"s":1098.67,"t":[-1192.8,-17570.6,4980.43],"timestamp":46702162551},
{"hands":[{"direction":[-0.207155,0.706671,-0.66702],"id":1,"palmNormal":[-0.356474,-0.69234,-0.62417],"palmPosition":[-40.0855,238.144,150.615],"palmVelocity":[-124.713,498.407,698.746],"r":[[1,0,0],[0,1,0],[0,0,1]],"s":1,"sphereCenter":[-36.5291,234.216,131.691],"sphereRadius":50.636,"t":[-87.8129,26.8858,-11.2889]}],"id":306514,"pointables":[],"r":[[0.00127148,0.437641,-0.899149],[-0.587415,0.727996,0.353505],[0.809285,0.527724,0.258002]],"s":1098.67,"t":[-1195.39,-17565.9,4984.6],"timestamp":46702171942},
{"hands":[{"direction":[-0.220198,0.715159,-0.653364],"id":1,"palmNormal":[-0.358485,-0.682358,-0.634083],"palmPosition":[-41.9786,246.432,155.596],"palmVelocity":[-202.059,884.572,531.674],"r":[[1,0,0],[0,1,0],[0,0,1]],"s":1,"sphereCenter":[-39.0185,240.383,137.035],"sphereRadius":50.5391,"t":[-90.2571,32.2548,-6.95661]}],"id":306516,"pointables":[],"r":[[0.00127148,0.437641,-0.899149],[-0.587415,0.727996,0.353505],[0.809285,0.527724,0.258002]],"s":1098.67,"t":[-1197.83,-17560.6,4988.93],"timestamp":46702181311},
{"hands":[{"direction":[-0.230001,0.724059,-0.640171],"id":1,"palmNormal":[-0.342951,-0.671387,-0.652876],"palmPosition":[-42.5079,251.572,162.211],"palmVelocity":[-57.6738,560.056,720.647],"r":[[1,0,0],[0,1,0],[0,0,1]],"s":1,"sphereCenter":[-40.254,248.022,143.797],"sphereRadius":50.6288,"t":[-92.3184,37.5781,-2.16784]}],"id":306518,"pointables":[],"r":[[0.00127148,0.437641,-0.899149],[-0.587415,0.727996,0.353505],[0.809285,0.527724,0.258002]],"s":1098.67,"t":[-1199.89,-17555.2,4993.72],"timestamp":46702190490},
{"hands":[{"direction":[-0.238348,0.733804,-0.625932],"id":1,"palmNormal":[-0.342132,-0.65906,-0.665875],"palmPosition":[-43.1168,257.151,168.732],"palmVelocity":[-64.086,587.259,686.434],"r":[[1,0,0],[0,1,0],[0,0,1]],"s":1,"sphereCenter":[-41.5428,253.751,149.322],"sphereRadius":50.21,"t":[-94.0892,42.9525,2.96741]}],"id":306520,"pointables":[],"r":[[0.00127148,0.437641,-0.899149],[-0.587415,0.727996,0.353505],[0.809285,0.527724,0.258002]],"s":1098.67,"t":[-1201.66,-17549.9,4998.85],"timestamp":46702199990},
{"hands":[{"direction":[-0.240705,0.74426,-0.613012],"id":1,"palmNormal":[-0.325456,-0.64496,-0.686454],"palmPosition":[-43.3208,262.168,174.52],"palmVelocity":[-21.9983,540.831,624.068],"r":[[1,0,0],[0,1,0],[0,0,1]],"s":1,"sphereCenter":[-41.1977,262.923,159.852],"sphereRadius":52.4176,"t":[-95.5466,48.2553,8.23325]}],"id":306522,"pointables":[],"r":[[0.00127148,0.437641,-0.899149],[-0.587415,0.727996,0.353505],[0.809285,0.527724,0.258002]],"s":1098.67,"t":[-1203.12,-17544.6,5004.11],"timestamp":46702209265},
{"hands":[{"direction":[-0.25077,0.752134,-0.599354],"id":1,"palmNormal":[-0.313977,-0.635093,-0.701029],"palmPosition":[-43.4222,267.9,178.819],"palmVelocity":[-11.1948,633.027,474.655],"r":[[1,0,0],[0,1,0],[0,0,1]],"s":1,"sphereCenter":[-40.7194,272.398,169.684],"sphereRadius":54.0495,"t":[-96.7328,53.6441,13.3056]}],"id":306524,"pointables":[],"r":[[0.00127148,0.437641,-0.899149],[-0.587415,0.727996,0.353505],[0.809285,0.527724,0.258002]],"s":1098.67,"t":[-1204.31,-17539.2,5009.18],"timestamp":46702218321},
{"hands":[{"direction":[-0.2548,0.75967,-0.58893],"id":1,"palmNormal":[-0.285227,-0.624569,-0.720691],"palmPosition":[-42.2093,269.381,184.782],"palmVelocity":[119.227,145.513,586.197],"r":[[1,0,0],[0,1,0],[0,0,1]],"s":1,"sphereCenter":[-38.8812,281.639,183.831],"sphereRadius":59.3043,"t":[-97.4392,58.2512,18.5562]}],"id":306526,"pointables":[],"r":[[0.00127148,0.437641,-0.899149],[-0.587415,0.727996,0.353505],[0.809285,0.527724,0.258002]],"s":1098.67,"t":[-1205.01,-17534.6,5014.43],"timestamp":46702228494},
{"hands":[{"direction":[-0.251847,0.770397,-0.576477],"id":1,"palmNormal":[-0.279763,-0.609395,-0.736151],"palmPosition":[-40.9427,271.065,191.558],"palmVelocity":[147.463,196.157,788.852],"r":[[1,0,0],[0,1,0],[0,0,1]],"s":1,"sphereCenter":[-36.9701,289.245,193.683],"sphereRadius":61.5466,"t":[-97.751,62.2738,24.1117]}],"id":306528,"pointables":[],"r":[[0.00127148,0.437641,-0.899149],[-0.587415,0.727996,0.353505],[0.809285,0.527724,0.258002]],"s":1098.67,"t":[-1205.32,-17530.5,5019.99],"timestamp":46702237083},
{"hands":[{"direction":[-0.255506,0.776444,-0.567666],"id":1,"palmNormal":[-0.280113,-0.603947,-0.741781],"palmPosition":[-39.0504,271.945,197.949],"palmVelocity":[200.116,93.0255,675.85],"r":[[1,0,0],[0,1,0],[0,0,1]],"s":1,"sphereCenter":[-33.225,294.678,205.175],"sphereRadius":64.348,"t":[-97.622,65.6678,29.8343]}],"id":306530,"pointables":[],"r":[[0.00127148,0.437641,-0.899149],[-0.587415,0.727996,0.353505],[0.809285,0.527724,0.258002]],"s":1098.67,"t":[-1205.2,-17527.2,5025.71],"timestamp":46702246539},
{"hands":[{"direction":[-0.259126,0.786096,-0.552459],"id":1,"palmNormal":[-0.281547,-0.589158,-0.753429],"palmPosition":[-37.361,275.332,203.359],"palmVelocity":[176.458,353.732,565.09],"r":[[1,0,0],[0,1,0],[0,0,1]],"s":1,"sphereCenter":[-32.6247,298.893,208.119],"sphereRadius":61.0487,"t":[-97.1809,69.0603,35.4945]}],"id":306532,"pointables":[],"r":[[0.00127148,0.437641,-0.899149],[-0.587415,0.727996,0.353505],[0.809285,0.527724,0.258002]],"s":1098.67,"t":[-1204.75,-17523.8,5031.37],"timestamp":46702256113},
{"hands":[{"direction":[-0.26316,0.793046,-0.541103],"id":1,"palmNormal":[-0.267008,-0.578885,-0.766608],"palmPosition":[-34.6742,275.399,208.871],"palmVelocity":[297.607,7.45213,610.549],"r":[[1,0,0],[0,1,0],[0,0,1]],"s":1,"sphereCenter":[-29.6944,300.507,216.764],"sphereRadius":61.5808,"t":[-96.2906,71.7878,41.125]}],"id":306534,"pointables":[],"r":[[0.00127148,0.437641,-0.899149],[-0.587415,0.727996,0.353505],[0.809285,0.527724,0.258002]],"s":1098.67,"t":[-1203.86,-17521,5037],"timestamp":46702265141},
{"hands":[{"direction":[-0.263937,0.803681,-0.524404],"id":1,"palmNormal":[-0.254902,-0.55901,-0.784612],"palmPosition":[-32.4356,280.048,212.269],"palmVelocity":[236.094,490.354,358.425],"r":[[1,0,0],[0,1,0],[0,0,1]],"s":1,"sphereCenter":[-26.6082,303.788,225.903],"sphereRadius":63.3099,"t":[-95.1307,74.8997,46.3091]}],"id":306536,"pointables":[],"r":[[0.00127148,0.437641,-0.899149],[-0.587415,0.727996,0.353505],[0.809285,0.527724,0.258002]],"s":1098.67,"t":[-1202.7,-17517.9,5042.19],"timestamp":46702274623},
