[
{"hands":[],"id":278074,"pointables":[],"r":[[-0.869982,-0.163488,0.465191],[0.112707,0.852523,0.510394],[-0.480029,0.496464,-0.723253]],"s":1082.05,"t":[-3120.98,-16390.8,3506.83],"timestamp":46561735454},
{"hands":[],"id":278076,"pointables":[],"r":[[-0.869982,-0.163488,0.465191],[0.112707,0.852523,0.510394],[-0.480029,0.496464,-0.723253]],"s":1082.05,"t":[-3120.98,-16390.8,3506.83],"timestamp":46561744678},
{"hands":[],"id":278078,"pointables":[],"r":[[-0.869982,-0.163488,0.465191],[0.112707,0.852523,0.510394],[-0.480029,0.496464,-0.723253]],"s":1082.05,"t":[-3120.98,-16390.8,3506.83],"timestamp":46561754045},
{"hands":[],"id":278080,"pointables":[],"r":[[-0.869982,-0.163488,0.465191],[0.112707,0.852523,0.510394],[-0.480029,0.496464,-0.723253]],"s":1082.05,"t":[-3120.98,-16390.8,3506.83],"timestamp":46561763432},
{"hands":[],"id":278082,"pointables":[],"r":[[-0.869982,-0.163488,0.465191],[0.112707,0.852523,0.510394],[-0.480029,0.496464,-0.723253]],"s":1082.05,"t":[-3120.98,-16390.8,3506.83],"timestamp":46561772785},
{"hands":[],"id":278084,"pointables":[],"r":[[-0.869982,-0.163488,0.465191],[0.112707,0.852523,0.510394],[-0.480029,0.496464,-0.723253]],"s":1082.05,"t":[-3120.98,-16390.8,3506.83],"timestamp":46561782225},
{"hands":[],"id":278086,"pointables":[],"r":[[-0.869982,-0.163488,0.465191],[0.112707,0.852523,0.510394],[-0.480029,0.496464,-0.723253]],"s":1082.05,"t":[-3120.98,-16390.8,3506.83],"timestamp":46561791265},
{"hands":[],"id":278088,"pointables":[],"r":[[-0.869982,-0.163488,0.465191],[0.112707,0.852523,0.510394],[-0.480029,0.496464,-0.723253]],"s":1082.05,"t":[-3120.98,-16390.8,3506.83],"timestamp":46561800752},
{"hands":[],"id":278090,"pointables":[],"r":[[-0.869982,-0.163488,0.465191],[0.112707,0.852523,0.510394],[-0.480029,0.496464,-0.723253]],"s":1082.05,"t":[-3120.98,-16390.8,3506.83],"timestamp":46561810175},
{"hands":[],"id":278092,"pointables":[],"r":[[-0.869982,-0.163488,0.465191],[0.112707,0.852523,0.510394],[-0.480029,0.496464,-0.723253]],"s":1082.05,"t":[-3120.98,-16390.8,3506.83],"timestamp":46561819369},
{"hands":[],"id":278094,"pointables":[],"r":[[-0.869982,-0.163488,0.465191],[0.112707,0.852523,0.510394],[-0.480029,0.496464,-0.723253]],"s":1082.05,"t":[-3120.98,-16390.8,3506.83],"timestamp":46561828597},
{"hands":[],"id":278096,"pointables":[],"r":[[-0.869982,-0.163488,0.465191],[0.112707,0.852523,0.510394],[-0.480029,0.496464,-0.723253]],"s":1082.05,"t":[-3120.98,-16390.8,3506.83],"timestamp":46561838184},
{"hands":[],"id":278098,"pointables":[],"r":[[-0.869982,-0.163488,0.465191],[0.112707,0.852523,0.510394],[-0.480029,0.496464,-0.723253]],"s":1082.05,"t":[-3120.98,-16390.8,3506.83],"timestamp":46561847574},
{"hands":[],"id":278100,"pointables":[],"r":[[-0.869982,-0.163488,0.465191],[0.112707,0.852523,0.510394],[-0.480029,0.496464,-0.723253]],"s":1082.05,"t":[-3120.98,-16390.8,3506.83],"timestamp":46561856793},
{"hands":[],"id":278102,"pointables":[],"r":[[-0.869982,-0.163488,0.465191],[0.112707,0.852523,0.510394],[-0.480029,0.496464,-0.723253]],"s":1082.05,"t":[-3120.98,-16390.8,3506.83],"timestamp":46561866126},
{"hands":[],"id":278104,"pointables":[],"r":[[-0.869982,-0.163488,0.465191],[0.112707,0.852523,0.510394],[-0.480029,0.496464,-0.723253]],"s":1082.05,"t":[-3120.98,-16390.8,3506.83],"timestamp":46561875573},
{"hands":[],"id":278106,"pointables":[],"r":[[-0.869982,-0.163488,0.465191],[0.112707,0.852523,0.510394],[-0.480029,0.496464,-0.723253]],"s":1082.05,"t":[-3120.98,-16390.8,3506.83],"timestamp":46561884936},
{"hands":[],"id":278108,"pointables":[],"r":[[-0.869982,-0.163488,0.465191],[0.112707,0.852523,0.510394],[-0.480029,0.496464,-0.723253]],"s":1082.05,"t":[-3120.98,-16390.8,3506.83],"timestamp":46561894146},
{"hands":[],"id":278110,"pointables":[],"r":[[-0.869982,-0.163488,0.465191],[0.112707,0.852523,0.510394],[-0.480029,0.496464,-0.723253]],"s":1082.05,"t":[-3120.98,-16390.8,3506.83],"timestamp":46561903688},
{"hands":[],"id":278112,"pointables":[],"r":[[-0.869982,-0.163488,0.465191],[0.112707,0.852523,0.510394],[-0.480029,0.496464,-0.723253]],"s":1082.05,"t":[-3120.98,-16390.8,3506.83],"timestamp":46561912739},
{"hands":[],"id":278114,"pointables":[],"r":[[-0.869982,-0.163488,0.465191],[0.112707,0.852523,0.510394],[-0.480029,0.496464,-0.723253]],"s":1082.05,"t":[-3120.98,-16390.8,3506.83],"timestamp":46561922133},
{"hands":[],"id":278116,"pointables":[{"direction":[-0.605143,0.288302,-0.742081],"handId":1,"id":4,"length":60.7153,"tipPosition":[36.0578,198.718,188.844],"tipVelocity":[-17.3462,37.1997,44.9464],"tool":false}],"r":[[-0.869982,-0.163488,0.465191],[0.112707,0.852523,0.510394],[-0.480029,0.496464,-0.723253]],"s":1082.05,"t":[-3121.06,-16390.7,3507.04],"timestamp":46561931707},
{"hands":[],"id":278118,"pointables":[{"direction":[-0.60816,0.328526,-0.722643],"handId":1,"id":4,"length":61.2015,"tipPosition":[35.9677,199.198,189.463],"tipVelocity":[-9.83918,52.3658,67.5191],"tool":false}],"r":[[-0.869982,-0.163488,0.465191],[0.112707,0.852523,0.510394],[-0.480029,0.496464,-0.723253]],"s":1082.05,"t":[-3121.15,-16390.3,3507.46],"timestamp":46561940866},
{"hands":[],"id":278120,"pointables":[{"direction":[-0.608399,0.37599,-0.698915],"handId":1,"id":4,"length":62.0493,"tipPosition":[35.7626,199.525,189.828],"tipVelocity":[-21.7056,34.6386,38.6956],"tool":false}],"r":[[-0.869982,-0.163488,0.465191],[0.112707,0.852523,0.510394],[-0.480029,0.496464,-0.723253]],"s":1082.05,"t":[-3121.3,-16390,3507.85],"timestamp":46561950314},
{"hands":[],"id":278122,"pointables":[{"direction":[-0.609279,0.394578,-0.687814],"handId":1,"id":4,"length":63.9907,"tipPosition":[35.7067,200.01,190.626],"tipVelocity":[-6.02642,52.3599,86.0679],"tool":false}],"r":[[-0.869982,-0.163488,0.465191],[0.112707,0.852523,0.510394],[-0.480029,0.496464,-0.723253]],"s":1082.05,"t":[-3121.4,-16389.6,3508.45],"timestamp":46561959585},
{"hands":[],"id":278124,"pointables":[{"direction":[-0.60872,0.420767,-0.672618],"handId":1,"id":4,"length":62.8208,"tipPosition":[35.5452,200.505,191.233],"tipVelocity":[-17.0526,52.1862,64.0466],"tool":false}],"r":[[-0.869982,-0.163488,0.465191],[0.112707,0.852523,0.510394],[-0.480029,0.496464,-0.723253]],"s":1082.05,"t":[-3121.53,-16389.1,3509.05],"timestamp":46561969058},
{"hands":[],"id":278126,"pointables":[{"direction":[-0.609356,0.426343,-0.668518],"handId":1,"id":4,"length":61.6289,"tipPosition":[35.3312,200.909,191.731],"tipVelocity":[-23.3695,44.2061,54.391],"tool":false}],"r":[[-0.869982,-0.163488,0.465191],[0.112707,0.852523,0.510394],[-0.480029,0.496464,-0.723253]],"s":1082.05,"t":[-3121.7,-16388.7,3509.6],"timestamp":46561978214},
{"hands":[],"id":278128,"pointables":[{"direction":[-0.612137,0.39758,-0.683534],"handId":1,"id":4,"length":61.0347,"tipPosition":[35.0543,201.256,192.092],"tipVelocity":[-29.2459,36.6195,38.0857],"tool":false}],"r":[[-0.869982,-0.163488,0.465191],[0.112707,0.852523,0.510394],[-0.480029,0.496464,-0.723253]],"s":1082.05,"t":[-3121.93,-16388.3,3510.05],"timestamp":46561987681},
{"hands":[],"id":278130,"pointables":[{"direction":[-0.612778,0.394966,-0.684474],"handId":1,"id":4,"length":61.8378,"tipPosition":[34.7651,201.594,192.432],"tipVelocity":[-31.0207,36.2759,36.476],"tool":false}],"r":[[-0.869982,-0.163488,0.465191],[0.112707,0.852523,0.510394],[-0.480029,0.496464,-0.723253]],"s":1082.05,"t":[-3122.18,-16388,3510.45],"timestamp":46561997004},
{"hands":[],"id":278132,"pointables":[{"direction":[-0.612582,0.420207,-0.669455],"handId":1,"id":4,"length":61.2946,"tipPosition":[34.5174,202.067,192.97],"tipVelocity":[-26.2525,50.0456,57.051],"tool":false}],"r":[[-0.869982,-0.163488,0.465191],[0.112707,0.852523,0.510394],[-0.480029,0.496464,-0.723253]],"s":1082.05,"t":[-3122.43,-16387.6,3510.92],"timestamp":46562006441},
{"hands":[],"id":278134,"pointables":[{"direction":[-0.615035,0.385921,-0.687602],"handId":1,"id":4,"length":60.8594,"tipPosition":[34.0725,202.523,193.14],"tipVelocity":[-47.4492,48.7221,18.1323],"tool":false}],"r":[[-0.869982,-0.163488,0.465191],[0.112707,0.852523,0.510394],[-0.480029,0.496464,-0.723253]],"s":1082.05,"t":[-3122.78,-16387.1,3511.24],"timestamp":46562015817},
{"hands":[],"id":278136,"pointables":[{"direction":[-0.615113,0.391022,-0.684644],"handId":1,"id":4,"length":60.6844,"tipPosition":[33.8164,202.859,193.506],"tipVelocity":[-28.2429,37.0444,40.3316],"tool":false}],"r":[[-0.869982,-0.163488,0.465191],[0.112707,0.852523,0.510394],[-0.480029,0.496464,-0.723253]],"s":1082.05,"t":[-3123.09,-16386.7,3511.58],"timestamp":46562024887},
{"hands":[],"id":278138,"pointables":[{"direction":[-0.615082,0.402133,-0.678205],"handId":1,"id":4,"length":63.6245,"tipPosition":[33.4122,203.236,193.645],"tipVelocity":[-42.8015,39.8721,14.7148],"tool":false}],"r":[[-0.869982,-0.163488,0.465191],[0.112707,0.852523,0.510394],[-0.480029,0.496464,-0.723253]],"s":1082.05,"t":[-3123.44,-16386.3,3511.82],"timestamp":46562034329},
{"hands":[],"id":278140,"pointables":[{"direction":[-0.615221,0.392842,-0.683505],"handId":1,"id":4,"length":66.3662,"tipPosition":[33.193,203.594,194.053],"tipVelocity":[-23.3758,38.2038,43.5509],"tool":false}],"r":[[-0.869982,-0.163488,0.465191],[0.112707,0.852523,0.510394],[-0.480029,0.496464,-0.723253]],"s":1082.05,"t":[-3123.73,-16386,3512.14],"timestamp":46562043709},
{"hands":[],"id":278142,"pointables":[{"direction":[-0.616898,0.362569,-0.698556],"handId":1,"id":4,"length":65.6414,"tipPosition":[33.0671,204.125,194.761],"tipVelocity":[-13.6235,57.4393,76.5865],"tool":false}],"r":[[-0.869982,-0.163488,0.465191],[0.112707,0.852523,0.510394],[-0.480029,0.496464,-0.723253]],"s":1082.05,"t":[-3123.93,-16385.5,3512.66],"timestamp":46562052948},
{"hands":[],"id":278144,"pointables":[{"direction":[-0.617799,0.331519,-0.713035],"handId":1,"id":4,"length":66.549,"tipPosition":[32.7571,204.564,195.051],"tipVelocity":[-33.3452,47.2413,31.1758],"tool":false}],"r":[[-0.869982,-0.163488,0.465191],[0.112707,0.852523,0.510394],[-0.480029,0.496464,-0.723253]],"s":1082.05,"t":[-3124.19,-16385.1,3513.06],"timestamp":46562062243},
{"hands":[],"id":278146,"pointables":[{"direction":[-0.617415,0.329392,-0.714353],"handId":1,"id":4,"length":65.7487,"tipPosition":[32.6859,204.95,195.676],"tipVelocity":[-7.44249,40.3681,65.3857],"tool":false}],"r":[[-0.869982,-0.163488,0.465191],[0.112707,0.852523,0.510394],[-0.480029,0.496464,-0.723253]],"s":1082.05,"t":[-3124.35,-16384.7,3513.58],"timestamp":46562071810},
{"hands":[],"id":278148,"pointables":[{"direction":[-0.618395,0.329012,-0.71368],"handId":1,"id":4,"length":66.5385,"tipPosition":[32.5197,205.255,196.125],"tipVelocity":[-17.6951,32.4337,47.7931],"tool":false}],"r":[[-0.869982,-0.163488,0.465191],[0.112707,0.852523,0.510394],[-0.480029,0.496464,-0.723253]],"s":1082.05,"t":[-3124.52,-16384.3,3514.06],"timestamp":46562081205},
{"hands":[],"id":278150,"pointables":[{"direction":[-0.618788,0.334434,-0.710813],"handId":1,"id":4,"length":67.303,"tipPosition":[32.3235,205.646,196.454],"tipVelocity":[-21.2976,42.4884,35.6721],"tool":false}],"r":[[-0.869982,-0.163488,0.465191],[0.112707,0.852523,0.510394],[-0.480029,0.496464,-0.723253]],"s":1082.05,"t":[-3124.7,-16383.9,3514.46],"timestamp":46562090415},
{"hands":[],"id":278152,"pointables":[{"direction":[-0.620094,0.35209,-0.701082],"handId":1,"id":4,"length":68.8113,"tipPosition":[32.2673,205.969,197],"tipVelocity":[-5.99328,34.3915,58.1568],"tool":false}],"r":[[-0.869982,-0.163488,0.465191],[0.112707,0.852523,0.510394],[-0.480029,0.496464,-0.723253]],"s":1082.05,"t":[-3124.82,-16383.6,3514.94],"timestamp":46562099804},
{"hands":[],"id":278154,"pointables":[{"direction":[-0.620683,0.356471,-0.698342],"handId":1,"id":4,"length":70.4492,"tipPosition":[32.1992,206.233,197.445],"tipVelocity":[-7.41982,28.792,48.5676],"tool":false}],"r":[[-0.869982,-0.163488,0.465191],[0.112707,0.852523,0.510394],[-0.480029,0.496464,-0.723253]],"s":1082.05,"t":[-3124.91,-16383.3,3515.4],"timestamp":46562108977},
{"hands":[],"id":278156,"pointables":[{"direction":[-0.62197,0.355043,-0.697923],"handId":1,"id":4,"length":71.1709,"tipPosition":[32.0475,206.402,197.638],"tipVelocity":[-15.9905,17.7961,20.266],"tool":false}],"r":[[-0.869982,-0.163488,0.465191],[0.112707,0.852523,0.510394],[-0.480029,0.496464,-0.723253]],"s":1082.05,"t":[-3125.03,-16383,3515.73],"timestamp":46562118466},
{"hands":[],"id":278158,"pointables":[{"direction":[-0.624084,0.369714,-0.688353],"handId":1,"id":4,"length":71.4741,"tipPosition":[32.1013,206.642,198.197],"tipVelocity":[5.77334,25.7648,60.0032],"tool":false}],"r":[[-0.869982,-0.163488,0.465191],[0.112707,0.852523,0.510394],[-0.480029,0.496464,-0.723253]],"s":1082.05,"t":[-3125.07,-16382.8,3516.17],"timestamp":46562127794},
{"hands":[],"id":278160,"pointables":[{"direction":[-0.625103,0.381564,-0.680922],"handId":1,"id":4,"length":73.2895,"tipPosition":[32.1416,206.957,198.7],"tipVelocity":[4.32636,33.8463,54.034],"tool":false}],"r":[[-0.869982,-0.163488,0.465191],[0.112707,0.852523,0.510394],[-0.480029,0.496464,-0.723253]],"s":1082.05,"t":[-3125.07,-16382.5,3516.64],"timestamp":46562137102},
{"hands":[],"id":278162,"pointables":[{"direction":[-0.626117,0.390053,-0.675157],"handId":1,"id":4,"length":72.3422,"tipPosition":[32.1303,207.209,199.028],"tipVelocity":[-1.2282,27.2661,35.4333],"tool":false}],"r":[[-0.869982,-0.163488,0.465191],[0.112707,0.852523,0.510394],[-0.480029,0.496464,-0.723253]],"s":1082.05,"t":[-3125.07,-16382.3,3517.04],"timestamp":46562146338},
{"hands":[],"id":278164,"pointables":[{"direction":[-0.628464,0.391996,-0.671843],"handId":1,"id":4,"length":72.7849,"tipPosition":[32.1345,207.434,199.33],"tipVelocity":[0.446085,23.4309,31.5408],"tool":false}],"r":[[-0.869982,-0.163488,0.465191],[0.112707,0.852523,0.510394],[-0.480029,0.496464,-0.723253]],"s":1082.05,"t":[-3125.07,-16382,3517.39],"timestamp":46562155938},
{"hands":[],"id":278166,"pointables":[{"direction":[-0.630476,0.409666,-0.659298],"handId":1,"id":4,"length":72.9298,"tipPosition":[32.3047,207.815,199.977],"tipVelocity":[18.031,40.3208,68.4952],"tool":false}],"r":[[-0.869982,-0.163488,0.465191],[0.112707,0.852523,0.510394],[-0.480029,0.496464,-0.723253]],"s":1082.05,"t":[-3124.99,-16381.7,3517.89],"timestamp":46562165377},
{"hands":[],"id":278168,"pointables":[{"direction":[-0.632614,0.404765,-0.660277],"handId":1,"id":4,"length":72.8289,"tipPosition":[32.4893,207.978,200.409],"tipVelocity":[20.1185,17.735,47.1431],"tool":false}],"r":[[-0.869982,-0.163488,0.465191],[0.112707,0.852523,0.510394],[-0.480029,0.496464,-0.723253]],"s":1082.05,"t":[-3124.85,-16381.5,3518.36],"timestamp":46562174551},
{"hands":[],"id":278170,"pointables":[{"direction":[-0.633381,0.414834,-0.653255],"handId":1,"id":4,"length":72.5219,"tipPosition":[31.9838,207.27,199.212],"tipVelocity":[-54.1489,-75.751,-128.208],"tool":false}],"r":[[-0.869982,-0.163488,0.465191],[0.112707,0.852523,0.510394],[-0.480029,0.496464,-0.723253]],"s":1082.05,"t":[-3125.04,-16381.7,3517.99],"timestamp":46562183887},
{"hands":[],"id":278172,"pointables":[{"direction":[-0.641903,0.389718,-0.660363],"handId":1,"id":4,"length":70.6771,"tipPosition":[32.5271,207.546,199.922],"tipVelocity":[58.3264,29.5724,76.1545],"tool":false}],"r":[[-0.869982,-0.163488,0.465191],[0.112707,0.852523,0.510394],[-0.480029,0.496464,-0.723253]],"s":1082.05,"t":[-3124.86,-16381.7,3518.16],"timestamp":46562193202},
{"hands":[],"id":278174,"pointables":[{"direction":[-0.646082,0.303445,-0.700356],"handId":1,"id":4,"length":68.7277,"tipPosition":[32.3181,206.913,198.912],"tipVelocity":[-22.0574,-66.7869,-106.595],"tool":false}],"r":[[-0.869982,-0.163488,0.465191],[0.112707,0.852523,0.510394],[-0.480029,0.496464,-0.723253]],"s":1082.05,"t":[-3124.87,-16382,3517.75],"timestamp":46562202675},
{"hands":[],"id":278176,"pointables":[{"direction":[-0.652639,0.124259,-0.747411],"handId":1,"id":4,"length":66.7717,"tipPosition":[32.0591,205.59,197.25],"tipVelocity":[-27.7242,-141.619,-177.889],"tool":false}],"r":[[-0.869982,-0.163488,0.465191],[0.112707,0.852523,0.510394],[-0.480029,0.496464,-0.723253]],"s":1082.05,"t":[-3125.01,-16382.8,3516.71],"timestamp":46562212018},
{"hands":[],"id":278178,"pointables":[{"direction":[-0.633932,-0.0598371,-0.771071],"handId":1,"id":4,"length":63.0149,"tipPosition":[32.5459,205.418,196.884],"tipVelocity":[53.5914,-18.959,-40.243],"tool":false}],"r":[[-0.869982,-0.163488,0.465191],[0.112707,0.852523,0.510394],[-0.480029,0.496464,-0.723253]],"s":1082.05,"t":[-3124.83,-16383.3,3516],"timestamp":46562221101},
{"hands":[],"id":278180,"pointables":[{"direction":[-0.591227,-0.214309,-0.77751],"handId":1,"id":4,"length":59.6882,"tipPosition":[32.9404,204.836,196.126],"tipVelocity":[42.1544,-62.1038,-81.0637],"tool":false}],"r":[[-0.869982,-0.163488,0.465191],[0.112707,0.852523,0.510394],[-0.480029,0.496464,-0.723253]],"s":1082.05,"t":[-3124.55,-16383.8,3515.27],"timestamp":46562230461},
{"hands":[],"id":278182,"pointables":[],"r":[[-0.869982,-0.163488,0.465191],[0.112707,0.852523,0.510394],[-0.480029,0.496464,-0.723253]],"s":1082.05,"t":[-3124.32,-16384.3,3514.69],"timestamp":46562239851},
{"hands":[],"id":278184,"pointables":[],"r":[[-0.869982,-0.163488,0.465191],[0.112707,0.852523,0.510394],[-0.480029,0.496464,-0.723253]],"s":1082.05,"t":[-3124.14,-16384.6,3514.22],"timestamp":46562249434},
{"hands":[],"id":278186,"pointables":[],"r":[[-0.869982,-0.163488,0.465191],[0.112707,0.852523,0.510394],[-0.480029,0.496464,-0.723253]],"s":1082.05,"t":[-3123.99,-16384.9,3513.84],"timestamp":46562258494},
{"hands":[],"id":278188,"pointables":[],"r":[[-0.869982,-0.163488,0.465191],[0.112707,0.852523,0.510394],[-0.480029,0.496464,-0.723253]],"s":1082.05,"t":[-3123.88,-16385.1,3513.55],"timestamp":46562268068},
{"hands":[],"id":278190,"pointables":[],"r":[[-0.869982,-0.163488,0.465191],[0.112707,0.852523,0.510394],[-0.480029,0.496464,-0.723253]],"s":1082.05,"t":[-3123.78,-16385.3,3513.31],"timestamp":46562277429},
{"hands":[],"id":278192,"pointables":[],"r":[[-0.869982,-0.163488,0.465191],[0.112707,0.852523,0.510394],[-0.480029,0.496464,-0.723253]],"s":1082.05,"t":[-3123.71,-16385.4,3513.11],"timestamp":46562286697},
{"hands":[],"id":278194,"pointables":[],"r":[[-0.869982,-0.163488,0.465191],[0.112707,0.852523,0.510394],[-0.480029,0.496464,-0.723253]],"s":1082.05,"t":[-3123.65,-16385.5,3512.96],"timestamp":46562295861},
{"hands":[],"id":278196,"pointables":[],"r":[[-0.869982,-0.163488,0.465191],[0.112707,0.852523,0.510394],[-0.480029,0.496464,-0.723253]],"s":1082.05,"t":[-3123.6,-16385.6,3512.84],"timestamp":46562305436},
{"hands":[],"id":278198,"pointables":[],"r":[[-0.869982,-0.163488,0.465191],[0.112707,0.852523,0.510394],[-0.480029,0.496464,-0.723253]],"s":1082.05,"t":[-3123.56,-16385.7,3512.74],"timestamp":46562314674},
{"hands":[],"id":278200,"pointables":[],"r":[[-0.869982,-0.163488,0.465191],[0.112707,0.852523,0.510394],[-0.480029,0.496464,-0.723253]],"s":1082.05,"t":[-3123.53,-16385.7,3512.66],"timestamp":46562324147},
{"hands":[],"id":278202,"pointables":[],"r":[[-0.869982,-0.163488,0.465191],[0.112707,0.852523,0.510394],[-0.480029,0.496464,-0.723253]],"s":1082.05,"t":[-3123.51,-16385.8,3512.6],"timestamp":46562333236},
{"hands":[],"id":278204,"pointables":[],"r":[[-0.869982,-0.163488,0.465191],[0.112707,0.852523,0.510394],[-0.480029,0.496464,-0.723253]],"s":1082.05,"t":[-3123.49,-16385.8,3512.55],"timestamp":46562342594},
{"hands":[],"id":278206,"pointables":[],"r":[[-0.869982,-0.163488,0.465191],[0.112707,0.852523,0.510394],[-0.480029,0.496464,-0.723253]],"s":1082.05,"t":[-3123.47,-16385.9,3512.51],"timestamp":46562352186},
{"hands":[],"id":278208,"pointables":[],"r":[[-0.869982,-0.163488,0.465191],[0.112707,0.852523,0.510394],[-0.480029,0.496464,-0.723253]],"s":1082.05,"t":[-3123.46,-16385.9,3512.48],"timestamp":46562361509},
{"hands":[],"id":278210,"pointables":[],"r":[[-0.869982,-0.163488,0.465191],[0.112707,0.852523,0.510394],[-0.480029,0.496464,-0.723253]],"s":1082.05,"t":[-3123.45,-16385.9,3512.45],"timestamp":46562370787},
{"hands":[],"id":278212,"pointables":[],"r":[[-0.869982,-0.163488,0.465191],[0.112707,0.852523,0.510394],[-0.480029,0.496464,-0.723253]],"s":1082.05,"t":[-3123.44,-16385.9,3512.43],"timestamp":46562379972},
{"hands":[],"id":278214,"pointables":[],"r":[[-0.869982,-0.163488,0.465191],[0.112707,0.852523,0.510394],[-0.480029,0.496464,-0.723253]],"s":1082.05,"t":[-3123.44,-16385.9,3512.41],"timestamp":46562389556},
{"hands":[],"id":278216,"pointables":[],"r":[[-0.869982,-0.163488,0.465191],[0.112707,0.852523,0.510394],[-0.480029,0.496464,-0.723253]],"s":1082.05,"t":[-3123.43,-16385.9,3512.4],"timestamp":46562398895},
{"hands":[],"id":278218,"pointables":[],"r":[[-0.869982,-0.163488,0.465191],[0.112707,0.852523,0.510394],[-0.480029,0.496464,-0.723253]],"s":1082.05,"t":[-3123.43,-16385.9,3512.39],"timestamp":46562407958},
{"hands":[],"id":278220,"pointables":[],"r":[[-0.869982,-0.163488,0.465191],[0.112707,0.852523,0.510394],[-0.480029,0.496464,-0.723253]],"s":1082.05,"t":[-3123.42,-16386,3512.38],"timestamp":46562417563},
{"hands":[],"id":278222,"pointables":[],"r":[[-0.869982,-0.163488,0.465191],[0.112707,0.852523,0.510394],[-0.480029,0.496464,-0.723253]],"s":1082.05,"t":[-3123.42,-16386,3512.37],"timestamp":46562426938},
{"hands":[],"id":278224,"pointables":[],"r":[[-0.869982,-0.163488,0.465191],[0.112707,0.852523,0.510394],[-0.480029,0.496464,-0.723253]],"s":1082.05,"t":[-3123.42,-16386,3512.37],"timestamp":46562436148},
{"hands":[],"id":278226,"pointables":[],"r":[[-0.869982,-0.163488,0.465191],[0.112707,0.852523,0.510394],[-0.480029,0.496464,-0.723253]],"s":1082.05,"t":[-3123.42,-16386,3512.36],"timestamp":46562445349},
{"hands":[],"id":278228,"pointables":[],"r":[[-0.869982,-0.163488,0.465191],[0.112707,0.852523,0.510394],[-0.480029,0.496464,-0.723253]],"s":1082.05,"t":[-3123.42,-16386,3512.36],"timestamp":46562454839},
{"hands":[],"id":278230,"pointables":[],"r":[[-0.869982,-0.163488,0.465191],[0.112707,0.852523,0.510394],[-0.480029,0.496464,-0.723253]],"s":1082.05,"t":[-3123.41,-16386,3512.36],"timestamp":46562464124},
{"hands":[],"id":278232,"pointables":[],"r":[[-0.869982,-0.163488,0.465191],[0.112707,0.852523,0.510394],[-0.480029,0.496464,-0.723253]],"s":1082.05,"t":[-3123.41,-16386,3512.36],"timestamp":46562473684},
{"hands":[],"id":278234,"pointables":[],"r":[[-0.869982,-0.163488,0.465191],[0.112707,0.852523,0.510394],[-0.480029,0.496464,-0.723253]],"s":1082.05,"t":[-3123.41,-16386,3512.35],"timestamp":46562482909},
{"hands":[],"id":278236,"pointables":[],"r":[[-0.869982,-0.163488,0.465191],[0.112707,0.852523,0.510394],[-0.480029,0.496464,-0.723253]],"s":1082.05,"t":[-3123.41,-16386,3512.35],"timestamp":46562492233},
{"hands":[],"id":278238,"pointables":[],"r":[[-0.869982,-0.163488,0.465191],[0.112707,0.852523,0.510394],[-0.480029,0.496464,-0.723253]],"s":1082.05,"t":[-3123.41,-16386,3512.35],"timestamp":46562501688},
{"hands":[],"id":278240,"pointables":[],"r":[[-0.869982,-0.163488,0.465191],[0.112707,0.852523,0.510394],[-0.480029,0.496464,-0.723253]],"s":1082.05,"t":[-3123.41,-16386,3512.35],"timestamp":46562511052},
{"hands":[],"id":278242,"pointables":[],"r":[[-0.869982,-0.163488,0.465191],[0.112707,0.852523,0.510394],[-0.480029,0.496464,-0.723253]],"s":1082.05,"t":[-3123.41,-16386,3512.35],"timestamp":46562520308},
{"hands":[],"id":278244,"pointables":[],"r":[[-0.869982,-0.163488,0.465191],[0.112707,0.852523,0.510394],[-0.480029,0.496464,-0.723253]],"s":1082.05,"t":[-3123.41,-16386,3512.35],"timestamp":46562529704},
{"hands":[],"id":278246,"pointables":[],"r":[[-0.869982,-0.163488,0.465191],[0.112707,0.852523,0.510394],[-0.480029,0.496464,-0.723253]],"s":1082.05,"t":[-3123.41,-16386,3512.35],"timestamp":46562539063},
{"hands":[],"id":278248,"pointables":[],"r":[[-0.869982,-0.163488,0.465191],[0.112707,0.852523,0.510394],[-0.480029,0.496464,-0.723253]],"s":1082.05,"t":[-3123.41,-16386,3512.35],"timestamp":46562548430},
{"hands":[],"id":278250,"pointables":[],"r":[[-0.869982,-0.163488,0.465191],[0.112707,0.852523,0.510394],[-0.480029,0.496464,-0.723253]],"s":1082.05,"t":[-3123.41,-16386,3512.35],"timestamp":46562557644},
{"hands":[],"id":278252,"pointables":[],"r":[[-0.869982,-0.163488,0.465191],[0.112707,0.852523,0.510394],[-0.480029,0.496464,-0.723253]],"s":1082.05,"t":[-3123.41,-16386,3512.35],"timestamp":46562567053},
{"hands":[],"id":278254,"pointables":[],"r":[[-0.869982,-0.163488,0.465191],[0.112707,0.852523,0.510394],[-0.480029,0.496464,-0.723253]],"s":1082.05,"t":[-3123.41,-16386,3512.35],"timestamp":46562576193},
{"hands":[],"id":278256,"pointables":[],"r":[[-0.869982,-0.163488,0.465191],[0.112707,0.852523,0.510394],[-0.480029,0.496464,-0.723253]],"s":1082.05,"t":[-3123.41,-16386,3512.35],"timestamp":46562585813},
{"hands":[],"id":278258,"pointables":[],"r":[[-0.869982,-0.163488,0.465191],[0.112707,0.852523,0.510394],[-0.480029,0.496464,-0.723253]],"s":1082.05,"t":[-3123.41,-16386,3512.35],"timestamp":46562594824},
{"hands":[],"id":278260,"pointables":[],"r":[[-0.869982,-0.163488,0.465191],[0.112707,0.852523,0.510394],[-0.480029,0.496464,-0.723253]],"s":1082.05,"t":[-3123.41,-16386,3512.35],"timestamp":46562604196},
{"hands":[],"id":278262,"pointables":[],"r":[[-0.869982,-0.163488,0.465191],[0.112707,0.852523,0.510394],[-0.480029,0.496464,-0.723253]],"s":1082.05,"t":[-3123.41,-16386,3512.35],"timestamp":46562613587},
{"hands":[],"id":278264,"pointables":[],"r":[[-0.869982,-0.163488,0.465191],[0.112707,0.852523,0.510394],[-0.480029,0.496464,-0.723253]],"s":1082.05,"t":[-3123.41,-16386,3512.35],"timestamp":46562623184},
{"hands":[],"id":278266,"pointables":[],"r":[[-0.869982,-0.163488,0.465191],[0.112707,0.852523,0.510394],[-0.480029,0.496464,-0.723253]],"s":1082.05,"t":[-3123.41,-16386,3512.35],"timestamp":46562632214},
{"hands":[],"id":278268,"pointables":[],"r":[[-0.869982,-0.163488,0.465191],[0.112707,0.852523,0.510394],[-0.480029,0.496464,-0.723253]],"s":1082.05,"t":[-3123.41,-16386,3512.35],"timestamp":46562641813},
{"hands":[],"id":278270,"pointables":[],"r":[[-0.869982,-0.163488,0.465191],[0.112707,0.852523,0.510394],[-0.480029,0.496464,-0.723253]],"s":1082.05,"t":[-3123.41,-16386,3512.35],"timestamp":46562651188},
{"hands":[],"id":278272,"pointables":[],"r":[[-0.869982,-0.163488,0.465191],[0.112707,0.852523,0.510394],[-0.480029,0.496464,-0.723253]],"s":1082.05,"t":[-3123.41,-16386,3512.35],"timestamp":46562660377},
{"hands":[],"id":278274,"pointables":[],"r":[[-0.869982,-0.163488,0.465191],[0.112707,0.852523,0.510394],[-0.480029,0.496464,-0.723253]],"s":1082.05,"t":[-3123.41,-16386,3512.35],"timestamp":46562669816},
{"hands":[],"id":278276,"pointables":[],"r":[[-0.869982,-0.163488,0.465191],[0.112707,0.852523,0.510394],[-0.480029,0.496464,-0.723253]],"s":1082.05,"t":[-3123.41,-16386,3512.35],"timestamp":46562679089},
{"hands":[],"id":278278,"pointables":[],"r":[[-0.869982,-0.163488,0.465191],[0.112707,0.852523,0.510394],[-0.480029,0.496464,-0.723253]],"s":1082.05,"t":[-3123.41,-16386,3512.35],"timestamp":46562688362},
{"hands":[],"id":278280,"pointables":[],"r":[[-0.869982,-0.163488,0.465191],[0.112707,0.852523,0.510394],[-0.480029,0.496464,-0.723253]],"s":1082.05,"t":[-3123.41,-16386,3512.35],"timestamp":46562697754},
{"hands":[],"id":278282,"pointables":[],"r":[[-0.869982,-0.163488,0.465191],[0.112707,0.852523,0.510394],[-0.480029,0.496464,-0.723253]],"s":1082.05,"t":[-3123.41,-16386,3512.35],"timestamp":46562707304},
{"hands":[],"id":278284,"pointables":[],"r":[[-0.869982,-0.163488,0.465191],[0.112707,0.852523,0.510394],[-0.480029,0.496464,-0.723253]],"s":1082.05,"t":[-3123.41,-16386,3512.35],"timestamp":46562716564},
{"hands":[],"id":278286,"pointables":[],"r":[[-0.869982,-0.163488,0.465191],[0.112707,0.852523,0.510394],[-0.480029,0.496464,-0.723253]],"s":1082.05,"t":[-3123.41,-16386,3512.35],"timestamp":46562725923},
{"hands":[],"id":278288,"pointables":[],"r":[[-0.869982,-0.163488,0.465191],[0.112707,0.852523,0.510394],[-0.480029,0.496464,-0.723253]],"s":1082.05,"t":[-3123.41,-16386,3512.35],"timestamp":46562735235},
{"hands":[],"id":278290,"pointables":[],"r":[[-0.869982,-0.163488,0.465191],[0.112707,0.852523,0.510394],[-0.480029,0.496464,-0.723253]],"s":1082.05,"t":[-3123.41,-16386,3512.35],"timestamp":46562744391},
{"hands":[],"id":278292,"pointables":[],"r":[[-0.869982,-0.163488,0.465191],[0.112707,0.852523,0.510394],[-0.480029,0.496464,-0.723253]],"s":1082.05,"t":[-3123.41,-16386,3512.35],"timestamp":46562753936},
{"hands":[],"id":278294,"pointables":[],"r":[[-0.869982,-0.163488,0.465191],[0.112707,0.852523,0.510394],[-0.480029,0.496464,-0.723253]],"s":1082.05,"t":[-3123.41,-16386,3512.35],"timestamp":46562763174},
{"hands":[],"id":278296,"pointables":[],"r":[[-0.869982,-0.163488,0.465191],[0.112707,0.852523,0.510394],[-0.480029,0.496464,-0.723253]],"s":1082.05,"t":[-3123.41,-16386,3512.35],"timestamp":46562772677},
{"hands":[],"id":278298,"pointables":[],"r":[[-0.869982,-0.163488,0.465191],[0.112707,0.852523,0.510394],[-0.480029,0.496464,-0.723253]],"s":1082.05,"t":[-3123.41,-16386,3512.35],"timestamp":46562781862},
{"hands":[],"id":278300,"pointables":[],"r":[[-0.869982,-0.163488,0.465191],[0.112707,0.852523,0.510394],[-0.480029,0.496464,-0.723253]],"s":1082.05,"t":[-3123.41,-16386,3512.35],"timestamp":46562791310},
{"hands":[],"id":278302,"pointables":[],"r":[[-0.869982,-0.163488,0.465191],[0.112707,0.852523,0.510394],[-0.480029,0.496464,-0.723253]],"s":1082.05,"t":[-3123.41,-16386,3512.35],"timestamp":46562800643},
{"hands":[],"id":278304,"pointables":[],"r":[[-0.869982,-0.163488,0.465191],[0.112707,0.852523,0.510394],[-0.480029,0.496464,-0.723253]],"s":1082.05,"t":[-3123.41,-16386,3512.35],"timestamp":46562809859},
{"hands":[],"id":278306,"pointables":[],"r":[[-0.869982,-0.163488,0.465191],[0.112707,0.852523,0.510394],[-0.480029,0.496464,-0.723253]],"s":1082.05,"t":[-3123.41,-16386,3512.35],"timestamp":46562819431},
{"hands":[],"id":278308,"pointables":[],"r":[[-0.869982,-0.163488,0.465191],[0.112707,0.852523,0.510394],[-0.480029,0.496464,-0.723253]],"s":1082.05,"t":[-3123.41,-16386,3512.35],"timestamp":46562828540},
{"hands":[],"id":278310,"pointables":[],"r":[[-0.869982,-0.163488,0.465191],[0.112707,0.852523,0.510394],[-0.480029,0.496464,-0.723253]],"s":1082.05,"t":[-3123.41,-16386,3512.35],"timestamp":46562838094},
{"hands":[],"id":278312,"pointables":[],"r":[[-0.869982,-0.163488,0.465191],[0.112707,0.852523,0.510394],[-0.480029,0.496464,-0.723253]],"s":1082.05,"t":[-3123.41,-16386,3512.35],"timestamp":46562847233},
{"hands":[],"id":278314,"pointables":[],"r":[[-0.869982,-0.163488,0.465191],[0.112707,0.852523,0.510394],[-0.480029,0.496464,-0.723253]],"s":1082.05,"t":[-3123.41,-16386,3512.35],"timestamp":46562856811},
{"hands":[],"id":278316,"pointables":[],"r":[[-0.869982,-0.163488,0.465191],[0.112707,0.852523,0.510394],[-0.480029,0.496464,-0.723253]],"s":1082.05,"t":[-3123.41,-16386,3512.35],"timestamp":46562865965},
{"hands":[],"id":278318,"pointables":[],"r":[[-0.869982,-0.163488,0.465191],[0.112707,0.852523,0.510394],[-0.480029,0.496464,-0.723253]],"s":1082.05,"t":[-3123.41,-16386,3512.35],"timestamp":46562875461},
{"hands":[],"id":278320,"pointables":[],"r":[[-0.869982,-0.163488,0.465191],[0.112707,0.852523,0.510394],[-0.480029,0.496464,-0.723253]],"s":1082.05,"t":[-3123.41,-16386,3512.35],"timestamp":46562884594},
{"hands":[],"id":278322,"pointables":[],"r":[[-0.869982,-0.163488,0.465191],[0.112707,0.852523,0.510394],[-0.480029,0.496464,-0.723253]],"s":1082.05,"t":[-3123.41,-16386,3512.35],"timestamp":46562894109},
{"hands":[],"id":278324,"pointables":[],"r":[[-0.869982,-0.163488,0.465191],[0.112707,0.852523,0.510394],[-0.480029,0.496464,-0.723253]],"s":1082.05,"t":[-3123.41,-16386,3512.35],"timestamp":46562903438},
{"hands":[],"id":278326,"pointables":[],"r":[[-0.869982,-0.163488,0.465191],[0.112707,0.852523,0.510394],[-0.480029,0.496464,-0.723253]],"s":1082.05,"t":[-3123.41,-16386,3512.35],"timestamp":46562912701},
{"hands":[],"id":278328,"pointables":[],"r":[[-0.869982,-0.163488,0.465191],[0.112707,0.852523,0.510394],[-0.480029,0.496464,-0.723253]],"s":1082.05,"t":[-3123.41,-16386,3512.35],"timestamp":46562922174},
{"hands":[],"id":278330,"pointables":[],"r":[[-0.869982,-0.163488,0.465191],[0.112707,0.852523,0.510394],[-0.480029,0.496464,-0.723253]],"s":1082.05,"t":[-3123.41,-16386,3512.35],"timestamp":46562931328},
{"hands":[],"id":278332,"pointables":[],"r":[[-0.869982,-0.163488,0.465191],[0.112707,0.852523,0.510394],[-0.480029,0.496464,-0.723253]],"s":1082.05,"t":[-3123.41,-16386,3512.35],"timestamp":46562940673},
{"hands":[],"id":278334,"pointables":[],"r":[[-0.869982,-0.163488,0.465191],[0.112707,0.852523,0.510394],[-0.480029,0.496464,-0.723253]],"s":1082.05,"t":[-3123.41,-16386,3512.35],"timestamp":46562950181},
{"hands":[],"id":278336,"pointables":[],"r":[[-0.869982,-0.163488,0.465191],[0.112707,0.852523,0.510394],[-0.480029,0.496464,-0.723253]],"s":1082.05,"t":[-3123.41,-16386,3512.35],"timestamp":46562959424},
{"hands":[],"id":278338,"pointables":[],"r":[[-0.869982,-0.163488,0.465191],[0.112707,0.852523,0.510394],[-0.480029,0.496464,-0.723253]],"s":1082.05,"t":[-3123.41,-16386,3512.35],"timestamp":46562968933},
{"hands":[],"id":278340,"pointables":[],"r":[[-0.869982,-0.163488,0.465191],[0.112707,0.852523,0.510394],[-0.480029,0.496464,-0.723253]],"s":1082.05,"t":[-3123.41,-16386,3512.35],"timestamp":46562978014},
{"hands":[],"id":278342,"pointables":[],"r":[[-0.869982,-0.163488,0.465191],[0.112707,0.852523,0.510394],[-0.480029,0.496464,-0.723253]],"s":1082.05,"t":[-3123.41,-16386,3512.35],"timestamp":46562987607},
{"hands":[],"id":278344,"pointables":[],"r":[[-0.869982,-0.163488,0.465191],[0.112707,0.852523,0.510394],[-0.480029,0.496464,-0.723253]],"s":1082.05,"t":[-3123.41,-16386,3512.35],"timestamp":46562996886},
{"hands":[],"id":278346,"pointables":[],"r":[[-0.869982,-0.163488,0.465191],[0.112707,0.852523,0.510394],[-0.480029,0.496464,-0.723253]],"s":1082.05,"t":[-3123.41,-16386,3512.35],"timestamp":46563006267},
{"hands":[],"id":278348,"pointables":[],"r":[[-0.869982,-0.163488,0.465191],[0.112707,0.852523,0.510394],[-0.480029,0.496464,-0.723253]],"s":1082.05,"t":[-3123.41,-16386,3512.35],"timestamp":46563015342},
{"hands":[],"id":278350,"pointables":[],"r":[[-0.869982,-0.163488,0.465191],[0.112707,0.852523,0.510394],[-0.480029,0.496464,-0.723253]],"s":1082.05,"t":[-3123.41,-16386,3512.35],"timestamp":46563024937},
{"hands":[],"id":278352,"pointables":[],"r":[[-0.869982,-0.163488,0.465191],[0.112707,0.852523,0.510394],[-0.480029,0.496464,-0.723253]],"s":1082.05,"t":[-3123.41,-16386,3512.35],"timestamp":46563034050},
{"hands":[],"id":278354,"pointables":[],"r":[[-0.869982,-0.163488,0.465191],[0.112707,0.852523,0.510394],[-0.480029,0.496464,-0.723253]],"s":1082.05,"t":[-3123.41,-16386,3512.35],"timestamp":46563043630},
{"hands":[],"id":278356,"pointables":[],"r":[[-0.869982,-0.163488,0.465191],[0.112707,0.852523,0.510394],[-0.480029,0.496464,-0.723253]],"s":1082.05,"t":[-3123.41,-16386,3512.35],"timestamp":46563052929},
{"hands":[],"id":278358,"pointables":[],"r":[[-0.869982,-0.163488,0.465191],[0.112707,0.852523,0.510394],[-0.480029,0.496464,-0.723253]],"s":1082.05,"t":[-3123.41,-16386,3512.35],"timestamp":46563062129},
{"hands":[],"id":278360,"pointables":[],"r":[[-0.869982,-0.163488,0.465191],[0.112707,0.852523,0.510394],[-0.480029,0.496464,-0.723253]],"s":1082.05,"t":[-3123.41,-16386,3512.35],"timestamp":46563071694},
{"hands":[],"id":278362,"pointables":[],"r":[[-0.869982,-0.163488,0.465191],[0.112707,0.852523,0.510394],[-0.480029,0.496464,-0.723253]],"s":1082.05,"t":[-3123.41,-16386,3512.35],"timestamp":46563080983},
{"hands":[],"id":278364,"pointables":[],"r":[[-0.869982,-0.163488,0.465191],[0.112707,0.852523,0.510394],[-0.480029,0.496464,-0.723253]],"s":1082.05,"t":[-3123.41,-16386,3512.35],"timestamp":46563090147},
{"hands":[{"direction":[0.198602,0.83883,-0.486599],"id":1,"palmNormal":[-0.502853,-0.340734,-0.782711],"palmPosition":[65.647,171.244,146.705],"palmVelocity":[64.695,-20.2125,-485.569],"r":[[1,0,0],[0,1,0],[0,0,1]],"s":1,"sphereCenter":[70.4835,180.009,163.402],"sphereRadius":50.7456,"t":[0,0,0]}],"id":278366,"pointables":[],"r":[[-0.869982,-0.163488,0.465191],[0.112707,0.852523,0.510394],[-0.480029,0.496464,-0.723253]],"s":1082.05,"t":[-3123.29,-16386,3511.42],"timestamp":46563099680},
{"hands":[{"direction":[0.20722,0.827499,-0.502285],"id":1,"palmNormal":[-0.515818,-0.347627,-0.772486],"palmPosition":[66.0888,171.218,142.065],"palmVelocity":[47.7473,-2.82892,-501.445],"r":[[1,0,0],[0,1,0],[0,0,1]],"s":1,"sphereCenter":[71.7713,180.204,160.695],"sphereRadius":51.7388,"t":[0.0883612,-0.0052352,-0.927974]}],"id":278368,"pointables":[],"r":[[-0.869982,-0.163488,0.465191],[0.112707,0.852523,0.510394],[-0.480029,0.496464,-0.723253]],"s":1082.05,"t":[-3123.1,-16386.1,3509.75],"timestamp":46563108933},
{"hands":[{"direction":[0.215022,0.816613,-0.51701],"id":1,"palmNormal":[-0.526088,-0.354752,-0.763565],"palmPosition":[66.3205,171.545,137.178],"palmVelocity":[24.674,34.7934,-520.455],"r":[[1,0,0],[0,1,0],[0,0,1]],"s":1,"sphereCenter":[73.0169,180.57,158.18],"sphereRadius":52.6766,"t":[0.205383,0.0559117,-2.64766]}],"id":278370,"pointables":[],"r":[[-0.869982,-0.163488,0.465191],[0.112707,0.852523,0.510394],[-0.480029,0.496464,-0.723253]],"s":1082.05,"t":[-3122.9,-16386,3507.44],"timestamp":46563118322},
{"hands":[{"direction":[0.216188,0.809348,-0.529256],"id":1,"palmNormal":[-0.534974,-0.362652,-0.754725],"palmPosition":[66.1567,171.56,132.995],"palmVelocity":[-17.5033,1.65793,-447.152],"r":[[1,0,0],[0,1,0],[0,0,1]],"s":1,"sphereCenter":[74.408,181.139,156.398],"sphereRadius":53.9328,"t":[0.266252,0.107931,-4.86004]}],"id":278372,"pointables":[],"r":[[-0.869982,-0.163488,0.465191],[0.112707,0.852523,0.510394],[-0.480029,0.496464,-0.723253]],"s":1082.05,"t":[-3122.78,-16386,3504.75],"timestamp":46563127677},
{"hands":[{"direction":[0.216493,0.801719,-0.541743],"id":1,"palmNormal":[-0.542061,-0.371931,-0.746008],"palmPosition":[65.7018,171.444,129.009],"palmVelocity":[-48.4623,-12.3782,-424.645],"r":[[1,0,0],[0,1,0],[0,0,1]],"s":1,"sphereCenter":[73.8587,180.593,152.13],"sphereRadius":53.9597,"t":[0.223964,0.126308,-7.42716]}],"id":278374,"pointables":[],"r":[[-0.869982,-0.163488,0.465191],[0.112707,0.852523,0.510394],[-0.480029,0.496464,-0.723253]],"s":1082.05,"t":[-3122.77,-16386,3501.81],"timestamp":46563137064},
{"hands":[{"direction":[0.214341,0.793952,-0.554722],"id":1,"palmNormal":[-0.547002,-0.383999,-0.736836],"palmPosition":[64.9189,171.372,125.388],"palmVelocity":[-84.5806,-7.74775,-391.112],"r":[[1,0,0],[0,1,0],[0,0,1]],"s":1,"sphereCenter":[72.8039,179.728,148.229],"sphereRadius":53.9856,"t":[0.0335406,0.126665,-10.205]}],"id":278376,"pointables":[],"r":[[-0.869982,-0.163488,0.465191],[0.112707,0.852523,0.510394],[-0.480029,0.496464,-0.723253]],"s":1082.05,"t":[-3122.92,-16386,3498.73],"timestamp":46563146321},
{"hands":[{"direction":[0.206521,0.787815,-0.566917],"id":1,"palmNormal":[-0.550032,-0.398695,-0.726979],"palmPosition":[63.7882,170.594,122.667],"palmVelocity":[-119.202,-82.0771,-286.973],"r":[[1,0,0],[0,1,0],[0,0,1]],"s":1,"sphereCenter":[72.1627,179.444,145.069],"sphereRadius":54.1046,"t":[-0.344924,-0.0287495,-12.9716]}],"id":278378,"pointables":[],"r":[[-0.869982,-0.163488,0.465191],[0.112707,0.852523,0.510394],[-0.480029,0.496464,-0.723253]],"s":1082.05,"t":[-3123.27,-16386.2,3495.72],"timestamp":46563155806},
{"hands":[{"direction":[0.19699,0.781544,-0.579177],"id":1,"palmNormal":[-0.550138,-0.415486,-0.717479],"palmPosition":[62.3378,169.921,120.201],"palmVelocity":[-159.856,-74.1278,-271.777],"r":[[1,0,0],[0,1,0],[0,0,1]],"s":1,"sphereCenter":[70.2877,178.669,140.633],"sphereRadius":53.7227,"t":[-0.937771,-0.287593,-15.6781]}],"id":278380,"pointables":[],"r":[[-0.869982,-0.163488,0.465191],[0.112707,0.852523,0.510394],[-0.480029,0.496464,-0.723253]],"s":1082.05,"t":[-3123.83,-16386.4,3492.82],"timestamp":46563164879},
