[
{"hands":[],"id":297386,"pointables":[],"r":[[0.171252,0.468681,-0.866609],[0.0725365,0.871218,0.485508],[0.982553,-0.146005,0.115202]],"s":1098.65,"t":[-1085.39,-17450.7,4753.69],"timestamp":46659000716},
{"hands":[],"id":297388,"pointables":[],"r":[[0.171252,0.468681,-0.866609],[0.0725365,0.871218,0.485508],[0.982553,-0.146005,0.115202]],"s":1098.65,"t":[-1085.39,-17450.7,4753.69],"timestamp":46659010299},
{"hands":[],"id":297390,"pointables":[],"r":[[0.171252,0.468681,-0.866609],[0.0725365,0.871218,0.485508],[0.982553,-0.146005,0.115202]],"s":1098.65,"t":[-1085.39,-17450.7,4753.69],"timestamp":46659019428},
{"hands":[],"id":297392,"pointables":[],"r":[[0.171252,0.468681,-0.866609],[0.0725365,0.871218,0.485508],[0.982553,-0.146005,0.115202]],"s":1098.65,"t":[-1085.39,-17450.7,4753.69],"timestamp":46659028930},
{"hands":[],"id":297394,"pointables":[],"r":[[0.171252,0.468681,-0.866609],[0.0725365,0.871218,0.485508],[0.982553,-0.146005,0.115202]],"s":1098.65,"t":[-1085.39,-17450.7,4753.69],"timestamp":46659038206},
{"hands":[],"id":297396,"pointables":[],"r":[[0.171252,0.468681,-0.866609],[0.0725365,0.871218,0.485508],[0.982553,-0.146005,0.115202]],"s":1098.65,"t":[-1085.39,-17450.7,4753.69],"timestamp":46659047674},
{"hands":[],"id":297398,"pointables":[],"r":[[0.171252,0.468681,-0.866609],[0.0725365,0.871218,0.485508],[0.982553,-0.146005,0.115202]],"s":1098.65,"t":[-1085.39,-17450.7,4753.69],"timestamp":46659056946},
{"hands":[],"id":297400,"pointables":[],"r":[[0.171252,0.468681,-0.866609],[0.0725365,0.871218,0.485508],[0.982553,-0.146005,0.115202]],"s":1098.65,"t":[-1085.39,-17450.7,4753.69],"timestamp":46659066246},
{"hands":[],"id":297402,"pointables":[],"r":[[0.171252,0.468681,-0.866609],[0.0725365,0.871218,0.485508],[0.982553,-0.146005,0.115202]],"s":1098.65,"t":[-1085.39,-17450.7,4753.69],"timestamp":46659075686},
{"hands":[],"id":297404,"pointables":[],"r":[[0.171252,0.468681,-0.866609],[0.0725365,0.871218,0.485508],[0.982553,-0.146005,0.115202]],"s":1098.65,"t":[-1085.39,-17450.7,4753.69],"timestamp":46659084941},
{"hands":[],"id":297406,"pointables":[],"r":[[0.171252,0.468681,-0.866609],[0.0725365,0.871218,0.485508],[0.982553,-0.146005,0.115202]],"s":1098.65,"t":[-1085.39,-17450.7,4753.69],"timestamp":46659094436},
{"hands":[],"id":297408,"pointables":[],"r":[[0.171252,0.468681,-0.866609],[0.0725365,0.871218,0.485508],[0.982553,-0.146005,0.115202]],"s":1098.65,"t":[-1085.39,-17450.7,4753.69],"timestamp":46659103473},
{"hands":[],"id":297410,"pointables":[],"r":[[0.171252,0.468681,-0.866609],[0.0725365,0.871218,0.485508],[0.982553,-0.146005,0.115202]],"s":1098.65,"t":[-1085.39,-17450.7,4753.69],"timestamp":46659113058},
{"hands":[],"id":297412,"pointables":[],"r":[[0.171252,0.468681,-0.866609],[0.0725365,0.871218,0.485508],[0.982553,-0.146005,0.115202]],"s":1098.65,"t":[-1085.39,-17450.7,4753.69],"timestamp":46659122195},
{"hands":[],"id":297414,"pointables":[],"r":[[0.171252,0.468681,-0.866609],[0.0725365,0.871218,0.485508],[0.982553,-0.146005,0.115202]],"s":1098.65,"t":[-1085.39,-17450.7,4753.69],"timestamp":46659131813},
{"hands":[],"id":297416,"pointables":[],"r":[[0.171252,0.468681,-0.866609],[0.0725365,0.871218,0.485508],[0.982553,-0.146005,0.115202]],"s":1098.65,"t":[-1085.39,-17450.7,4753.69],"timestamp":46659141063},
{"hands":[],"id":297418,"pointables":[],"r":[[0.171252,0.468681,-0.866609],[0.0725365,0.871218,0.485508],[0.982553,-0.146005,0.115202]],"s":1098.65,"t":[-1085.39,-17450.7,4753.69],"timestamp":46659150281},
{"hands":[],"id":297420,"pointables":[],"r":[[0.171252,0.468681,-0.866609],[0.0725365,0.871218,0.485508],[0.982553,-0.146005,0.115202]],"s":1098.65,"t":[-1085.39,-17450.7,4753.69],"timestamp":46659159786},
{"hands":[],"id":297422,"pointables":[],"r":[[0.171252,0.468681,-0.866609],[0.0725365,0.871218,0.485508],[0.982553,-0.146005,0.115202]],"s":1098.65,"t":[-1085.39,-17450.7,4753.69],"timestamp":46659169187},
{"hands":[],"id":297424,"pointables":[],"r":[[0.171252,0.468681,-0.866609],[0.0725365,0.871218,0.485508],[0.982553,-0.146005,0.115202]],"s":1098.65,"t":[-1085.39,-17450.7,4753.69],"timestamp":46659178461},
{"hands":[],"id":297426,"pointables":[],"r":[[0.171252,0.468681,-0.866609],[0.0725365,0.871218,0.485508],[0.982553,-0.146005,0.115202]],"s":1098.65,"t":[-1085.39,-17450.7,4753.69],"timestamp":46659187568},
{"hands":[],"id":297428,"pointables":[],"r":[[0.171252,0.468681,-0.866609],[0.0725365,0.871218,0.485508],[0.982553,-0.146005,0.115202]],"s":1098.65,"t":[-1085.39,-17450.7,4753.69],"timestamp":46659197188},
{"hands":[],"id":297430,"pointables":[],"r":[[0.171252,0.468681,-0.866609],[0.0725365,0.871218,0.485508],[0.982553,-0.146005,0.115202]],"s":1098.65,"t":[-1085.39,-17450.7,4753.69],"timestamp":46659206376},
{"hands":[],"id":297432,"pointables":[],"r":[[0.171252,0.468681,-0.866609],[0.0725365,0.871218,0.485508],[0.982553,-0.146005,0.115202]],"s":1098.65,"t":[-1085.39,-17450.7,4753.69],"timestamp":46659215812},
{"hands":[],"id":297434,"pointables":[],"r":[[0.171252,0.468681,-0.866609],[0.0725365,0.871218,0.485508],[0.982553,-0.146005,0.115202]],"s":1098.65,"t":[-1085.39,-17450.7,4753.69],"timestamp":46659225191},
{"hands":[],"id":297436,"pointables":[],"r":[[0.171252,0.468681,-0.866609],[0.0725365,0.871218,0.485508],[0.982553,-0.146005,0.115202]],"s":1098.65,"t":[-1085.39,-17450.7,4753.69],"timestamp":46659234358},
{"hands":[],"id":297438,"pointables":[],"r":[[0.171252,0.468681,-0.866609],[0.0725365,0.871218,0.485508],[0.982553,-0.146005,0.115202]],"s":1098.65,"t":[-1085.39,-17450.7,4753.69],"timestamp":46659243939},
{"hands":[],"id":297440,"pointables":[],"r":[[0.171252,0.468681,-0.866609],[0.0725365,0.871218,0.485508],[0.982553,-0.146005,0.115202]],"s":1098.65,"t":[-1085.39,-17450.7,4753.69],"timestamp":46659253078},
{"hands":[],"id":297442,"pointables":[],"r":[[0.171252,0.468681,-0.866609],[0.0725365,0.871218,0.485508],[0.982553,-0.146005,0.115202]],"s":1098.65,"t":[-1085.39,-17450.7,4753.69],"timestamp":46659262533},
{"hands":[],"id":297444,"pointables":[],"r":[[0.171252,0.468681,-0.866609],[0.0725365,0.871218,0.485508],[0.982553,-0.146005,0.115202]],"s":1098.65,"t":[-1085.39,-17450.7,4753.69],"timestamp":46659271711},
{"hands":[],"id":297446,"pointables":[],"r":[[0.171252,0.468681,-0.866609],[0.0725365,0.871218,0.485508],[0.982553,-0.146005,0.115202]],"s":1098.65,"t":[-1085.39,-17450.7,4753.69],"timestamp":46659281265},
{"hands":[],"id":297448,"pointables":[],"r":[[0.171252,0.468681,-0.866609],[0.0725365,0.871218,0.485508],[0.982553,-0.146005,0.115202]],"s":1098.65,"t":[-1085.39,-17450.7,4753.69],"timestamp":46659290614},
{"hands":[],"id":297450,"pointables":[],"r":[[0.171252,0.468681,-0.866609],[0.0725365,0.871218,0.485508],[0.982553,-0.146005,0.115202]],"s":1098.65,"t":[-1085.39,-17450.7,4753.69],"timestamp":46659300019},
{"hands":[],"id":297452,"pointables":[],"r":[[0.171252,0.468681,-0.866609],[0.0725365,0.871218,0.485508],[0.982553,-0.146005,0.115202]],"s":1098.65,"t":[-1085.39,-17450.7,4753.69],"timestamp":46659309103},
{"hands":[],"id":297454,"pointables":[],"r":[[0.171252,0.468681,-0.866609],[0.0725365,0.871218,0.485508],[0.982553,-0.146005,0.115202]],"s":1098.65,"t":[-1085.39,-17450.7,4753.69],"timestamp":46659318616},
{"hands":[],"id":297456,"pointables":[],"r":[[0.171252,0.468681,-0.866609],[0.0725365,0.871218,0.485508],[0.982553,-0.146005,0.115202]],"s":1098.65,"t":[-1085.39,-17450.7,4753.69],"timestamp":46659327927},
{"hands":[],"id":297458,"pointables":[],"r":[[0.171252,0.468681,-0.866609],[0.0725365,0.871218,0.485508],[0.982553,-0.146005,0.115202]],"s":1098.65,"t":[-1085.39,-17450.7,4753.69],"timestamp":46659337237},
{"hands":[],"id":297460,"pointables":[],"r":[[0.171252,0.468681,-0.866609],[0.0725365,0.871218,0.485508],[0.982553,-0.146005,0.115202]],"s":1098.65,"t":[-1085.39,-17450.7,4753.69],"timestamp":46659346721},
{"hands":[],"id":297462,"pointables":[],"r":[[0.171252,0.468681,-0.866609],[0.0725365,0.871218,0.485508],[0.982553,-0.146005,0.115202]],"s":1098.65,"t":[-1085.39,-17450.7,4753.69],"timestamp":46659355872},
{"hands":[],"id":297464,"pointables":[],"r":[[0.171252,0.468681,-0.866609],[0.0725365,0.871218,0.485508],[0.982553,-0.146005,0.115202]],"s":1098.65,"t":[-1085.39,-17450.7,4753.69],"timestamp":46659365253},
{"hands":[],"id":297466,"pointables":[],"r":[[0.171252,0.468681,-0.866609],[0.0725365,0.871218,0.485508],[0.982553,-0.146005,0.115202]],"s":1098.65,"t":[-1085.39,-17450.7,4753.69],"timestamp":46659374713},
{"hands":[],"id":297468,"pointables":[],"r":[[0.171252,0.468681,-0.866609],[0.0725365,0.871218,0.485508],[0.982553,-0.146005,0.115202]],"s":1098.65,"t":[-1085.39,-17450.7,4753.69],"timestamp":46659383870},
{"hands":[],"id":297470,"pointables":[],"r":[[0.171252,0.468681,-0.866609],[0.0725365,0.871218,0.485508],[0.982553,-0.146005,0.115202]],"s":1098.65,"t":[-1085.39,-17450.7,4753.69],"timestamp":46659393436},
{"hands":[],"id":297472,"pointables":[],"r":[[0.171252,0.468681,-0.866609],[0.0725365,0.871218,0.485508],[0.982553,-0.146005,0.115202]],"s":1098.65,"t":[-1085.39,-17450.7,4753.69],"timestamp":46659402541},
{"hands":[],"id":297474,"pointables":[],"r":[[0.171252,0.468681,-0.866609],[0.0725365,0.871218,0.485508],[0.982553,-0.146005,0.115202]],"s":1098.65,"t":[-1085.39,-17450.7,4753.69],"timestamp":46659411872},
{"hands":[],"id":297476,"pointables":[],"r":[[0.171252,0.468681,-0.866609],[0.0725365,0.871218,0.485508],[0.982553,-0.146005,0.115202]],"s":1098.65,"t":[-1085.39,-17450.7,4753.69],"timestamp":46659421378},
{"hands":[],"id":297478,"pointables":[],"r":[[0.171252,0.468681,-0.866609],[0.0725365,0.871218,0.485508],[0.982553,-0.146005,0.115202]],"s":1098.65,"t":[-1085.39,-17450.7,4753.69],"timestamp":46659430816},
{"hands":[],"id":297480,"pointables":[],"r":[[0.171252,0.468681,-0.866609],[0.0725365,0.871218,0.485508],[0.982553,-0.146005,0.115202]],"s":1098.65,"t":[-1085.39,-17450.7,4753.69],"timestamp":46659439831},
{"hands":[],"id":297482,"pointables":[],"r":[[0.171252,0.468681,-0.866609],[0.0725365,0.871218,0.485508],[0.982553,-0.146005,0.115202]],"s":1098.65,"t":[-1085.39,-17450.7,4753.69],"timestamp":46659449410},
{"hands":[],"id":297484,"pointables":[],"r":[[0.171252,0.468681,-0.866609],[0.0725365,0.871218,0.485508],[0.982553,-0.146005,0.115202]],"s":1098.65,"t":[-1085.39,-17450.7,4753.69],"timestamp":46659458821},
{"hands":[],"id":297486,"pointables":[],"r":[[0.171252,0.468681,-0.866609],[0.0725365,0.871218,0.485508],[0.982553,-0.146005,0.115202]],"s":1098.65,"t":[-1085.39,-17450.7,4753.69],"timestamp":46659467998},
{"hands":[],"id":297488,"pointables":[],"r":[[0.171252,0.468681,-0.866609],[0.0725365,0.871218,0.485508],[0.982553,-0.146005,0.115202]],"s":1098.65,"t":[-1085.39,-17450.7,4753.69],"timestamp":46659477429},
{"hands":[],"id":297490,"pointables":[],"r":[[0.171252,0.468681,-0.866609],[0.0725365,0.871218,0.485508],[0.982553,-0.146005,0.115202]],"s":1098.65,"t":[-1085.39,-17450.7,4753.69],"timestamp":46659486777},
{"hands":[],"id":297492,"pointables":[],"r":[[0.171252,0.468681,-0.866609],[0.0725365,0.871218,0.485508],[0.982553,-0.146005,0.115202]],"s":1098.65,"t":[-1085.39,-17450.7,4753.69],"timestamp":46659496175},
{"hands":[],"id":297494,"pointables":[],"r":[[0.171252,0.468681,-0.866609],[0.0725365,0.871218,0.485508],[0.982553,-0.146005,0.115202]],"s":1098.65,"t":[-1085.39,-17450.7,4753.69],"timestamp":46659505342},
{"hands":[],"id":297496,"pointables":[],"r":[[0.171252,0.468681,-0.866609],[0.0725365,0.871218,0.485508],[0.982553,-0.146005,0.115202]],"s":1098.65,"t":[-1085.39,-17450.7,4753.69],"timestamp":46659514599},
{"hands":[],"id":297498,"pointables":[],"r":[[0.171252,0.468681,-0.866609],[0.0725365,0.871218,0.485508],[0.982553,-0.146005,0.115202]],"s":1098.65,"t":[-1085.39,-17450.7,4753.69],"timestamp":46659524188},
{"hands":[],"id":297500,"pointables":[],"r":[[0.171252,0.468681,-0.866609],[0.0725365,0.871218,0.485508],[0.982553,-0.146005,0.115202]],"s":1098.65,"t":[-1085.39,-17450.7,4753.69],"timestamp":46659533452},
{"hands":[],"id":297502,"pointables":[],"r":[[0.171252,0.468681,-0.866609],[0.0725365,0.871218,0.485508],[0.982553,-0.146005,0.115202]],"s":1098.65,"t":[-1085.39,-17450.7,4753.69],"timestamp":46659542940},
{"hands":[],"id":297504,"pointables":[],"r":[[0.171252,0.468681,-0.866609],[0.0725365,0.871218,0.485508],[0.982553,-0.146005,0.115202]],"s":1098.65,"t":[-1085.39,-17450.7,4753.69],"timestamp":46659552131},
{"hands":[],"id":297506,"pointables":[],"r":[[0.171252,0.468681,-0.866609],[0.0725365,0.871218,0.485508],[0.982553,-0.146005,0.115202]],"s":1098.65,"t":[-1085.39,-17450.7,4753.69],"timestamp":46659561595},
{"hands":[],"id":297508,"pointables":[],"r":[[0.171252,0.468681,-0.866609],[0.0725365,0.871218,0.485508],[0.982553,-0.146005,0.115202]],"s":1098.65,"t":[-1085.39,-17450.7,4753.69],"timestamp":46659570739},
{"hands":[],"id":297510,"pointables":[],"r":[[0.171252,0.468681,-0.866609],[0.0725365,0.871218,0.485508],[0.982553,-0.146005,0.115202]],"s":1098.65,"t":[-1085.39,-17450.7,4753.69],"timestamp":46659580261},
{"hands":[],"id":297512,"pointables":[],"r":[[0.171252,0.468681,-0.866609],[0.0725365,0.871218,0.485508],[0.982553,-0.146005,0.115202]],"s":1098.65,"t":[-1085.39,-17450.7,4753.69],"timestamp":46659589351},
{"hands":[],"id":297514,"pointables":[],"r":[[0.171252,0.468681,-0.866609],[0.0725365,0.871218,0.485508],[0.982553,-0.146005,0.115202]],"s":1098.65,"t":[-1085.39,-17450.7,4753.69],"timestamp":46659598936},
{"hands":[],"id":297516,"pointables":[],"r":[[0.171252,0.468681,-0.866609],[0.0725365,0.871218,0.485508],[0.982553,-0.146005,0.115202]],"s":1098.65,"t":[-1085.39,-17450.7,4753.69],"timestamp":46659608203},
{"hands":[],"id":297518,"pointables":[],"r":[[0.171252,0.468681,-0.866609],[0.0725365,0.871218,0.485508],[0.982553,-0.146005,0.115202]],"s":1098.65,"t":[-1085.39,-17450.7,4753.69],"timestamp":46659617480},
{"hands":[],"id":297520,"pointables":[],"r":[[0.171252,0.468681,-0.866609],[0.0725365,0.871218,0.485508],[0.982553,-0.146005,0.115202]],"s":1098.65,"t":[-1085.39,-17450.7,4753.69],"timestamp":46659627061},
{"hands":[],"id":297522,"pointables":[],"r":[[0.171252,0.468681,-0.866609],[0.0725365,0.871218,0.485508],[0.982553,-0.146005,0.115202]],"s":1098.65,"t":[-1085.39,-17450.7,4753.69],"timestamp":46659636140},
{"hands":[],"id":297524,"pointables":[],"r":[[0.171252,0.468681,-0.866609],[0.0725365,0.871218,0.485508],[0.982553,-0.146005,0.115202]],"s":1098.65,"t":[-1085.39,-17450.7,4753.69],"timestamp":46659645689},
{"hands":[],"id":297526,"pointables":[],"r":[[0.171252,0.468681,-0.866609],[0.0725365,0.871218,0.485508],[0.982553,-0.146005,0.115202]],"s":1098.65,"t":[-1085.39,-17450.7,4753.69],"timestamp":46659655063},
{"hands":[],"id":297528,"pointables":[],"r":[[0.171252,0.468681,-0.866609],[0.0725365,0.871218,0.485508],[0.982553,-0.146005,0.115202]],"s":1098.65,"t":[-1085.39,-17450.7,4753.69],"timestamp":46659664430},
{"hands":[],"id":297530,"pointables":[],"r":[[0.171252,0.468681,-0.866609],[0.0725365,0.871218,0.485508],[0.982553,-0.146005,0.115202]],"s":1098.65,"t":[-1085.39,-17450.7,4753.69],"timestamp":46659673509},
{"hands":[],"id":297532,"pointables":[],"r":[[0.171252,0.468681,-0.866609],[0.0725365,0.871218,0.485508],[0.982553,-0.146005,0.115202]],"s":1098.65,"t":[-1085.39,-17450.7,4753.69],"timestamp":46659682990},
{"hands":[],"id":297534,"pointables":[],"r":[[0.171252,0.468681,-0.866609],[0.0725365,0.871218,0.485508],[0.982553,-0.146005,0.115202]],"s":1098.65,"t":[-1085.39,-17450.7,4753.69],"timestamp":46659692439},
{"hands":[],"id":297536,"pointables":[],"r":[[0.171252,0.468681,-0.866609],[0.0725365,0.871218,0.485508],[0.982553,-0.146005,0.115202]],"s":1098.65,"t":[-1085.39,-17450.7,4753.69],"timestamp":46659701531},
{"hands":[],"id":297538,"pointables":[],"r":[[0.171252,0.468681,-0.866609],[0.0725365,0.871218,0.485508],[0.982553,-0.146005,0.115202]],"s":1098.65,"t":[-1085.39,-17450.7,4753.69],"timestamp":46659711064},
{"hands":[],"id":297540,"pointables":[],"r":[[0.171252,0.468681,-0.866609],[0.0725365,0.871218,0.485508],[0.982553,-0.146005,0.115202]],"s":1098.65,"t":[-1085.39,-17450.7,4753.69],"timestamp":46659720241},
{"hands":[],"id":297542,"pointables":[],"r":[[0.171252,0.468681,-0.866609],[0.0725365,0.871218,0.485508],[0.982553,-0.146005,0.115202]],"s":1098.65,"t":[-1085.39,-17450.7,4753.69],"timestamp":46659729782},
{"hands":[],"id":297544,"pointables":[],"r":[[0.171252,0.468681,-0.866609],[0.0725365,0.871218,0.485508],[0.982553,-0.146005,0.115202]],"s":1098.65,"t":[-1085.39,-17450.7,4753.69],"timestamp":46659738851},
{"hands":[],"id":297546,"pointables":[],"r":[[0.171252,0.468681,-0.866609],[0.0725365,0.871218,0.485508],[0.982553,-0.146005,0.115202]],"s":1098.65,"t":[-1085.39,-17450.7,4753.69],"timestamp":46659748464},
{"hands":[],"id":297548,"pointables":[],"r":[[0.171252,0.468681,-0.866609],[0.0725365,0.871218,0.485508],[0.982553,-0.146005,0.115202]],"s":1098.65,"t":[-1085.39,-17450.7,4753.69],"timestamp":46659757762},
{"hands":[],"id":297550,"pointables":[],"r":[[0.171252,0.468681,-0.866609],[0.0725365,0.871218,0.485508],[0.982553,-0.146005,0.115202]],"s":1098.65,"t":[-1085.39,-17450.7,4753.69],"timestamp":46659767184},
{"hands":[],"id":297552,"pointables":[],"r":[[0.171252,0.468681,-0.866609],[0.0725365,0.871218,0.485508],[0.982553,-0.146005,0.115202]],"s":1098.65,"t":[-1085.39,-17450.7,4753.69],"timestamp":46659776347},
{"hands":[],"id":297554,"pointables":[],"r":[[0.171252,0.468681,-0.866609],[0.0725365,0.871218,0.485508],[0.982553,-0.146005,0.115202]],"s":1098.65,"t":[-1085.39,-17450.7,4753.69],"timestamp":46659785662},
{"hands":[],"id":297556,"pointables":[],"r":[[0.171252,0.468681,-0.866609],[0.0725365,0.871218,0.485508],[0.982553,-0.146005,0.115202]],"s":1098.65,"t":[-1085.39,-17450.7,4753.69],"timestamp":46659795190},
{"hands":[],"id":297558,"pointables":[],"r":[[0.171252,0.468681,-0.866609],[0.0725365,0.871218,0.485508],[0.982553,-0.146005,0.115202]],"s":1098.65,"t":[-1085.39,-17450.7,4753.69],"timestamp":46659804556},
{"hands":[],"id":297560,"pointables":[],"r":[[0.171252,0.468681,-0.866609],[0.0725365,0.871218,0.485508],[0.982553,-0.146005,0.115202]],"s":1098.65,"t":[-1085.39,-17450.7,4753.69],"timestamp":46659813739},
{"hands":[],"id":297562,"pointables":[],"r":[[0.171252,0.468681,-0.866609],[0.0725365,0.871218,0.485508],[0.982553,-0.146005,0.115202]],"s":1098.65,"t":[-1085.39,-17450.7,4753.69],"timestamp":46659822958},
{"hands":[],"id":297564,"pointables":[],"r":[[0.171252,0.468681,-0.866609],[0.0725365,0.871218,0.485508],[0.982553,-0.146005,0.115202]],"s":1098.65,"t":[-1085.39,-17450.7,4753.69],"timestamp":46659832562},
{"hands":[],"id":297566,"pointables":[],"r":[[0.171252,0.468681,-0.866609],[0.0725365,0.871218,0.485508],[0.982553,-0.146005,0.115202]],"s":1098.65,"t":[-1085.39,-17450.7,4753.69],"timestamp":46659841843},
{"hands":[],"id":297568,"pointables":[],"r":[[0.171252,0.468681,-0.866609],[0.0725365,0.871218,0.485508],[0.982553,-0.146005,0.115202]],"s":1098.65,"t":[-1085.39,-17450.7,4753.69],"timestamp":46659851245},
{"hands":[],"id":297570,"pointables":[],"r":[[0.171252,0.468681,-0.866609],[0.0725365,0.871218,0.485508],[0.982553,-0.146005,0.115202]],"s":1098.65,"t":[-1085.39,-17450.7,4753.69],"timestamp":46659860579},
{"hands":[],"id":297572,"pointables":[],"r":[[0.171252,0.468681,-0.866609],[0.0725365,0.871218,0.485508],[0.982553,-0.146005,0.115202]],"s":1098.65,"t":[-1085.39,-17450.7,4753.69],"timestamp":46659869771},
{"hands":[],"id":297574,"pointables":[],"r":[[0.171252,0.468681,-0.866609],[0.0725365,0.871218,0.485508],[0.982553,-0.146005,0.115202]],"s":1098.65,"t":[-1085.39,-17450.7,4753.69],"timestamp":46659879078},
{"hands":[],"id":297576,"pointables":[],"r":[[0.171252,0.468681,-0.866609],[0.0725365,0.871218,0.485508],[0.982553,-0.146005,0.115202]],"s":1098.65,"t":[-1085.39,-17450.7,4753.69],"timestamp":46659888630},
{"hands":[],"id":297578,"pointables":[],"r":[[0.171252,0.468681,-0.866609],[0.0725365,0.871218,0.485508],[0.982553,-0.146005,0.115202]],"s":1098.65,"t":[-1085.39,-17450.7,4753.69],"timestamp":46659897670},
{"hands":[],"id":297580,"pointables":[],"r":[[0.171252,0.468681,-0.866609],[0.0725365,0.871218,0.485508],[0.982553,-0.146005,0.115202]],"s":1098.65,"t":[-1085.39,-17450.7,4753.69],"timestamp":46659907094},
{"hands":[],"id":297582,"pointables":[],"r":[[0.171252,0.468681,-0.866609],[0.0725365,0.871218,0.485508],[0.982553,-0.146005,0.115202]],"s":1098.65,"t":[-1085.39,-17450.7,4753.69],"timestamp":46659916768},
{"hands":[],"id":297584,"pointables":[],"r":[[0.171252,0.468681,-0.866609],[0.0725365,0.871218,0.485508],[0.982553,-0.146005,0.115202]],"s":1098.65,"t":[-1085.39,-17450.7,4753.69],"timestamp":46659926056},
{"hands":[],"id":297586,"pointables":[],"r":[[0.171252,0.468681,-0.866609],[0.0725365,0.871218,0.485508],[0.982553,-0.146005,0.115202]],"s":1098.65,"t":[-1085.39,-17450.7,4753.69],"timestamp":46659935228},
{"hands":[],"id":297588,"pointables":[],"r":[[0.171252,0.468681,-0.866609],[0.0725365,0.871218,0.485508],[0.982553,-0.146005,0.115202]],"s":1098.65,"t":[-1085.39,-17450.7,4753.69],"timestamp":46659944688},
{"hands":[],"id":297590,"pointables":[],"r":[[0.171252,0.468681,-0.866609],[0.0725365,0.871218,0.485508],[0.982553,-0.146005,0.115202]],"s":1098.65,"t":[-1085.39,-17450.7,4753.69],"timestamp":46659953976},
{"hands":[],"id":297592,"pointables":[],"r":[[0.171252,0.468681,-0.866609],[0.0725365,0.871218,0.485508],[0.982553,-0.146005,0.115202]],"s":1098.65,"t":[-1085.39,-17450.7,4753.69],"timestamp":46659963414},
{"hands":[],"id":297594,"pointables":[],"r":[[0.171252,0.468681,-0.866609],[0.0725365,0.871218,0.485508],[0.982553,-0.146005,0.115202]],"s":1098.65,"t":[-1085.39,-17450.7,4753.69],"timestamp":46659972593},
{"hands":[],"id":297596,"pointables":[],"r":[[0.171252,0.468681,-0.866609],[0.0725365,0.871218,0.485508],[0.982553,-0.146005,0.115202]],"s":1098.65,"t":[-1085.39,-17450.7,4753.69],"timestamp":46659981833},
{"hands":[],"id":297598,"pointables":[],"r":[[0.171252,0.468681,-0.866609],[0.0725365,0.871218,0.485508],[0.982553,-0.146005,0.115202]],"s":1098.65,"t":[-1085.39,-17450.7,4753.69],"timestamp":46659991245},
{"hands":[],"id":297600,"pointables":[],"r":[[0.171252,0.468681,-0.866609],[0.0725365,0.871218,0.485508],[0.982553,-0.146005,0.115202]],"s":1098.65,"t":[-1085.39,-17450.7,4753.69],"timestamp":46660000815},
{"hands":[],"id":297602,"pointables":[],"r":[[0.171252,0.468681,-0.866609],[0.0725365,0.871218,0.485508],[0.982553,-0.146005,0.115202]],"s":1098.65,"t":[-1085.39,-17450.7,4753.69],"timestamp":46660010190},
{"hands":[],"id":297604,"pointables":[],"r":[[0.171252,0.468681,-0.866609],[0.0725365,0.871218,0.485508],[0.982553,-0.146005,0.115202]],"s":1098.65,"t":[-1085.39,-17450.7,4753.69],"timestamp":46660019257},
{"hands":[],"id":297606,"pointables":[],"r":[[0.171252,0.468681,-0.866609],[0.0725365,0.871218,0.485508],[0.982553,-0.146005,0.115202]],"s":1098.65,"t":[-1085.39,-17450.7,4753.69],"timestamp":46660028809},
{"hands":[],"id":297608,"pointables":[],"r":[[0.171252,0.468681,-0.866609],[0.0725365,0.871218,0.485508],[0.982553,-0.146005,0.115202]],"s":1098.65,"t":[-1085.39,-17450.7,4753.69],"timestamp":46660038148},
{"hands":[],"id":297610,"pointables":[],"r":[[0.171252,0.468681,-0.866609],[0.0725365,0.871218,0.485508],[0.982553,-0.146005,0.115202]],"s":1098.65,"t":[-1085.39,-17450.7,4753.69],"timestamp":46660047480},
{"hands":[],"id":297612,"pointables":[],"r":[[0.171252,0.468681,-0.866609],[0.0725365,0.871218,0.485508],[0.982553,-0.146005,0.115202]],"s":1098.65,"t":[-1085.39,-17450.7,4753.69],"timestamp":46660056574},
{"hands":[],"id":297614,"pointables":[],"r":[[0.171252,0.468681,-0.866609],[0.0725365,0.871218,0.485508],[0.982553,-0.146005,0.115202]],"s":1098.65,"t":[-1085.39,-17450.7,4753.69],"timestamp":46660066172},
{"hands":[],"id":297616,"pointables":[],"r":[[0.171252,0.468681,-0.866609],[0.0725365,0.871218,0.485508],[0.982553,-0.146005,0.115202]],"s":1098.65,"t":[-1085.39,-17450.7,4753.69],"timestamp":46660075562},
{"hands":[],"id":297618,"pointables":[],"r":[[0.171252,0.468681,-0.866609],[0.0725365,0.871218,0.485508],[0.982553,-0.146005,0.115202]],"s":1098.65,"t":[-1085.39,-17450.7,4753.69],"timestamp":46660084931},
{"hands":[],"id":297620,"pointables":[],"r":[[0.171252,0.468681,-0.866609],[0.0725365,0.871218,0.485508],[0.982553,-0.146005,0.115202]],"s":1098.65,"t":[-1085.39,-17450.7,4753.69],"timestamp":46660094144},
{"hands":[],"id":297622,"pointables":[],"r":[[0.171252,0.468681,-0.866609],[0.0725365,0.871218,0.485508],[0.982553,-0.146005,0.115202]],"s":1098.65,"t":[-1085.39,-17450.7,4753.69],"timestamp":46660103402},
{"hands":[],"id":297624,"pointables":[],"r":[[0.171252,0.468681,-0.866609],[0.0725365,0.871218,0.485508],[0.982553,-0.146005,0.115202]],"s":1098.65,"t":[-1085.39,-17450.7,4753.69],"timestamp":46660112937},
{"hands":[],"id":297626,"pointables":[],"r":[[0.171252,0.468681,-0.866609],[0.0725365,0.871218,0.485508],[0.982553,-0.146005,0.115202]],"s":1098.65,"t":[-1085.39,-17450.7,4753.69],"timestamp":46660121982},
{"hands":[],"id":297628,"pointables":[],"r":[[0.171252,0.468681,-0.866609],[0.0725365,0.871218,0.485508],[0.982553,-0.146005,0.115202]],"s":1098.65,"t":[-1085.39,-17450.7,4753.69],"timestamp":46660131521},
{"hands":[],"id":297630,"pointables":[],"r":[[0.171252,0.468681,-0.866609],[0.0725365,0.871218,0.485508],[0.982553,-0.146005,0.115202]],"s":1098.65,"t":[-1085.39,-17450.7,4753.69],"timestamp":46660140713},
{"hands":[],"id":297632,"pointables":[],"r":[[0.171252,0.468681,-0.866609],[0.0725365,0.871218,0.485508],[0.982553,-0.146005,0.115202]],"s":1098.65,"t":[-1085.39,-17450.7,4753.69],"timestamp":46660150303},
{"hands":[],"id":297634,"pointables":[{"direction":[-0.319375,0.495763,-0.8076],"handId":1,"id":2,"length":40.815,"tipPosition":[60.6813,174.058,184.103],"tipVelocity":[-215.7,-815.855,-453.022],"tool":false}],"r":[[0.171252,0.468681,-0.866609],[0.0725365,0.871218,0.485508],[0.982553,-0.146005,0.115202]],"s":1098.65,"t":[-1086.39,-17454.5,4751.57],"timestamp":46660159652},
{"hands":[],"id":297636,"pointables":[{"direction":[-0.360203,0.613327,-0.70291],"handId":1,"id":2,"length":38.8053,"tipPosition":[58.3688,168.075,181.431],"tipVelocity":[-254.144,-657.529,-293.727],"tool":false}],"r":[[0.171252,0.468681,-0.866609],[0.0725365,0.871218,0.485508],[0.982553,-0.146005,0.115202]],"s":1098.65,"t":[-1088.05,-17459.4,4749.18],"timestamp":46660168751},
{"hands":[],"id":297638,"pointables":[{"direction":[-0.426751,0.541056,-0.724667],"handId":1,"id":2,"length":37.02,"tipPosition":[55.8312,163.337,179.438],"tipVelocity":[-263.956,-492.807,-207.266],"tool":false}],"r":[[0.171252,0.468681,-0.866609],[0.0725365,0.871218,0.485508],[0.982553,-0.146005,0.115202]],"s":1098.65,"t":[-1090.15,-17464.2,4746.98],"timestamp":46660178365},
{"hands":[],"id":297640,"pointables":[{"direction":[-0.469279,0.544927,-0.694862],"handId":1,"id":2,"length":35.5056,"tipPosition":[53.0033,159.604,177.898],"tipVelocity":[-305.152,-402.799,-166.189],"tool":false}],"r":[[0.171252,0.468681,-0.866609],[0.0725365,0.871218,0.485508],[0.982553,-0.146005,0.115202]],"s":1098.65,"t":[-1092.62,-17468.5,4745.11],"timestamp":46660187632},
{"hands":[],"id":297642,"pointables":[{"direction":[-0.249272,0.641681,-0.725334],"handId":1,"id":2,"length":33.8589,"tipPosition":[49.4621,156.882,176.667],"tipVelocity":[-377.002,-289.827,-131.064],"tool":false}],"r":[[0.171252,0.468681,-0.866609],[0.0725365,0.871218,0.485508],[0.982553,-0.146005,0.115202]],"s":1098.65,"t":[-1095.62,-17472,4743.57],"timestamp":46660197025},
{"hands":[],"id":297644,"pointables":[{"direction":[-0.33138,0.65399,-0.680062],"handId":1,"id":2,"length":32.6724,"tipPosition":[45.8788,154.686,176.107],"tipVelocity":[-395.425,-242.333,-61.7998],"tool":false}],"r":[[0.171252,0.468681,-0.866609],[0.0725365,0.871218,0.485508],[0.982553,-0.146005,0.115202]],"s":1098.65,"t":[-1098.91,-17474.8,4742.51],"timestamp":46660206087},
{"hands":[],"id":297646,"pointables":[{"direction":[-0.355681,0.637343,-0.683583],"handId":1,"id":2,"length":31.5544,"tipPosition":[41.8808,152.817,175.744],"tipVelocity":[-422.981,-197.721,-38.3684],"tool":false}],"r":[[0.171252,0.468681,-0.866609],[0.0725365,0.871218,0.485508],[0.982553,-0.146005,0.115202]],"s":1098.65,"t":[-1102.56,-17477.2,4741.8],"timestamp":46660215539},
{"hands":[],"id":297648,"pointables":[{"direction":[-0.167587,0.676634,-0.716994],"handId":1,"id":2,"length":30.5128,"tipPosition":[37.0445,151.619,175.673],"tipVelocity":[-519.474,-128.666,-7.65802],"tool":false}],"r":[[0.171252,0.468681,-0.866609],[0.0725365,0.871218,0.485508],[0.982553,-0.146005,0.115202]],"s":1098.65,"t":[-1106.8,-17479,4741.41],"timestamp":46660224849},
{"hands":[],"id":297650,"pointables":[{"direction":[-0.343753,0.898716,0.272292],"handId":1,"id":2,"length":29.5669,"tipPosition":[32.962,145.897,176.856],"tipVelocity":[-425.742,-596.777,123.393],"tool":false}],"r":[[0.171252,0.468681,-0.866609],[0.0725365,0.871218,0.485508],[0.982553,-0.146005,0.115202]],"s":1098.65,"t":[-1110.96,-17482.7,4741.81],"timestamp":46660234438},
{"hands":[],"id":297652,"pointables":[],"r":[[0.171252,0.468681,-0.866609],[0.0725365,0.871218,0.485508],[0.982553,-0.146005,0.115202]],"s":1098.65,"t":[-1114.29,-17485.7,4742.13],"timestamp":46660243655},
{"hands":[],"id":297654,"pointables":[{"direction":[-0.31481,-0.7623,0.565502],"handId":1,"id":2,"length":26.674,"tipPosition":[26.6397,142.448,178.569],"tipVelocity":[-342.655,-186.893,92.8369],"tool":false}],"r":[[0.171252,0.468681,-0.866609],[0.0725365,0.871218,0.485508],[0.982553,-0.146005,0.115202]],"s":1098.65,"t":[-1119.11,-17488.9,4743.14],"timestamp":46660252889},
{"hands":[],"id":297656,"pointables":[{"direction":[-0.559084,-0.828382,-0.0347716],"handId":1,"id":2,"length":25.4082,"tipPosition":[19.1741,137.967,180.531],"tipVelocity":[-782.806,-469.817,205.74],"tool":false}],"r":[[0.171252,0.468681,-0.866609],[0.0725365,0.871218,0.485508],[0.982553,-0.146005,0.115202]],"s":1098.65,"t":[-1125.26,-17492.8,4744.63],"timestamp":46660262426},
{"hands":[],"id":297658,"pointables":[],"r":[[0.171252,0.468681,-0.866609],[0.0725365,0.871218,0.485508],[0.982553,-0.146005,0.115202]],"s":1098.65,"t":[-1130.18,-17495.9,4745.82],"timestamp":46660271655},
{"hands":[],"id":297660,"pointables":[{"direction":[-0.183051,-0.971927,0.147817],"handId":1,"id":2,"length":20.9951,"tipPosition":[9.92486,135.279,184.082],"tipVelocity":[-496.497,-144.316,190.613],"tool":false}],"r":[[0.171252,0.468681,-0.866609],[0.0725365,0.871218,0.485508],[0.982553,-0.146005,0.115202]],"s":1098.65,"t":[-1137.26,-17498.8,4748.19],"timestamp":46660281055},
{"hands":[],"id":297662,"pointables":[],"r":[[0.171252,0.468681,-0.866609],[0.0725365,0.871218,0.485508],[0.982553,-0.146005,0.115202]],"s":1098.65,"t":[-1142.93,-17501.1,4750.09],"timestamp":46660290380},
{"hands":[],"id":297664,"pointables":[],"r":[[0.171252,0.468681,-0.866609],[0.0725365,0.871218,0.485508],[0.982553,-0.146005,0.115202]],"s":1098.65,"t":[-1147.46,-17502.9,4751.61],"timestamp":46660299826},
{"hands":[],"id":297666,"pointables":[{"direction":[0.0146072,-0.999791,0.0142831],"handId":1,"id":2,"length":21.1824,"tipPosition":[-0.979144,139.404,187.451],"tipVelocity":[-387.505,146.604,119.726],"tool":false}],"r":[[0.171252,0.468681,-0.866609],[0.0725365,0.871218,0.485508],[0.982553,-0.146005,0.115202]],"s":1098.65,"t":[-1155.18,-17501.8,4754.05],"timestamp":46660309194},
{"hands":[],"id":297668,"pointables":[],"r":[[0.171252,0.468681,-0.866609],[0.0725365,0.871218,0.485508],[0.982553,-0.146005,0.115202]],"s":1098.65,"t":[-1161.35,-17500.9,4756],"timestamp":46660318428},
{"hands":[],"id":297670,"pointables":[],"r":[[0.171252,0.468681,-0.866609],[0.0725365,0.871218,0.485508],[0.982553,-0.146005,0.115202]],"s":1098.65,"t":[-1166.29,-17500.1,4757.57],"timestamp":46660327774},
{"hands":[],"id":297672,"pointables":[{"direction":[0.0757952,-0.943387,0.322919],"handId":1,"id":2,"length":21.5544,"tipPosition":[-10.7117,147.65,193.305],"tipVelocity":[-349.225,295.857,210.051],"tool":false}],"r":[[0.171252,0.468681,-0.866609],[0.0725365,0.871218,0.485508],[0.982553,-0.146005,0.115202]],"s":1098.65,"t":[-1173.63,-17495.6,4761.28],"timestamp":46660337063},
{"hands":[],"id":297674,"pointables":[],"r":[[0.171252,0.468681,-0.866609],[0.0725365,0.871218,0.485508],[0.982553,-0.146005,0.115202]],"s":1098.65,"t":[-1179.5,-17492.1,4764.24],"timestamp":46660346489},
{"hands":[],"id":297676,"pointables":[],"r":[[0.171252,0.468681,-0.866609],[0.0725365,0.871218,0.485508],[0.982553,-0.146005,0.115202]],"s":1098.65,"t":[-1184.19,-17489.2,4766.62],"timestamp":46660355665},
{"hands":[],"id":297678,"pointables":[],"r":[[0.171252,0.468681,-0.866609],[0.0725365,0.871218,0.485508],[0.982553,-0.146005,0.115202]],"s":1098.65,"t":[-1187.95,-17486.9,4768.52],"timestamp":46660365174},
{"hands":[],"id":297680,"pointables":[{"direction":[0.100114,-0.993949,0.0451888],"handId":1,"id":2,"length":19.0369,"tipPosition":[-14.0071,157.531,201.85],"tipVelocity":[-88.4053,265.08,229.249],"tool":false}],"r":[[0.171252,0.468681,-0.866609],[0.0725365,0.871218,0.485508],[0.982553,-0.146005,0.115202]],"s":1098.65,"t":[-1191.47,-17480.8,4773.74],"timestamp":46660374339},
{"hands":[],"id":297682,"pointables":[],"r":[[0.171252,0.468681,-0.866609],[0.0725365,0.871218,0.485508],[0.982553,-0.146005,0.115202]],"s":1098.65,"t":[-1194.3,-17475.9,4777.92],"timestamp":46660383936},
{"hands":[],"id":297684,"pointables":[],"r":[[0.171252,0.468681,-0.866609],[0.0725365,0.871218,0.485508],[0.982553,-0.146005,0.115202]],"s":1098.65,"t":[-1196.55,-17472,4781.26],"timestamp":46660393016},
{"hands":[],"id":297686,"pointables":[],"r":[[0.171252,0.468681,-0.866609],[0.0725365,0.871218,0.485508],[0.982553,-0.146005,0.115202]],"s":1098.65,"t":[-1198.36,-17468.9,4783.93],"timestamp":46660402485},
{"hands":[],"id":297688,"pointables":[],"r":[[0.171252,0.468681,-0.866609],[0.0725365,0.871218,0.485508],[0.982553,-0.146005,0.115202]],"s":1098.65,"t":[-1199.8,-17466.4,4786.07],"timestamp":46660411847},
{"hands":[],"id":297690,"pointables":[],"r":[[0.171252,0.468681,-0.866609],[0.0725365,0.871218,0.485508],[0.982553,-0.146005,0.115202]],"s":1098.65,"t":[-1200.96,-17464.4,4787.78],"timestamp":46660421177},
{"hands":[],"id":297692,"pointables":[],"r":[[0.171252,0.468681,-0.866609],[0.0725365,0.871218,0.485508],[0.982553,-0.146005,0.115202]],"s":1098.65,"t":[-1201.88,-17462.8,4789.15],"timestamp":46660430553},
{"hands":[],"id":297694,"pointables":[],"r":[[0.171252,0.468681,-0.866609],[0.0725365,0.871218,0.485508],[0.982553,-0.146005,0.115202]],"s":1098.65,"t":[-1202.62,-17461.5,4790.25],"timestamp":46660439834},
{"hands":[],"id":297696,"pointables":[],"r":[[0.171252,0.468681,-0.866609],[0.0725365,0.871218,0.485508],[0.982553,-0.146005,0.115202]],"s":1098.65,"t":[-1203.21,-17460.5,4791.12],"timestamp":46660449266},
{"hands":[],"id":297698,"pointables":[],"r":[[0.171252,0.468681,-0.866609],[0.0725365,0.871218,0.485508],[0.982553,-0.146005,0.115202]],"s":1098.65,"t":[-1203.68,-17459.7,4791.82],"timestamp":46660458467},
{"hands":[],"id":297700,"pointables":[],"r":[[0.171252,0.468681,-0.866609],[0.0725365,0.871218,0.485508],[0.982553,-0.146005,0.115202]],"s":1098.65,"t":[-1204.06,-17459.1,4792.38],"timestamp":46660467926},
{"hands":[],"id":297702,"pointables":[],"r":[[0.171252,0.468681,-0.866609],[0.0725365,0.871218,0.485508],[0.982553,-0.146005,0.115202]],"s":1098.65,"t":[-1204.37,-17458.5,4792.83],"timestamp":46660477309},
{"hands":[],"id":297704,"pointables":[],"r":[[0.171252,0.468681,-0.866609],[0.0725365,0.871218,0.485508],[0.982553,-0.146005,0.115202]],"s":1098.65,"t":[-1204.61,-17458.1,4793.19],"timestamp":46660486575},
{"hands":[],"id":297706,"pointables":[],"r":[[0.171252,0.468681,-0.866609],[0.0725365,0.871218,0.485508],[0.982553,-0.146005,0.115202]],"s":1098.65,"t":[-1204.8,-17457.8,4793.48],"timestamp":46660496063},
{"hands":[],"id":297708,"pointables":[],"r":[[0.171252,0.468681,-0.866609],[0.0725365,0.871218,0.485508],[0.982553,-0.146005,0.115202]],"s":1098.65,"t":[-1204.96,-17457.5,4793.71],"timestamp":46660505090},
{"hands":[],"id":297710,"pointables":[],"r":[[0.171252,0.468681,-0.866609],[0.0725365,0.871218,0.485508],[0.982553,-0.146005,0.115202]],"s":1098.65,"t":[-1205.08,-17457.3,4793.89],"timestamp":46660514708},
{"hands":[],"id":297712,"pointables":[],"r":[[0.171252,0.468681,-0.866609],[0.0725365,0.871218,0.485508],[0.982553,-0.146005,0.115202]],"s":1098.65,"t":[-1205.18,-17457.1,4794.04],"timestamp":46660523962},
{"hands":[],"id":297714,"pointables":[],"r":[[0.171252,0.468681,-0.866609],[0.0725365,0.871218,0.485508],[0.982553,-0.146005,0.115202]],"s":1098.65,"t":[-1205.26,-17457,4794.16],"timestamp":46660533338},
{"hands":[],"id":297716,"pointables":[],"r":[[0.171252,0.468681,-0.866609],[0.0725365,0.871218,0.485508],[0.982553,-0.146005,0.115202]],"s":1098.65,"t":[-1205.32,-17456.9,4794.25],"timestamp":46660542690},
{"hands":[],"id":297718,"pointables":[],"r":[[0.171252,0.468681,-0.866609],[0.0725365,0.871218,0.485508],[0.982553,-0.146005,0.115202]],"s":1098.65,"t":[-1205.37,-17456.8,4794.33],"timestamp":46660551999},
{"hands":[],"id":297720,"pointables":[],"r":[[0.171252,0.468681,-0.866609],[0.0725365,0.871218,0.485508],[0.982553,-0.146005,0.115202]],"s":1098.65,"t":[-1205.42,-17456.7,4794.39],"timestamp":46660561481},
{"hands":[],"id":297722,"pointables":[],"r":[[0.171252,0.468681,-0.866609],[0.0725365,0.871218,0.485508],[0.982553,-0.146005,0.115202]],"s":1098.65,"t":[-1205.45,-17456.7,4794.43],"timestamp":46660570676},
{"hands":[],"id":297724,"pointables":[],"r":[[0.171252,0.468681,-0.866609],[0.0725365,0.871218,0.485508],[0.982553,-0.146005,0.115202]],"s":1098.65,"t":[-1205.47,-17456.6,4794.47],"timestamp":46660580146},
{"hands":[],"id":297726,"pointables":[],"r":[[0.171252,0.468681,-0.866609],[0.0725365,0.871218,0.485508],[0.982553,-0.146005,0.115202]],"s":1098.65,"t":[-1205.49,-17456.6,4794.5],"timestamp":46660589364},
{"hands":[],"id":297728,"pointables":[],"r":[[0.171252,0.468681,-0.866609],[0.0725365,0.871218,0.485508],[0.982553,-0.146005,0.115202]],"s":1098.65,"t":[-1205.51,-17456.6,4794.53],"timestamp":46660598792},
{"hands":[],"id":297730,"pointables":[],"r":[[0.171252,0.468681,-0.866609],[0.0725365,0.871218,0.485508],[0.982553,-0.146005,0.115202]],"s":1098.65,"t":[-1205.52,-17456.5,4794.55],"timestamp":46660607966},
{"hands":[],"id":297732,"pointables":[],"r":[[0.171252,0.468681,-0.866609],[0.0725365,0.871218,0.485508],[0.982553,-0.146005,0.115202]],"s":1098.65,"t":[-1205.54,-17456.5,4794.56],"timestamp":46660617563},
{"hands":[],"id":297734,"pointables":[],"r":[[0.171252,0.468681,-0.866609],[0.0725365,0.871218,0.485508],[0.982553,-0.146005,0.115202]],"s":1098.65,"t":[-1205.54,-17456.5,4794.58],"timestamp":46660626569},
{"hands":[],"id":297736,"pointables":[],"r":[[0.171252,0.468681,-0.866609],[0.0725365,0.871218,0.485508],[0.982553,-0.146005,0.115202]],"s":1098.65,"t":[-1205.55,-17456.5,4794.59],"timestamp":46660636183},
{"hands":[],"id":297738,"pointables":[],"r":[[0.171252,0.468681,-0.866609],[0.0725365,0.871218,0.485508],[0.982553,-0.146005,0.115202]],"s":1098.65,"t":[-1205.56,-17456.5,4794.59],"timestamp":46660645396},
{"hands":[],"id":297740,"pointables":[],"r":[[0.171252,0.468681,-0.866609],[0.0725365,0.871218,0.485508],[0.982553,-0.146005,0.115202]],"s":1098.65,"t":[-1205.56,-17456.5,4794.6],"timestamp":46660654693},
{"hands":[],"id":297742,"pointables":[],"r":[[0.171252,0.468681,-0.866609],[0.0725365,0.871218,0.485508],[0.982553,-0.146005,0.115202]],"s":1098.65,"t":[-1205.56,-17456.5,4794.61],"timestamp":46660663946},
{"hands":[],"id":297744,"pointables":[],"r":[[0.171252,0.468681,-0.866609],[0.0725365,0.871218,0.485508],[0.982553,-0.146005,0.115202]],"s":1098.65,"t":[-1205.57,-17456.5,4794.61],"timestamp":46660673528},
{"hands":[],"id":297746,"pointables":[],"r":[[0.171252,0.468681,-0.866609],[0.0725365,0.871218,0.485508],[0.982553,-0.146005,0.115202]],"s":1098.65,"t":[-1205.57,-17456.5,4794.61],"timestamp":46660682879},
