[
{"hands":[],"id":194645,"pointables":[],"r":[[0.102276,-0.610986,-0.785007],[-0.775653,-0.543067,0.321622],[-0.622818,0.575999,-0.529456]],"s":972.785,"t":[2283.84,-23767.3,6934.93],"timestamp":5698756189},
{"hands":[],"id":194646,"pointables":[],"r":[[0.102276,-0.610986,-0.785007],[-0.775653,-0.543067,0.321622],[-0.622818,0.575999,-0.529456]],"s":972.785,"t":[2283.84,-23767.3,6934.93],"timestamp":5698764735},
{"hands":[],"id":194647,"pointables":[],"r":[[0.102276,-0.610986,-0.785007],[-0.775653,-0.543067,0.321622],[-0.622818,0.575999,-0.529456]],"s":972.785,"t":[2283.84,-23767.3,6934.93],"timestamp":5698773486},
{"hands":[],"id":194648,"pointables":[],"r":[[0.102276,-0.610986,-0.785007],[-0.775653,-0.543067,0.321622],[-0.622818,0.575999,-0.529456]],"s":972.785,"t":[2283.84,-23767.3,6934.93],"timestamp":5698782113},
{"hands":[],"id":194649,"pointables":[],"r":[[0.102276,-0.610986,-0.785007],[-0.775653,-0.543067,0.321622],[-0.622818,0.575999,-0.529456]],"s":972.785,"t":[2283.84,-23767.3,6934.93],"timestamp":5698790972},
{"hands":[],"id":194650,"pointables":[],"r":[[0.102276,-0.610986,-0.785007],[-0.775653,-0.543067,0.321622],[-0.622818,0.575999,-0.529456]],"s":972.785,"t":[2283.84,-23767.3,6934.93],"timestamp":5698799732},
{"hands":[],"id":194653,"pointables":[],"r":[[0.102276,-0.610986,-0.785007],[-0.775653,-0.543067,0.321622],[-0.622818,0.575999,-0.529456]],"s":972.785,"t":[2283.84,-23767.3,6934.93],"timestamp":5698825682},
{"hands":[],"id":194654,"pointables":[],"r":[[0.102276,-0.610986,-0.785007],[-0.775653,-0.543067,0.321622],[-0.622818,0.575999,-0.529456]],"s":972.785,"t":[2283.84,-23767.3,6934.93],"timestamp":5698834184},
{"hands":[],"id":194655,"pointables":[],"r":[[0.102276,-0.610986,-0.785007],[-0.775653,-0.543067,0.321622],[-0.622818,0.575999,-0.529456]],"s":972.785,"t":[2283.84,-23767.3,6934.93],"timestamp":5698842808},
{"hands":[],"id":194656,"pointables":[],"r":[[0.102276,-0.610986,-0.785007],[-0.775653,-0.543067,0.321622],[-0.622818,0.575999,-0.529456]],"s":972.785,"t":[2283.84,-23767.3,6934.93],"timestamp":5698851606},
{"hands":[],"id":194657,"pointables":[],"r":[[0.102276,-0.610986,-0.785007],[-0.775653,-0.543067,0.321622],[-0.622818,0.575999,-0.529456]],"s":972.785,"t":[2283.84,-23767.3,6934.93],"timestamp":5698860358},
{"hands":[],"id":194658,"pointables":[],"r":[[0.102276,-0.610986,-0.785007],[-0.775653,-0.543067,0.321622],[-0.622818,0.575999,-0.529456]],"s":972.785,"t":[2283.84,-23767.3,6934.93],"timestamp":5698868819},
{"hands":[],"id":194659,"pointables":[],"r":[[0.102276,-0.610986,-0.785007],[-0.775653,-0.543067,0.321622],[-0.622818,0.575999,-0.529456]],"s":972.785,"t":[2283.84,-23767.3,6934.93],"timestamp":5698877738},
{"hands":[],"id":194660,"pointables":[],"r":[[0.102276,-0.610986,-0.785007],[-0.775653,-0.543067,0.321622],[-0.622818,0.575999,-0.529456]],"s":972.785,"t":[2283.84,-23767.3,6934.93],"timestamp":5698886181},
{"hands":[],"id":194661,"pointables":[],"r":[[0.102276,-0.610986,-0.785007],[-0.775653,-0.543067,0.321622],[-0.622818,0.575999,-0.529456]],"s":972.785,"t":[2283.84,-23767.3,6934.93],"timestamp":5698895110},
{"hands":[],"id":194662,"pointables":[],"r":[[0.102276,-0.610986,-0.785007],[-0.775653,-0.543067,0.321622],[-0.622818,0.575999,-0.529456]],"s":972.785,"t":[2283.84,-23767.3,6934.93],"timestamp":5698903561},
{"hands":[],"id":194663,"pointables":[],"r":[[0.102276,-0.610986,-0.785007],[-0.775653,-0.543067,0.321622],[-0.622818,0.575999,-0.529456]],"s":972.785,"t":[2283.84,-23767.3,6934.93],"timestamp":5698912485},
{"hands":[],"id":194664,"pointables":[],"r":[[0.102276,-0.610986,-0.785007],[-0.775653,-0.543067,0.321622],[-0.622818,0.575999,-0.529456]],"s":972.785,"t":[2283.84,-23767.3,6934.93],"timestamp":5698921050},
{"hands":[],"id":194665,"pointables":[],"r":[[0.102276,-0.610986,-0.785007],[-0.775653,-0.543067,0.321622],[-0.622818,0.575999,-0.529456]],"s":972.785,"t":[2283.84,-23767.3,6934.93],"timestamp":5698929714},
{"hands":[],"id":194666,"pointables":[],"r":[[0.102276,-0.610986,-0.785007],[-0.775653,-0.543067,0.321622],[-0.622818,0.575999,-0.529456]],"s":972.785,"t":[2283.84,-23767.3,6934.93],"timestamp":5698938416},
{"hands":[],"id":194667,"pointables":[],"r":[[0.102276,-0.610986,-0.785007],[-0.775653,-0.543067,0.321622],[-0.622818,0.575999,-0.529456]],"s":972.785,"t":[2283.84,-23767.3,6934.93],"timestamp":5698947114},
{"hands":[],"id":194668,"pointables":[],"r":[[0.102276,-0.610986,-0.785007],[-0.775653,-0.543067,0.321622],[-0.622818,0.575999,-0.529456]],"s":972.785,"t":[2283.84,-23767.3,6934.93],"timestamp":5698955602},
{"hands":[],"id":194669,"pointables":[],"r":[[0.102276,-0.610986,-0.785007],[-0.775653,-0.543067,0.321622],[-0.622818,0.575999,-0.529456]],"s":972.785,"t":[2283.84,-23767.3,6934.93],"timestamp":5698964404},
{"hands":[],"id":194670,"pointables":[],"r":[[0.102276,-0.610986,-0.785007],[-0.775653,-0.543067,0.321622],[-0.622818,0.575999,-0.529456]],"s":972.785,"t":[2283.84,-23767.3,6934.93],"timestamp":5698972922},
{"hands":[],"id":194671,"pointables":[],"r":[[0.102276,-0.610986,-0.785007],[-0.775653,-0.543067,0.321622],[-0.622818,0.575999,-0.529456]],"s":972.785,"t":[2283.84,-23767.3,6934.93],"timestamp":5698981801},
{"hands":[],"id":194672,"pointables":[],"r":[[0.102276,-0.610986,-0.785007],[-0.775653,-0.543067,0.321622],[-0.622818,0.575999,-0.529456]],"s":972.785,"t":[2283.84,-23767.3,6934.93],"timestamp":5698990309},
{"hands":[],"id":194673,"pointables":[],"r":[[0.102276,-0.610986,-0.785007],[-0.775653,-0.543067,0.321622],[-0.622818,0.575999,-0.529456]],"s":972.785,"t":[2283.84,-23767.3,6934.93],"timestamp":5698998939},
{"hands":[],"id":194674,"pointables":[],"r":[[0.102276,-0.610986,-0.785007],[-0.775653,-0.543067,0.321622],[-0.622818,0.575999,-0.529456]],"s":972.785,"t":[2283.84,-23767.3,6934.93],"timestamp":5699007711},
{"hands":[],"id":194675,"pointables":[],"r":[[0.102276,-0.610986,-0.785007],[-0.775653,-0.543067,0.321622],[-0.622818,0.575999,-0.529456]],"s":972.785,"t":[2283.84,-23767.3,6934.93],"timestamp":5699016245},
{"hands":[],"id":194676,"pointables":[],"r":[[0.102276,-0.610986,-0.785007],[-0.775653,-0.543067,0.321622],[-0.622818,0.575999,-0.529456]],"s":972.785,"t":[2283.84,-23767.3,6934.93],"timestamp":5699024946},
{"hands":[],"id":194677,"pointables":[],"r":[[0.102276,-0.610986,-0.785007],[-0.775653,-0.543067,0.321622],[-0.622818,0.575999,-0.529456]],"s":972.785,"t":[2283.84,-23767.3,6934.93],"timestamp":5699033720},
{"hands":[],"id":194678,"pointables":[],"r":[[0.102276,-0.610986,-0.785007],[-0.775653,-0.543067,0.321622],[-0.622818,0.575999,-0.529456]],"s":972.785,"t":[2283.84,-23767.3,6934.93],"timestamp":5699042291},
{"hands":[],"id":194679,"pointables":[],"r":[[0.102276,-0.610986,-0.785007],[-0.775653,-0.543067,0.321622],[-0.622818,0.575999,-0.529456]],"s":972.785,"t":[2283.84,-23767.3,6934.93],"timestamp":5699051197},
{"hands":[],"id":194680,"pointables":[],"r":[[0.102276,-0.610986,-0.785007],[-0.775653,-0.543067,0.321622],[-0.622818,0.575999,-0.529456]],"s":972.785,"t":[2283.84,-23767.3,6934.93],"timestamp":5699059867},
{"hands":[],"id":194681,"pointables":[],"r":[[0.102276,-0.610986,-0.785007],[-0.775653,-0.543067,0.321622],[-0.622818,0.575999,-0.529456]],"s":972.785,"t":[2283.84,-23767.3,6934.93],"timestamp":5699068314},
{"hands":[],"id":194682,"pointables":[],"r":[[0.102276,-0.610986,-0.785007],[-0.775653,-0.543067,0.321622],[-0.622818,0.575999,-0.529456]],"s":972.785,"t":[2283.84,-23767.3,6934.93],"timestamp":5699077069},
{"hands":[],"id":194683,"pointables":[],"r":[[0.102276,-0.610986,-0.785007],[-0.775653,-0.543067,0.321622],[-0.622818,0.575999,-0.529456]],"s":972.785,"t":[2283.84,-23767.3,6934.93],"timestamp":5699085710},
{"hands":[],"id":194684,"pointables":[],"r":[[0.102276,-0.610986,-0.785007],[-0.775653,-0.543067,0.321622],[-0.622818,0.575999,-0.529456]],"s":972.785,"t":[2283.84,-23767.3,6934.93],"timestamp":5699094288},
{"hands":[],"id":194685,"pointables":[],"r":[[0.102276,-0.610986,-0.785007],[-0.775653,-0.543067,0.321622],[-0.622818,0.575999,-0.529456]],"s":972.785,"t":[2283.84,-23767.3,6934.93],"timestamp":5699103047},
{"hands":[],"id":194686,"pointables":[],"r":[[0.102276,-0.610986,-0.785007],[-0.775653,-0.543067,0.321622],[-0.622818,0.575999,-0.529456]],"s":972.785,"t":[2283.84,-23767.3,6934.93],"timestamp":5699111647},
{"hands":[],"id":194687,"pointables":[],"r":[[0.102276,-0.610986,-0.785007],[-0.775653,-0.543067,0.321622],[-0.622818,0.575999,-0.529456]],"s":972.785,"t":[2283.84,-23767.3,6934.93],"timestamp":5699120518},
{"hands":[],"id":194688,"pointables":[],"r":[[0.102276,-0.610986,-0.785007],[-0.775653,-0.543067,0.321622],[-0.622818,0.575999,-0.529456]],"s":972.785,"t":[2283.84,-23767.3,6934.93],"timestamp":5699129240},
{"hands":[],"id":194689,"pointables":[],"r":[[0.102276,-0.610986,-0.785007],[-0.775653,-0.543067,0.321622],[-0.622818,0.575999,-0.529456]],"s":972.785,"t":[2283.84,-23767.3,6934.93],"timestamp":5699137657},
{"hands":[],"id":194690,"pointables":[],"r":[[0.102276,-0.610986,-0.785007],[-0.775653,-0.543067,0.321622],[-0.622818,0.575999,-0.529456]],"s":972.785,"t":[2283.84,-23767.3,6934.93],"timestamp":5699146463},
{"hands":[],"id":194691,"pointables":[],"r":[[0.102276,-0.610986,-0.785007],[-0.775653,-0.543067,0.321622],[-0.622818,0.575999,-0.529456]],"s":972.785,"t":[2283.84,-23767.3,6934.93],"timestamp":5699155043},
{"hands":[],"id":194692,"pointables":[],"r":[[0.102276,-0.610986,-0.785007],[-0.775653,-0.543067,0.321622],[-0.622818,0.575999,-0.529456]],"s":972.785,"t":[2283.84,-23767.3,6934.93],"timestamp":5699163865},
{"hands":[],"id":194693,"pointables":[],"r":[[0.102276,-0.610986,-0.785007],[-0.775653,-0.543067,0.321622],[-0.622818,0.575999,-0.529456]],"s":972.785,"t":[2283.84,-23767.3,6934.93],"timestamp":5699172534},
{"hands":[],"id":194694,"pointables":[],"r":[[0.102276,-0.610986,-0.785007],[-0.775653,-0.543067,0.321622],[-0.622818,0.575999,-0.529456]],"s":972.785,"t":[2283.84,-23767.3,6934.93],"timestamp":5699181081},
{"hands":[],"id":194695,"pointables":[],"r":[[0.102276,-0.610986,-0.785007],[-0.775653,-0.543067,0.321622],[-0.622818,0.575999,-0.529456]],"s":972.785,"t":[2283.84,-23767.3,6934.93],"timestamp":5699189786},
{"hands":[],"id":194696,"pointables":[],"r":[[0.102276,-0.610986,-0.785007],[-0.775653,-0.543067,0.321622],[-0.622818,0.575999,-0.529456]],"s":972.785,"t":[2283.84,-23767.3,6934.93],"timestamp":5699198350},
{"hands":[],"id":194697,"pointables":[],"r":[[0.102276,-0.610986,-0.785007],[-0.775653,-0.543067,0.321622],[-0.622818,0.575999,-0.529456]],"s":972.785,"t":[2283.84,-23767.3,6934.93],"timestamp":5699207068},
{"hands":[],"id":194698,"pointables":[],"r":[[0.102276,-0.610986,-0.785007],[-0.775653,-0.543067,0.321622],[-0.622818,0.575999,-0.529456]],"s":972.785,"t":[2283.84,-23767.3,6934.93],"timestamp":5699215816},
{"hands":[],"id":194699,"pointables":[],"r":[[0.102276,-0.610986,-0.785007],[-0.775653,-0.543067,0.321622],[-0.622818,0.575999,-0.529456]],"s":972.785,"t":[2283.84,-23767.3,6934.93],"timestamp":5699224486},
{"hands":[],"id":194700,"pointables":[],"r":[[0.102276,-0.610986,-0.785007],[-0.775653,-0.543067,0.321622],[-0.622818,0.575999,-0.529456]],"s":972.785,"t":[2283.84,-23767.3,6934.93],"timestamp":5699233276},
{"hands":[],"id":194701,"pointables":[],"r":[[0.102276,-0.610986,-0.785007],[-0.775653,-0.543067,0.321622],[-0.622818,0.575999,-0.529456]],"s":972.785,"t":[2283.84,-23767.3,6934.93],"timestamp":5699241826},
{"hands":[],"id":194702,"pointables":[],"r":[[0.102276,-0.610986,-0.785007],[-0.775653,-0.543067,0.321622],[-0.622818,0.575999,-0.529456]],"s":972.785,"t":[2283.84,-23767.3,6934.93],"timestamp":5699250523},
{"hands":[],"id":194703,"pointables":[],"r":[[0.102276,-0.610986,-0.785007],[-0.775653,-0.543067,0.321622],[-0.622818,0.575999,-0.529456]],"s":972.785,"t":[2283.84,-23767.3,6934.93],"timestamp":5699259270},
{"hands":[],"id":194704,"pointables":[],"r":[[0.102276,-0.610986,-0.785007],[-0.775653,-0.543067,0.321622],[-0.622818,0.575999,-0.529456]],"s":972.785,"t":[2283.84,-23767.3,6934.93],"timestamp":5699267791},
{"hands":[],"id":194705,"pointables":[],"r":[[0.102276,-0.610986,-0.785007],[-0.775653,-0.543067,0.321622],[-0.622818,0.575999,-0.529456]],"s":972.785,"t":[2283.84,-23767.3,6934.93],"timestamp":5699276717},
{"hands":[],"id":194706,"pointables":[],"r":[[0.102276,-0.610986,-0.785007],[-0.775653,-0.543067,0.321622],[-0.622818,0.575999,-0.529456]],"s":972.785,"t":[2283.84,-23767.3,6934.93],"timestamp":5699285424},
{"hands":[],"id":194707,"pointables":[],"r":[[0.102276,-0.610986,-0.785007],[-0.775653,-0.543067,0.321622],[-0.622818,0.575999,-0.529456]],"s":972.785,"t":[2283.84,-23767.3,6934.93],"timestamp":5699293964},
{"hands":[],"id":194708,"pointables":[],"r":[[0.102276,-0.610986,-0.785007],[-0.775653,-0.543067,0.321622],[-0.622818,0.575999,-0.529456]],"s":972.785,"t":[2283.84,-23767.3,6934.93],"timestamp":5699302397},
{"hands":[],"id":194709,"pointables":[],"r":[[0.102276,-0.610986,-0.785007],[-0.775653,-0.543067,0.321622],[-0.622818,0.575999,-0.529456]],"s":972.785,"t":[2283.84,-23767.3,6934.93],"timestamp":5699311369},
{"hands":[{"direction":[-0.24721,0.0840785,-0.866742],"id":1,"palmNormal":[0.0973437,-0.907214,-0.0553064],"palmPosition":[31.9688,201.034,0.709586],"palmVelocity":[-376.21,-365.651,-3525.08],"r":[[1,0,0],[0,1,0],[0,0,1]],"s":1,"sphereCenter":[20.9396,195.33,54.2443],"sphereRadius":58.2552,"t":[0,0,0]}],"id":194710,"pointables":[],"r":[[0.102276,-0.610986,-0.785007],[-0.775653,-0.543067,0.321622],[-0.622818,0.575999,-0.529456]],"s":972.785,"t":[2283.2,-23768,6928.95],"timestamp":5699319857},
{"hands":[{"direction":[-0.243244,0.0276254,-0.874245],"id":1,"palmNormal":[0.0871475,-0.913744,0.00879531],"palmPosition":[29.7576,198.012,-20.1574],"palmVelocity":[-249.036,-340.345,-2350.16],"r":[[1,0,0],[0,1,0],[0,0,1]],"s":1,"sphereCenter":[20.1423,194.843,39.8734],"sphereRadius":58.0246,"t":[-0.442239,-0.604384,-4.17341]}],"id":194711,"pointables":[],"r":[[0.102276,-0.610986,-0.785007],[-0.775653,-0.543067,0.321622],[-0.622818,0.575999,-0.529456]],"s":972.785,"t":[2282.24,-23769.1,6919.99],"timestamp":5699328736},
{"hands":[{"direction":[-0.24222,-0.022317,-0.879253],"id":1,"palmNormal":[0.0735941,-0.917781,0.065362],"palmPosition":[29.1251,196.168,-30.8648],"palmVelocity":[-75.1504,-219.13,-1272.26],"r":[[1,0,0],[0,1,0],[0,0,1]],"s":1,"sphereCenter":[19.9105,194.085,26.361],"sphereRadius":57.7335,"t":[-0.922523,-1.45673,-9.6536]}],"id":194712,"pointables":[],"r":[[0.102276,-0.610986,-0.785007],[-0.775653,-0.543067,0.321622],[-0.622818,0.575999,-0.529456]],"s":972.785,"t":[2281.36,-23770.3,6910.68],"timestamp":5699337152},
{"hands":[{"direction":[-0.239233,-0.0667619,-0.883351],"id":1,"palmNormal":[0.0577277,-0.91989,0.115165],"palmPosition":[29.1681,194.826,-38.2834],"palmVelocity":[4.94213,-154.17,-852.321],"r":[[1,0,0],[0,1,0],[0,0,1]],"s":1,"sphereCenter":[19.9988,193.086,14.4846],"sphereRadius":57.5234,"t":[0.119983,-3.12361,-14.9665]}],"id":194713,"pointables":[{"direction":[0.108031,-0.740328,-0.663509],"handId":1,"id":2,"length":51.1434,"tipPosition":[7.09914,151.189,-88.6858],"tipVelocity":[294.726,-285.087,-591.172],"tool":false}],"r":[[0.102276,-0.610986,-0.785007],[-0.775653,-0.543067,0.321622],[-0.622818,0.575999,-0.529456]],"s":972.785,"t":[2282.19,-23772.2,6903.45],"timestamp":5699345856},
{"hands":[{"direction":[-0.231528,-0.106855,-0.887216],"id":1,"palmNormal":[0.037828,-0.920153,0.159412],"palmPosition":[29.4099,194.054,-43.3854],"palmVelocity":[27.7107,-88.4299,-584.617],"r":[[1,0,0],[0,1,0],[0,0,1]],"s":1,"sphereCenter":[20.2216,191.988,4.31775],"sphereRadius":57.3803,"t":[1.92729,-4.80979,-19.1235]}],"id":194714,"pointables":[{"direction":[0.123986,-0.789381,-0.601253],"handId":1,"id":2,"length":48.5827,"tipPosition":[9.67124,149.484,-91.6869],"tipVelocity":[294.729,-195.427,-343.883],"tool":false}],"r":[[0.102276,-0.610986,-0.785007],[-0.775653,-0.543067,0.321622],[-0.622818,0.575999,-0.529456]],"s":972.785,"t":[2283.9,-23774,6898.33],"timestamp":5699354583},
{"hands":[{"direction":[-0.224671,-0.141075,-0.890708],"id":1,"palmNormal":[0.0182755,-0.920137,0.196292],"palmPosition":[29.8412,194.241,-44.6789],"palmVelocity":[49.1061,21.197,-147.272],"r":[[1,0,0],[0,1,0],[0,0,1]],"s":1,"sphereCenter":[20.4745,190.997,-3.95967],"sphereRadius":57.3382,"t":[3.86092,-6.03408,-21.8457]}],"id":194715,"pointables":[{"direction":[0.137507,-0.81862,-0.557631],"handId":1,"id":2,"length":46.3871,"tipPosition":[11.7312,148.721,-92.9744],"tipVelocity":[234.539,-86.8042,-146.59],"tool":false}],"r":[[0.102276,-0.610986,-0.785007],[-0.775653,-0.543067,0.321622],[-0.622818,0.575999,-0.529456]],"s":972.785,"t":[2285.78,-23775.2,6895.13],"timestamp":5699363366},
{"hands":[{"direction":[-0.221636,-0.170923,-0.892996],"id":1,"palmNormal":[0.00172803,-0.919695,0.228036],"palmPosition":[29.9859,194.628,-44.0307],"palmVelocity":[17.1928,46.0946,77.0497],"r":[[1,0,0],[0,1,0],[0,0,1]],"s":1,"sphereCenter":[20.6238,190.172,-10.4675],"sphereRadius":57.3748,"t":[5.44257,-6.61279,-23.2024]}],"id":194716,"pointables":[{"direction":[0.134666,-0.850923,-0.507736],"handId":1,"id":2,"length":44.424,"tipPosition":[12.9609,148.788,-92.9655],"tipVelocity":[146.181,7.94953,1.0578],"tool":false}],"r":[[0.102276,-0.610986,-0.785007],[-0.775653,-0.543067,0.321622],[-0.622818,0.575999,-0.529456]],"s":972.785,"t":[2287.34,-23775.8,6893.54],"timestamp":5699371778},
{"hands":[{"direction":[-0.22189,-0.19443,-0.895223],"id":1,"palmNormal":[-0.00510953,-0.92131,0.250897],"palmPosition":[30.3982,196.009,-39.6147],"palmVelocity":[46.8642,156.884,501.876],"r":[[1,0,0],[0,1,0],[0,0,1]],"s":1,"sphereCenter":[20.8176,190.139,-15.6223],"sphereRadius":57.2646,"t":[6.20928,-6.30141,-23.099]}],"id":194717,"pointables":[{"direction":[0.137554,-0.855316,-0.499514],"handId":1,"id":2,"length":42.6686,"tipPosition":[12.9126,149.99,-91.402],"tipVelocity":[-5.48113,136.547,177.686],"tool":false}],"r":[[0.102276,-0.610986,-0.785007],[-0.775653,-0.543067,0.321622],[-0.622818,0.575999,-0.529456]],"s":972.785,"t":[2288.09,-23775.6,6893.52],"timestamp":5699380577},
{"hands":[{"direction":[-0.227678,-0.21521,-0.895485],"id":1,"palmNormal":[-0.00241243,-0.923041,0.269367],"palmPosition":[30.2646,197.098,-35.7379],"palmVelocity":[-15.555,126.77,451.16],"r":[[1,0,0],[0,1,0],[0,0,1]],"s":1,"sphereCenter":[20.8265,190.805,-19.0163],"sphereRadius":57.2401,"t":[5.88429,-5.0467,-21.3145]}],"id":194718,"pointables":[{"direction":[0.139321,-0.839373,-0.525398],"handId":1,"id":2,"length":40.9829,"tipPosition":[11.4959,152.188,-87.9364],"tipVelocity":[-164.866,255.794,403.309],"tool":false}],"r":[[0.102276,-0.610986,-0.785007],[-0.775653,-0.543067,0.321622],[-0.622818,0.575999,-0.529456]],"s":972.785,"t":[2287.76,-23774.3,6895.25],"timestamp":5699389170},
{"hands":[{"direction":[-0.231402,-0.232937,-0.89621],"id":1,"palmNormal":[0.00564793,-0.925095,0.282785],"palmPosition":[30.36,198.684,-28.6651],"palmVelocity":[10.6777,177.384,791.048],"r":[[1,0,0],[0,1,0],[0,0,1]],"s":1,"sphereCenter":[21.1056,190.81,-19.7466],"sphereRadius":57.4016,"t":[4.42002,-2.9283,-17.4028]}],"id":194719,"pointables":[{"direction":[0.135853,-0.807383,-0.574175],"handId":1,"id":2,"length":39.4117,"tipPosition":[8.89241,155.17,-81.8976],"tipVelocity":[-291.191,333.531,675.409],"tool":false}],"r":[[0.102276,-0.610986,-0.785007],[-0.775653,-0.543067,0.321622],[-0.622818,0.575999,-0.529456]],"s":972.785,"t":[2286.29,-23772.2,6899.13],"timestamp":5699398111},
{"hands":[{"direction":[-0.234973,-0.243868,-0.898393],"id":1,"palmNormal":[0.0163674,-0.92901,0.287095],"palmPosition":[31.0639,201.024,-18.2983],"palmVelocity":[82.3477,273.825,1212.92],"r":[[1,0,0],[0,1,0],[0,0,1]],"s":1,"sphereCenter":[21.6316,190.323,-18.5257],"sphereRadius":57.8138,"t":[2.17558,-0.444934,-10.979]}],"id":194720,"pointables":[{"direction":[0.120234,-0.753731,-0.64609],"handId":1,"id":2,"length":40.1726,"tipPosition":[5.86779,158.018,-72.9617],"tipVelocity":[-353.88,333.254,1045.49],"tool":false}],"r":[[0.102276,-0.610986,-0.785007],[-0.775653,-0.543067,0.321622],[-0.622818,0.575999,-0.529456]],"s":972.785,"t":[2284.05,-23769.7,6905.54],"timestamp":5699406658},
{"hands":[{"direction":[-0.250951,-0.243167,-0.899055],"id":1,"palmNormal":[0.0264,-0.93607,0.276902],"palmPosition":[32.5059,203.558,-5.7269],"palmVelocity":[167.626,294.509,1461.28],"r":[[1,0,0],[0,1,0],[0,0,1]],"s":1,"sphereCenter":[21.8631,192.224,-16.5659],"sphereRadius":57.8724,"t":[0.668449,2.04849,-3.32575]}],"id":194721,"pointables":[],"r":[[0.102276,-0.610986,-0.785007],[-0.775653,-0.543067,0.321622],[-0.622818,0.575999,-0.529456]],"s":972.785,"t":[2282.54,-23767.2,6913.18],"timestamp":5699415261},
{"hands":[{"direction":[-0.273067,-0.22685,-0.899242],"id":1,"palmNormal":[0.0356075,-0.945634,0.245883],"palmPosition":[36.5555,206.515,16.3941],"palmVelocity":[466.75,340.77,2549.68],"r":[[1,0,0],[0,1,0],[0,0,1]],"s":1,"sphereCenter":[22.8479,194.002,-10.5226],"sphereRadius":58.7823,"t":[0.272647,4.63453,7.22108]}],"id":194722,"pointables":[],"r":[[0.102276,-0.610986,-0.785007],[-0.775653,-0.543067,0.321622],[-0.622818,0.575999,-0.529456]],"s":972.785,"t":[2282.14,-23764.6,6923.72],"timestamp":5699423937},
{"hands":[{"direction":[-0.290587,-0.219007,-0.899193],"id":1,"palmNormal":[0.0503735,-0.952292,0.225749],"palmPosition":[39.0975,210.005,27.5834],"palmVelocity":[295.136,405.227,1299.11],"r":[[1,0,0],[0,1,0],[0,0,1]],"s":1,"sphereCenter":[22.5459,202.73,-7.3916],"sphereRadius":59.9592,"t":[0.464407,7.40141,17.8964]}],"id":194723,"pointables":[],"r":[[0.102276,-0.610986,-0.785007],[-0.775653,-0.543067,0.321622],[-0.622818,0.575999,-0.529456]],"s":972.785,"t":[2282.33,-23761.9,6934.38],"timestamp":5699432550},
{"hands":[{"direction":[-0.298622,-0.191898,-0.904171],"id":1,"palmNormal":[0.0628115,-0.959296,0.181251],"palmPosition":[43.5785,212.455,44.1261],"palmVelocity":[520.56,284.585,1921.78],"r":[[1,0,0],[0,1,0],[0,0,1]],"s":1,"sphereCenter":[24.3869,205.257,1.20348],"sphereRadius":61.122,"t":[1.51401,10.1048,29.7452]}],"id":194724,"pointables":[],"r":[[0.102276,-0.610986,-0.785007],[-0.775653,-0.543067,0.321622],[-0.622818,0.575999,-0.529456]],"s":972.785,"t":[2283.38,-23759.2,6946.23],"timestamp":5699441158},
{"hands":[{"direction":[-0.303994,-0.162292,-0.90908],"id":1,"palmNormal":[0.0761666,-0.964307,0.134874],"palmPosition":[48.1636,214.973,57.7841],"palmVelocity":[512.026,281.253,1525.18],"r":[[1,0,0],[0,1,0],[0,0,1]],"s":1,"sphereCenter":[27.0177,207.852,11.1181],"sphereRadius":62.3001,"t":[3.27073,12.7713,41.9558]}],"id":194725,"pointables":[],"r":[[0.102276,-0.610986,-0.785007],[-0.775653,-0.543067,0.321622],[-0.622818,0.575999,-0.529456]],"s":972.785,"t":[2285.14,-23756.5,6958.43],"timestamp":5699450113},
{"hands":[{"direction":[-0.308348,-0.141132,-0.913538],"id":1,"palmNormal":[0.0857502,-0.969158,0.103221],"palmPosition":[52.7954,217.62,72.3953],"palmVelocity":[549.834,314.254,1734.48],"r":[[1,0,0],[0,1,0],[0,0,1]],"s":1,"sphereCenter":[30.6602,207.697,22.2255],"sphereRadius":63.3693,"t":[5.60247,15.434,54.6466]}],"id":194726,"pointables":[],"r":[[0.102276,-0.610986,-0.785007],[-0.775653,-0.543067,0.321622],[-0.622818,0.575999,-0.529456]],"s":972.785,"t":[2287.47,-23753.8,6971.12],"timestamp":5699458537},
{"hands":[{"direction":[-0.312974,-0.131237,-0.916783],"id":1,"palmNormal":[0.0850097,-0.974101,0.0921181],"palmPosition":[56.4483,220.193,86.8401],"palmVelocity":[414.581,291.917,1639.4],"r":[[1,0,0],[0,1,0],[0,0,1]],"s":1,"sphereCenter":[33.6654,212.294,34.5547],"sphereRadius":63.6904,"t":[8.19843,18.0785,67.6882]}],"id":194727,"pointables":[],"r":[[0.102276,-0.610986,-0.785007],[-0.775653,-0.543067,0.321622],[-0.622818,0.575999,-0.529456]],"s":972.785,"t":[2290.06,-23751.2,6984.16],"timestamp":5699467348},
{"hands":[{"direction":[-0.321628,-0.10707,-0.918052],"id":1,"palmNormal":[0.102833,-0.974628,0.052208],"palmPosition":[60.661,221.427,104.127],"palmVelocity":[484.713,142.028,1989.03],"r":[[1,0,0],[0,1,0],[0,0,1]],"s":1,"sphereCenter":[37.888,211.08,47.5345],"sphereRadius":64.1549,"t":[11.1177,20.441,81.5787]}],"id":194728,"pointables":[],"r":[[0.102276,-0.610986,-0.785007],[-0.775653,-0.543067,0.321622],[-0.622818,0.575999,-0.529456]],"s":972.785,"t":[2292.98,-23748.8,6998.04],"timestamp":5699476039},
{"hands":[{"direction":[-0.314394,-0.0802865,-0.923806],"id":1,"palmNormal":[0.12225,-0.973476,0.0146529],"palmPosition":[61.6311,221.739,114.827],"palmVelocity":[109.863,35.3139,1211.86],"r":[[1,0,0],[0,1,0],[0,0,1]],"s":1,"sphereCenter":[41.0211,212.624,62.2054],"sphereRadius":63.7875,"t":[13.6472,22.3933,94.8313]}],"id":194729,"pointables":[],"r":[[0.102276,-0.610986,-0.785007],[-0.775653,-0.543067,0.321622],[-0.622818,0.575999,-0.529456]],"s":972.785,"t":[2295.51,-23746.9,7011.3],"timestamp":5699484869},
{"hands":[{"direction":[-0.287791,-0.0371107,-0.929724],"id":1,"palmNormal":[0.118465,-0.971895,-0.0348551],"palmPosition":[61.998,220.605,123.637],"palmVelocity":[42.5404,-131.489,1021.44],"r":[[1,0,0],[0,1,0],[0,0,1]],"s":1,"sphereCenter":[43.1567,214.619,77.2635],"sphereRadius":63.2324,"t":[15.7441,23.7284,107.195]}],"id":194730,"pointables":[],"r":[[0.102276,-0.610986,-0.785007],[-0.775653,-0.543067,0.321622],[-0.622818,0.575999,-0.529456]],"s":972.785,"t":[2297.61,-23745.5,7023.66],"timestamp":5699493494},
{"hands":[],"id":194731,"pointables":[],"r":[[0.102276,-0.610986,-0.785007],[-0.775653,-0.543067,0.321622],[-0.622818,0.575999,-0.529456]],"s":972.785,"t":[2299.29,-23744.5,7033.55],"timestamp":5699502043},
{"hands":[{"direction":[-0.217837,0.104121,-0.766391],"id":1,"palmNormal":[0.0906301,-0.732856,-0.222217],"palmPosition":[63.6551,226.066,129.797],"palmVelocity":[95.6011,315.087,355.357],"r":[[1,0,0],[0,1,0],[0,0,1]],"s":1,"sphereCenter":[44.8094,218.222,98.9418],"sphereRadius":65.9127,"t":[0,0,0]}],"id":194732,"pointables":[],"r":[[0.102276,-0.610986,-0.785007],[-0.775653,-0.543067,0.321622],[-0.622818,0.575999,-0.529456]],"s":972.785,"t":[2300.96,-23742.5,7042.69],"timestamp":5699510828},
{"hands":[{"direction":[-0.178316,0.230755,-0.680977],"id":1,"palmNormal":[0.0227783,-0.615019,-0.372225],"palmPosition":[65.9014,228.024,143.253],"palmVelocity":[266.46,232.261,1596.19],"r":[[1,0,0],[0,1,0],[0,0,1]],"s":1,"sphereCenter":[48.334,221.208,111.007],"sphereRadius":60.1416,"t":[0.449251,0.391592,2.69118]}],"id":194733,"pointables":[],"r":[[0.102276,-0.610986,-0.785007],[-0.775653,-0.543067,0.321622],[-0.622818,0.575999,-0.529456]],"s":972.785,"t":[2302.75,-23740.6,7052.7],"timestamp":5699519258},
{"hands":[],"id":194734,"pointables":[],"r":[[0.102276,-0.610986,-0.785007],[-0.775653,-0.543067,0.321622],[-0.622818,0.575999,-0.529456]],"s":972.785,"t":[2304.18,-23739,7060.7],"timestamp":5699528118},
{"hands":[],"id":194735,"pointables":[],"r":[[0.102276,-0.610986,-0.785007],[-0.775653,-0.543067,0.321622],[-0.622818,0.575999,-0.529456]],"s":972.785,"t":[2305.32,-23737.8,7067.11],"timestamp":5699536794},
{"hands":[],"id":194736,"pointables":[],"r":[[0.102276,-0.610986,-0.785007],[-0.775653,-0.543067,0.321622],[-0.622818,0.575999,-0.529456]],"s":972.785,"t":[2306.24,-23736.8,7072.23],"timestamp":5699545370},
{"hands":[{"direction":[0.480251,0.0560115,-0.67938],"id":5,"palmNormal":[0.105116,-0.932182,0.132954],"palmPosition":[-78.4231,122.071,-0.596042],"palmVelocity":[-183.517,-799.767,-1568.88],"r":[[1,0,0],[0,1,0],[0,0,1]],"s":1,"sphereCenter":[-78.9869,151.936,67.931],"sphereRadius":81.9784,"t":[0,0,0]}],"id":194737,"pointables":[],"r":[[0.102276,-0.610986,-0.785007],[-0.775653,-0.543067,0.321622],[-0.622818,0.575999,-0.529456]],"s":972.785,"t":[2306.65,-23737.4,7073.59],"timestamp":5699554087},
{"hands":[{"direction":[0.445578,-0.00731655,-0.709141],"id":5,"palmNormal":[0.111764,-0.925825,0.177766],"palmPosition":[-80.9474,116.532,-11.4914],"palmVelocity":[-293.864,-644.83,-1268.38],"r":[[1,0,0],[0,1,0],[0,0,1]],"s":1,"sphereCenter":[-79.9529,149.954,55.9523],"sphereRadius":79.6287,"t":[-0.504859,-1.10782,-2.17908]}],"id":194738,"pointables":[],"r":[[0.102276,-0.610986,-0.785007],[-0.775653,-0.543067,0.321622],[-0.622818,0.575999,-0.529456]],"s":972.785,"t":[2306.48,-23738.9,7072.51],"timestamp":5699562677},
{"hands":[{"direction":[0.428911,-0.0627512,-0.72843],"id":5,"palmNormal":[0.119681,-0.916295,0.221945],"palmPosition":[-82.9032,113.116,-19.501],"palmVelocity":[-224.786,-392.598,-920.533],"r":[[1,0,0],[0,1,0],[0,0,1]],"s":1,"sphereCenter":[-80.974,148.054,44.7881],"sphereRadius":77.458,"t":[-1.29992,-2.67727,-5.52426]}],"id":194739,"pointables":[],"r":[[0.102276,-0.610986,-0.785007],[-0.775653,-0.543067,0.321622],[-0.622818,0.575999,-0.529456]],"s":972.785,"t":[2305.94,-23740.9,7070.03],"timestamp":5699571378},
{"hands":[{"direction":[0.399967,-0.116176,-0.745683],"id":5,"palmNormal":[0.130198,-0.905677,0.261916],"palmPosition":[-83.3957,110.674,-27.3987],"palmVelocity":[-57.0151,-282.627,-914.3],"r":[[1,0,0],[0,1,0],[0,0,1]],"s":1,"sphereCenter":[-81.8447,147.024,34.4108],"sphereRadius":75.7946,"t":[-3.50171,-4.29551,-9.50453]}],"id":194740,"pointables":[{"direction":[0.171722,0.183282,-0.967946],"handId":5,"id":7,"length":32.2354,"tipPosition":[-78.904,99.2634,-70.5918],"tipVelocity":[-417.75,-192.987,-534.309],"tool":false}],"r":[[0.102276,-0.610986,-0.785007],[-0.775653,-0.543067,0.321622],[-0.622818,0.575999,-0.529456]],"s":972.785,"t":[2303.87,-23742.7,7066.49],"timestamp":5699580016},
{"hands":[{"direction":[0.383556,-0.160104,-0.758771],"id":5,"palmNormal":[0.13989,-0.895764,0.296877],"palmPosition":[-84.8941,109.719,-29.5227],"palmVelocity":[-172.779,-110.112,-244.929],"r":[[1,0,0],[0,1,0],[0,0,1]],"s":1,"sphereCenter":[-82.61,145.044,26.1091],"sphereRadius":74.0227,"t":[-5.83788,-5.51426,-12.8144]}],"id":194741,"pointables":[{"direction":[0.349068,0.0841836,-0.933308],"handId":5,"id":7,"length":30.8764,"tipPosition":[-81.3745,98.4441,-73.2314],"tipVelocity":[-284.888,-94.4707,-304.378],"tool":false}],"r":[[0.102276,-0.610986,-0.785007],[-0.775653,-0.543067,0.321622],[-0.622818,0.575999,-0.529456]],"s":972.785,"t":[2301.6,-23744,7063.4],"timestamp":5699588688},
{"hands":[{"direction":[0.369292,-0.195745,-0.771074],"id":5,"palmNormal":[0.14578,-0.889381,0.324094],"palmPosition":[-85.9078,110.174,-28.3971],"palmVelocity":[-115.356,51.7481,128.084],"r":[[1,0,0],[0,1,0],[0,0,1]],"s":1,"sphereCenter":[-83.3608,143.549,19.1683],"sphereRadius":72.5095,"t":[-7.69557,-6.21661,-15.0055]}],"id":194742,"pointables":[{"direction":[0.340729,0.18317,-0.922146],"handId":5,"id":7,"length":29.7091,"tipPosition":[-82.7537,98.2582,-74.3037],"tipVelocity":[-156.942,-21.1601,-122.017],"tool":false}],"r":[[0.102276,-0.610986,-0.785007],[-0.775653,-0.543067,0.321622],[-0.622818,0.575999,-0.529456]],"s":972.785,"t":[2299.78,-23744.8,7061.32],"timestamp":5699597476},
{"hands":[{"direction":[0.350621,-0.220011,-0.786512],"id":5,"palmNormal":[0.149359,-0.889047,0.338276],"palmPosition":[-84.4561,110.993,-27.7644],"palmVelocity":[169.219,95.4488,73.759],"r":[[1,0,0],[0,1,0],[0,0,1]],"s":1,"sphereCenter":[-83.922,143.921,13.2246],"sphereRadius":71.7171,"t":[-9.03394,-6.0307,-16.1563]}],"id":194743,"pointables":[{"direction":[0.338706,0.208887,-0.917412],"handId":5,"id":7,"length":29.3802,"tipPosition":[-83.5728,99.3323,-74.4142],"tipVelocity":[-95.4722,125.209,-12.878],"tool":false}],"r":[[0.102276,-0.610986,-0.785007],[-0.775653,-0.543067,0.321622],[-0.622818,0.575999,-0.529456]],"s":972.785,"t":[2298.46,-23744.6,7060.22],"timestamp":5699606055},
{"hands":[{"direction":[0.323179,-0.233779,-0.804864],"id":5,"palmNormal":[0.150565,-0.893686,0.339731],"palmPosition":[-80.9073,112.012,-25.9653],"palmVelocity":[408.371,117.317,207.025],"r":[[1,0,0],[0,1,0],[0,0,1]],"s":1,"sphereCenter":[-83.7743,144.47,8.85245],"sphereRadius":70.9293,"t":[-9.64584,-5.52216,-16.0965]}],"id":194744,"pointables":[{"direction":[0.308854,0.263523,-0.913874],"handId":5,"id":7,"length":28.7858,"tipPosition":[-83.4582,100.164,-73.1436],"tipVelocity":[13.185,95.6458,146.209],"tool":false}],"r":[[0.102276,-0.610986,-0.785007],[-0.775653,-0.543067,0.321622],[-0.622818,0.575999,-0.529456]],"s":972.785,"t":[2297.85,-23744.1,7060.31],"timestamp":5699614745},
{"hands":[{"direction":[0.308815,-0.239569,-0.821152],"id":5,"palmNormal":[0.151912,-0.899251,0.336495],"palmPosition":[-83.08,114.713,-17.8501],"palmVelocity":[-245.521,305.177,917.083],"r":[[1,0,0],[0,1,0],[0,0,1]],"s":1,"sphereCenter":[-84.4553,144.828,6.51812],"sphereRadius":70.3342,"t":[-9.6497,-4.67699,-14.9319]}],"id":194745,"pointables":[{"direction":[0.191584,0.393665,-0.899068],"handId":5,"id":7,"length":28.4319,"tipPosition":[-82.854,101.345,-70.8743],"tipVelocity":[68.2767,133.554,256.449],"tool":false}],"r":[[0.102276,-0.610986,-0.785007],[-0.775653,-0.543067,0.321622],[-0.622818,0.575999,-0.529456]],"s":972.785,"t":[2297.85,-23743.3,7061.48],"timestamp":5699623594},
{"hands":[{"direction":[0.2832,-0.232867,-0.840293],"id":5,"palmNormal":[0.151529,-0.908531,0.31803],"palmPosition":[-80.5415,117.086,-12.8224],"palmVelocity":[293.528,274.393,581.365],"r":[[1,0,0],[0,1,0],[0,0,1]],"s":1,"sphereCenter":[-84.2885,146.419,5.50755],"sphereRadius":70.0996,"t":[-9.2198,-3.05337,-12.7789]}],"id":194746,"pointables":[{"direction":[0.0825843,0.442497,-0.892959],"handId":5,"id":7,"length":27.6929,"tipPosition":[-81.9904,103.747,-67.733],"tipVelocity":[99.8681,277.759,363.243],"tool":false}],"r":[[0.102276,-0.610986,-0.785007],[-0.775653,-0.543067,0.321622],[-0.622818,0.575999,-0.529456]],"s":972.785,"t":[2298.29,-23741.7,7063.64],"timestamp":5699632242},
{"hands":[{"direction":[0.263238,-0.213783,-0.85851],"id":5,"palmNormal":[0.153477,-0.918263,0.288332],"palmPosition":[-78.6406,120.57,-6.82452],"palmVelocity":[224.558,411.583,708.552],"r":[[1,0,0],[0,1,0],[0,0,1]],"s":1,"sphereCenter":[-84.0872,148.544,6.13351],"sphereRadius":70.0911,"t":[-8.56512,-0.631569,-9.39994]}],"id":194747,"pointables":[{"direction":[0.0193015,0.358627,-0.933281],"handId":5,"id":7,"length":26.5699,"tipPosition":[-81.1109,106.967,-63.128],"tipVelocity":[103.892,380.388,544],"tool":false}],"r":[[0.102276,-0.610986,-0.785007],[-0.775653,-0.543067,0.321622],[-0.622818,0.575999,-0.529456]],"s":972.785,"t":[2298.94,-23739.2,7067.03],"timestamp":5699640707},
{"hands":[{"direction":[0.246128,-0.17746,-0.874343],"id":5,"palmNormal":[0.156426,-0.926867,0.241269],"palmPosition":[-77.5049,124.659,0.514399],"palmVelocity":[127.597,459.341,824.505],"r":[[1,0,0],[0,1,0],[0,0,1]],"s":1,"sphereCenter":[-84.003,150.609,8.59176],"sphereRadius":70.0837,"t":[-7.74122,2.98487,-4.24028]}],"id":194748,"pointables":[{"direction":[0.0397867,0.202023,-0.978572],"handId":5,"id":7,"length":21.645,"tipPosition":[-80.1178,111.778,-56.1877],"tipVelocity":[111.576,540.509,779.726],"tool":false}],"r":[[0.102276,-0.610986,-0.785007],[-0.775653,-0.543067,0.321622],[-0.622818,0.575999,-0.529456]],"s":972.785,"t":[2299.77,-23735.6,7072.19],"timestamp":5699649608},
{"hands":[{"direction":[0.253697,-0.148031,-0.883452],"id":5,"palmNormal":[0.157722,-0.934921,0.206699],"palmPosition":[-80.1878,128.226,13.6497],"palmVelocity":[-315.787,419.893,1546.06],"r":[[1,0,0],[0,1,0],[0,0,1]],"s":1,"sphereCenter":[-84.8569,151.137,12.1155],"sphereRadius":69.5665,"t":[-6.8385,7.95126,3.4108]}],"id":194749,"pointables":[{"direction":[0.0968945,0.0363132,-0.994632],"handId":5,"id":7,"length":20.7942,"tipPosition":[-79.1363,118.095,-46.0451],"tipVelocity":[115.529,743.449,1193.8],"tool":false}],"r":[[0.102276,-0.610986,-0.785007],[-0.775653,-0.543067,0.321622],[-0.622818,0.575999,-0.529456]],"s":972.785,"t":[2300.67,-23730.7,7079.84],"timestamp":5699658104},
{"hands":[{"direction":[0.243481,-0.101753,-0.892539],"id":5,"palmNormal":[0.161551,-0.938675,0.150807],"palmPosition":[-79.5557,132.157,22.1402],"palmVelocity":[72.2467,449.3,970.457],"r":[[1,0,0],[0,1,0],[0,0,1]],"s":1,"sphereCenter":[-85.2975,153.73,17.6677],"sphereRadius":69.9543,"t":[-6.09218,14.048,13.7374]}],"id":194750,"pointables":[{"direction":[0.151719,-0.114788,-0.981736],"handId":5,"id":7,"length":20.1073,"tipPosition":[-78.5463,125.322,-33.0431],"tipVelocity":[67.4269,826.045,1486.12],"tool":false}],"r":[[0.102276,-0.610986,-0.785007],[-0.775653,-0.543067,0.321622],[-0.622818,0.575999,-0.529456]],"s":972.785,"t":[2301.42,-23724.6,7090.17],"timestamp":5699666853},
{"hands":[{"direction":[0.253391,-0.0468051,-0.891003],"id":5,"palmNormal":[0.159488,-0.938511,0.0856064],"palmPosition":[-80.2084,134.686,34.1568],"palmVelocity":[-75.8479,293.9,1396.47],"r":[[1,0,0],[0,1,0],[0,0,1]],"s":1,"sphereCenter":[-85.93,155.633,24.926],"sphereRadius":70.3855,"t":[-4.11838,20.9545,27.5816]}],"id":194751,"pointables":[{"direction":[0.178051,-0.0529177,-0.982597],"handId":5,"id":7,"length":24.0587,"tipPosition":[-75.345,133.038,-15.6812],"tipVelocity":[372.027,896.724,2017.66],"tool":false}],"r":[[0.102276,-0.610986,-0.785007],[-0.775653,-0.543067,0.321622],[-0.622818,0.575999,-0.529456]],"s":972.785,"t":[2303.39,-23717.6,7104.01],"timestamp":5699675458},
{"hands":[{"direction":[0.264168,0.0080588,-0.886122],"id":5,"palmNormal":[0.157364,-0.935453,0.0203771],"palmPosition":[-81.3454,137.246,46.8295],"palmVelocity":[-132.414,298.093,1475.79],"r":[[1,0,0],[0,1,0],[0,0,1]],"s":1,"sphereCenter":[-86.9462,157.672,33.403],"sphereRadius":70.9347,"t":[-2.76674,26.9917,41.1916]}],"id":194752,"pointables":[],"r":[[0.102276,-0.610986,-0.785007],[-0.775653,-0.543067,0.321622],[-0.622818,0.575999,-0.529456]],"s":972.785,"t":[2304.74,-23711.6,7117.62],"timestamp":5699684045},
{"hands":[{"direction":[0.265249,0.056893,-0.884642],"id":5,"palmNormal":[0.155982,-0.93252,-0.0373428],"palmPosition":[-82.7789,140.169,59.7629],"palmVelocity":[-166.021,338.564,1497.96],"r":[[1,0,0],[0,1,0],[0,0,1]],"s":1,"sphereCenter":[-88.4274,159.677,42.8],"sphereRadius":71.4743,"t":[-1.97212,32.406,54.6662]}],"id":194753,"pointables":[],"r":[[0.102276,-0.610986,-0.785007],[-0.775653,-0.543067,0.321622],[-0.622818,0.575999,-0.529456]],"s":972.785,"t":[2305.54,-23706.2,7131.1],"timestamp":5699692679},
{"hands":[{"direction":[0.2541,0.096586,-0.887887],"id":5,"palmNormal":[0.157451,-0.931104,-0.083868],"palmPosition":[-84.4947,143.043,73.2578],"palmVelocity":[-190.92,319.832,1501.61],"r":[[1,0,0],[0,1,0],[0,0,1]],"s":1,"sphereCenter":[-90.1019,160.345,52.7013],"sphereRadius":71.3543,"t":[-1.67957,37.3124,68.1449]}],"id":194754,"pointables":[],"r":[[0.102276,-0.610986,-0.785007],[-0.775653,-0.543067,0.321622],[-0.622818,0.575999,-0.529456]],"s":972.785,"t":[2305.83,-23701.3,7144.57],"timestamp":5699701666},
{"hands":[{"direction":[0.306138,0.0586615,-0.866699],"id":5,"palmNormal":[0.171404,-0.918554,0.00253858],"palmPosition":[-88.6667,149.969,93.2771],"palmVelocity":[-496.914,824.867,2384.39],"r":[[1,0,0],[0,1,0],[0,0,1]],"s":1,"sphereCenter":[-91.8232,160.016,63.9516],"sphereRadius":71.4415,"t":[-2.27996,42.6226,82.9317]}],"id":194755,"pointables":[],"r":[[0.102276,-0.610986,-0.785007],[-0.775653,-0.543067,0.321622],[-0.622818,0.575999,-0.529456]],"s":972.785,"t":[2305.23,-23696,7159.36],"timestamp":5699710062},
{"hands":[{"direction":[0.282622,0.143882,-0.842954],"id":5,"palmNormal":[0.163088,-0.882024,-0.113114],"palmPosition":[-91.7507,151.261,104.239],"palmVelocity":[-348.312,145.946,1238.09],"r":[[1,0,0],[0,1,0],[0,0,1]],"s":1,"sphereCenter":[-94.5654,161.397,73.6936],"sphereRadius":70.3724,"t":[-3.37706,47.1292,96.9535]}],"id":194756,"pointables":[],"r":[[0.102276,-0.610986,-0.785007],[-0.775653,-0.543067,0.321622],[-0.622818,0.575999,-0.529456]],"s":972.785,"t":[2304.13,-23691.5,7173.38],"timestamp":5699718916},
{"hands":[{"direction":[0.307968,0.1922,-0.825928],"id":5,"palmNormal":[0.229066,-0.868915,-0.128745],"palmPosition":[-89.2723,158.701,113.105],"palmVelocity":[287.52,863.162,1028.56],"r":[[1,0,0],[0,1,0],[0,0,1]],"s":1,"sphereCenter":[-83.5177,158.857,87.1321],"sphereRadius":74.455,"t":[-3.75905,52.2225,109.944]}],"id":194757,"pointables":[],"r":[[0.102276,-0.610986,-0.785007],[-0.775653,-0.543067,0.321622],[-0.622818,0.575999,-0.529456]],"s":972.785,"t":[2303.75,-23686.4,7186.37],"timestamp":5699727536},
