[
{"hands":[],"id":190814,"pointables":[],"r":[[-0.0257138,-0.331135,-0.943233],[-0.876691,-0.445927,0.180449],[-0.480366,0.831564,-0.278837]],"s":972.618,"t":[2176.28,-23699.6,6218.18],"timestamp":5663320872},
{"hands":[],"id":190815,"pointables":[],"r":[[-0.0257138,-0.331135,-0.943233],[-0.876691,-0.445927,0.180449],[-0.480366,0.831564,-0.278837]],"s":972.618,"t":[2176.28,-23699.6,6218.18],"timestamp":5663329685},
{"hands":[],"id":190816,"pointables":[],"r":[[-0.0257138,-0.331135,-0.943233],[-0.876691,-0.445927,0.180449],[-0.480366,0.831564,-0.278837]],"s":972.618,"t":[2176.28,-23699.6,6218.18],"timestamp":5663338292},
{"hands":[],"id":190817,"pointables":[],"r":[[-0.0257138,-0.331135,-0.943233],[-0.876691,-0.445927,0.180449],[-0.480366,0.831564,-0.278837]],"s":972.618,"t":[2176.28,-23699.6,6218.18],"timestamp":5663346971},
{"hands":[],"id":190818,"pointables":[],"r":[[-0.0257138,-0.331135,-0.943233],[-0.876691,-0.445927,0.180449],[-0.480366,0.831564,-0.278837]],"s":972.618,"t":[2176.28,-23699.6,6218.18],"timestamp":5663355703},
{"hands":[],"id":190819,"pointables":[],"r":[[-0.0257138,-0.331135,-0.943233],[-0.876691,-0.445927,0.180449],[-0.480366,0.831564,-0.278837]],"s":972.618,"t":[2176.28,-23699.6,6218.18],"timestamp":5663364228},
{"hands":[],"id":190820,"pointables":[],"r":[[-0.0257138,-0.331135,-0.943233],[-0.876691,-0.445927,0.180449],[-0.480366,0.831564,-0.278837]],"s":972.618,"t":[2176.28,-23699.6,6218.18],"timestamp":5663372925},
{"hands":[],"id":190821,"pointables":[],"r":[[-0.0257138,-0.331135,-0.943233],[-0.876691,-0.445927,0.180449],[-0.480366,0.831564,-0.278837]],"s":972.618,"t":[2176.28,-23699.6,6218.18],"timestamp":5663381632},
{"hands":[],"id":190822,"pointables":[],"r":[[-0.0257138,-0.331135,-0.943233],[-0.876691,-0.445927,0.180449],[-0.480366,0.831564,-0.278837]],"s":972.618,"t":[2176.28,-23699.6,6218.18],"timestamp":5663390390},
{"hands":[],"id":190823,"pointables":[],"r":[[-0.0257138,-0.331135,-0.943233],[-0.876691,-0.445927,0.180449],[-0.480366,0.831564,-0.278837]],"s":972.618,"t":[2176.28,-23699.6,6218.18],"timestamp":5663398986},
{"hands":[],"id":190824,"pointables":[],"r":[[-0.0257138,-0.331135,-0.943233],[-0.876691,-0.445927,0.180449],[-0.480366,0.831564,-0.278837]],"s":972.618,"t":[2176.28,-23699.6,6218.18],"timestamp":5663407740},
{"hands":[],"id":190825,"pointables":[],"r":[[-0.0257138,-0.331135,-0.943233],[-0.876691,-0.445927,0.180449],[-0.480366,0.831564,-0.278837]],"s":972.618,"t":[2176.28,-23699.6,6218.18],"timestamp":5663416478},
{"hands":[],"id":190826,"pointables":[],"r":[[-0.0257138,-0.331135,-0.943233],[-0.876691,-0.445927,0.180449],[-0.480366,0.831564,-0.278837]],"s":972.618,"t":[2176.28,-23699.6,6218.18],"timestamp":5663425159},
{"hands":[],"id":190827,"pointables":[],"r":[[-0.0257138,-0.331135,-0.943233],[-0.876691,-0.445927,0.180449],[-0.480366,0.831564,-0.278837]],"s":972.618,"t":[2176.28,-23699.6,6218.18],"timestamp":5663433655},
{"hands":[],"id":190828,"pointables":[],"r":[[-0.0257138,-0.331135,-0.943233],[-0.876691,-0.445927,0.180449],[-0.480366,0.831564,-0.278837]],"s":972.618,"t":[2176.28,-23699.6,6218.18],"timestamp":5663442467},
{"hands":[],"id":190829,"pointables":[],"r":[[-0.0257138,-0.331135,-0.943233],[-0.876691,-0.445927,0.180449],[-0.480366,0.831564,-0.278837]],"s":972.618,"t":[2176.28,-23699.6,6218.18],"timestamp":5663451240},
{"hands":[],"id":190830,"pointables":[],"r":[[-0.0257138,-0.331135,-0.943233],[-0.876691,-0.445927,0.180449],[-0.480366,0.831564,-0.278837]],"s":972.618,"t":[2176.28,-23699.6,6218.18],"timestamp":5663459720},
{"hands":[],"id":190831,"pointables":[],"r":[[-0.0257138,-0.331135,-0.943233],[-0.876691,-0.445927,0.180449],[-0.480366,0.831564,-0.278837]],"s":972.618,"t":[2176.28,-23699.6,6218.18],"timestamp":5663468579},
{"hands":[],"id":190832,"pointables":[],"r":[[-0.0257138,-0.331135,-0.943233],[-0.876691,-0.445927,0.180449],[-0.480366,0.831564,-0.278837]],"s":972.618,"t":[2176.28,-23699.6,6218.18],"timestamp":5663477066},
{"hands":[],"id":190835,"pointables":[],"r":[[-0.0257138,-0.331135,-0.943233],[-0.876691,-0.445927,0.180449],[-0.480366,0.831564,-0.278837]],"s":972.618,"t":[2176.28,-23699.6,6218.18],"timestamp":5663503088},
{"hands":[],"id":190836,"pointables":[],"r":[[-0.0257138,-0.331135,-0.943233],[-0.876691,-0.445927,0.180449],[-0.480366,0.831564,-0.278837]],"s":972.618,"t":[2176.28,-23699.6,6218.18],"timestamp":5663511947},
{"hands":[],"id":190837,"pointables":[],"r":[[-0.0257138,-0.331135,-0.943233],[-0.876691,-0.445927,0.180449],[-0.480366,0.831564,-0.278837]],"s":972.618,"t":[2176.28,-23699.6,6218.18],"timestamp":5663520619},
{"hands":[],"id":190838,"pointables":[],"r":[[-0.0257138,-0.331135,-0.943233],[-0.876691,-0.445927,0.180449],[-0.480366,0.831564,-0.278837]],"s":972.618,"t":[2176.28,-23699.6,6218.18],"timestamp":5663529260},
{"hands":[],"id":190839,"pointables":[],"r":[[-0.0257138,-0.331135,-0.943233],[-0.876691,-0.445927,0.180449],[-0.480366,0.831564,-0.278837]],"s":972.618,"t":[2176.28,-23699.6,6218.18],"timestamp":5663537986},
{"hands":[],"id":190840,"pointables":[],"r":[[-0.0257138,-0.331135,-0.943233],[-0.876691,-0.445927,0.180449],[-0.480366,0.831564,-0.278837]],"s":972.618,"t":[2176.28,-23699.6,6218.18],"timestamp":5663546612},
{"hands":[],"id":190841,"pointables":[],"r":[[-0.0257138,-0.331135,-0.943233],[-0.876691,-0.445927,0.180449],[-0.480366,0.831564,-0.278837]],"s":972.618,"t":[2176.28,-23699.6,6218.18],"timestamp":5663555150},
{"hands":[],"id":190842,"pointables":[],"r":[[-0.0257138,-0.331135,-0.943233],[-0.876691,-0.445927,0.180449],[-0.480366,0.831564,-0.278837]],"s":972.618,"t":[2176.28,-23699.6,6218.18],"timestamp":5663564061},
{"hands":[],"id":190843,"pointables":[],"r":[[-0.0257138,-0.331135,-0.943233],[-0.876691,-0.445927,0.180449],[-0.480366,0.831564,-0.278837]],"s":972.618,"t":[2176.28,-23699.6,6218.18],"timestamp":5663572427},
{"hands":[],"id":190844,"pointables":[],"r":[[-0.0257138,-0.331135,-0.943233],[-0.876691,-0.445927,0.180449],[-0.480366,0.831564,-0.278837]],"s":972.618,"t":[2176.28,-23699.6,6218.18],"timestamp":5663581445},
{"hands":[],"id":190845,"pointables":[],"r":[[-0.0257138,-0.331135,-0.943233],[-0.876691,-0.445927,0.180449],[-0.480366,0.831564,-0.278837]],"s":972.618,"t":[2176.28,-23699.6,6218.18],"timestamp":5663590068},
{"hands":[],"id":190846,"pointables":[],"r":[[-0.0257138,-0.331135,-0.943233],[-0.876691,-0.445927,0.180449],[-0.480366,0.831564,-0.278837]],"s":972.618,"t":[2176.28,-23699.6,6218.18],"timestamp":5663598582},
{"hands":[],"id":190847,"pointables":[],"r":[[-0.0257138,-0.331135,-0.943233],[-0.876691,-0.445927,0.180449],[-0.480366,0.831564,-0.278837]],"s":972.618,"t":[2176.28,-23699.6,6218.18],"timestamp":5663607322},
{"hands":[],"id":190848,"pointables":[],"r":[[-0.0257138,-0.331135,-0.943233],[-0.876691,-0.445927,0.180449],[-0.480366,0.831564,-0.278837]],"s":972.618,"t":[2176.28,-23699.6,6218.18],"timestamp":5663615974},
{"hands":[],"id":190849,"pointables":[],"r":[[-0.0257138,-0.331135,-0.943233],[-0.876691,-0.445927,0.180449],[-0.480366,0.831564,-0.278837]],"s":972.618,"t":[2176.28,-23699.6,6218.18],"timestamp":5663624467},
{"hands":[],"id":190850,"pointables":[],"r":[[-0.0257138,-0.331135,-0.943233],[-0.876691,-0.445927,0.180449],[-0.480366,0.831564,-0.278837]],"s":972.618,"t":[2176.28,-23699.6,6218.18],"timestamp":5663633363},
{"hands":[],"id":190851,"pointables":[],"r":[[-0.0257138,-0.331135,-0.943233],[-0.876691,-0.445927,0.180449],[-0.480366,0.831564,-0.278837]],"s":972.618,"t":[2176.28,-23699.6,6218.18],"timestamp":5663641818},
{"hands":[],"id":190852,"pointables":[],"r":[[-0.0257138,-0.331135,-0.943233],[-0.876691,-0.445927,0.180449],[-0.480366,0.831564,-0.278837]],"s":972.618,"t":[2176.28,-23699.6,6218.18],"timestamp":5663650792},
{"hands":[],"id":190853,"pointables":[],"r":[[-0.0257138,-0.331135,-0.943233],[-0.876691,-0.445927,0.180449],[-0.480366,0.831564,-0.278837]],"s":972.618,"t":[2176.28,-23699.6,6218.18],"timestamp":5663659170},
{"hands":[],"id":190854,"pointables":[],"r":[[-0.0257138,-0.331135,-0.943233],[-0.876691,-0.445927,0.180449],[-0.480366,0.831564,-0.278837]],"s":972.618,"t":[2176.28,-23699.6,6218.18],"timestamp":5663667989},
{"hands":[],"id":190855,"pointables":[],"r":[[-0.0257138,-0.331135,-0.943233],[-0.876691,-0.445927,0.180449],[-0.480366,0.831564,-0.278837]],"s":972.618,"t":[2176.28,-23699.6,6218.18],"timestamp":5663676655},
{"hands":[],"id":190856,"pointables":[],"r":[[-0.0257138,-0.331135,-0.943233],[-0.876691,-0.445927,0.180449],[-0.480366,0.831564,-0.278837]],"s":972.618,"t":[2176.28,-23699.6,6218.18],"timestamp":5663685302},
{"hands":[],"id":190857,"pointables":[],"r":[[-0.0257138,-0.331135,-0.943233],[-0.876691,-0.445927,0.180449],[-0.480366,0.831564,-0.278837]],"s":972.618,"t":[2176.28,-23699.6,6218.18],"timestamp":5663693792},
{"hands":[],"id":190858,"pointables":[],"r":[[-0.0257138,-0.331135,-0.943233],[-0.876691,-0.445927,0.180449],[-0.480366,0.831564,-0.278837]],"s":972.618,"t":[2176.28,-23699.6,6218.18],"timestamp":5663702551},
{"hands":[],"id":190859,"pointables":[],"r":[[-0.0257138,-0.331135,-0.943233],[-0.876691,-0.445927,0.180449],[-0.480366,0.831564,-0.278837]],"s":972.618,"t":[2176.28,-23699.6,6218.18],"timestamp":5663711371},
{"hands":[],"id":190860,"pointables":[],"r":[[-0.0257138,-0.331135,-0.943233],[-0.876691,-0.445927,0.180449],[-0.480366,0.831564,-0.278837]],"s":972.618,"t":[2176.28,-23699.6,6218.18],"timestamp":5663719997},
{"hands":[],"id":190861,"pointables":[],"r":[[-0.0257138,-0.331135,-0.943233],[-0.876691,-0.445927,0.180449],[-0.480366,0.831564,-0.278837]],"s":972.618,"t":[2176.28,-23699.6,6218.18],"timestamp":5663728704},
{"hands":[],"id":190862,"pointables":[],"r":[[-0.0257138,-0.331135,-0.943233],[-0.876691,-0.445927,0.180449],[-0.480366,0.831564,-0.278837]],"s":972.618,"t":[2176.28,-23699.6,6218.18],"timestamp":5663737187},
{"hands":[],"id":190863,"pointables":[],"r":[[-0.0257138,-0.331135,-0.943233],[-0.876691,-0.445927,0.180449],[-0.480366,0.831564,-0.278837]],"s":972.618,"t":[2176.28,-23699.6,6218.18],"timestamp":5663746114},
{"hands":[],"id":190864,"pointables":[],"r":[[-0.0257138,-0.331135,-0.943233],[-0.876691,-0.445927,0.180449],[-0.480366,0.831564,-0.278837]],"s":972.618,"t":[2176.28,-23699.6,6218.18],"timestamp":5663754717},
{"hands":[],"id":190865,"pointables":[],"r":[[-0.0257138,-0.331135,-0.943233],[-0.876691,-0.445927,0.180449],[-0.480366,0.831564,-0.278837]],"s":972.618,"t":[2176.28,-23699.6,6218.18],"timestamp":5663763491},
{"hands":[],"id":190866,"pointables":[],"r":[[-0.0257138,-0.331135,-0.943233],[-0.876691,-0.445927,0.180449],[-0.480366,0.831564,-0.278837]],"s":972.618,"t":[2176.28,-23699.6,6218.18],"timestamp":5663771875},
{"hands":[],"id":190867,"pointables":[],"r":[[-0.0257138,-0.331135,-0.943233],[-0.876691,-0.445927,0.180449],[-0.480366,0.831564,-0.278837]],"s":972.618,"t":[2176.28,-23699.6,6218.18],"timestamp":5663780589},
{"hands":[],"id":190868,"pointables":[],"r":[[-0.0257138,-0.331135,-0.943233],[-0.876691,-0.445927,0.180449],[-0.480366,0.831564,-0.278837]],"s":972.618,"t":[2176.28,-23699.6,6218.18],"timestamp":5663789428},
{"hands":[],"id":190869,"pointables":[],"r":[[-0.0257138,-0.331135,-0.943233],[-0.876691,-0.445927,0.180449],[-0.480366,0.831564,-0.278837]],"s":972.618,"t":[2176.28,-23699.6,6218.18],"timestamp":5663798107},
{"hands":[],"id":190870,"pointables":[],"r":[[-0.0257138,-0.331135,-0.943233],[-0.876691,-0.445927,0.180449],[-0.480366,0.831564,-0.278837]],"s":972.618,"t":[2176.28,-23699.6,6218.18],"timestamp":5663806683},
{"hands":[],"id":190871,"pointables":[],"r":[[-0.0257138,-0.331135,-0.943233],[-0.876691,-0.445927,0.180449],[-0.480366,0.831564,-0.278837]],"s":972.618,"t":[2176.28,-23699.6,6218.18],"timestamp":5663815267},
{"hands":[],"id":190872,"pointables":[],"r":[[-0.0257138,-0.331135,-0.943233],[-0.876691,-0.445927,0.180449],[-0.480366,0.831564,-0.278837]],"s":972.618,"t":[2176.28,-23699.6,6218.18],"timestamp":5663824091},
{"hands":[],"id":190873,"pointables":[],"r":[[-0.0257138,-0.331135,-0.943233],[-0.876691,-0.445927,0.180449],[-0.480366,0.831564,-0.278837]],"s":972.618,"t":[2176.28,-23699.6,6218.18],"timestamp":5663832848},
{"hands":[],"id":190874,"pointables":[],"r":[[-0.0257138,-0.331135,-0.943233],[-0.876691,-0.445927,0.180449],[-0.480366,0.831564,-0.278837]],"s":972.618,"t":[2176.28,-23699.6,6218.18],"timestamp":5663841512},
{"hands":[],"id":190875,"pointables":[],"r":[[-0.0257138,-0.331135,-0.943233],[-0.876691,-0.445927,0.180449],[-0.480366,0.831564,-0.278837]],"s":972.618,"t":[2176.28,-23699.6,6218.18],"timestamp":5663850228},
{"hands":[],"id":190876,"pointables":[],"r":[[-0.0257138,-0.331135,-0.943233],[-0.876691,-0.445927,0.180449],[-0.480366,0.831564,-0.278837]],"s":972.618,"t":[2176.28,-23699.6,6218.18],"timestamp":5663858829},
{"hands":[],"id":190877,"pointables":[],"r":[[-0.0257138,-0.331135,-0.943233],[-0.876691,-0.445927,0.180449],[-0.480366,0.831564,-0.278837]],"s":972.618,"t":[2176.28,-23699.6,6218.18],"timestamp":5663867460},
{"hands":[],"id":190878,"pointables":[],"r":[[-0.0257138,-0.331135,-0.943233],[-0.876691,-0.445927,0.180449],[-0.480366,0.831564,-0.278837]],"s":972.618,"t":[2176.28,-23699.6,6218.18],"timestamp":5663875935},
{"hands":[],"id":190879,"pointables":[],"r":[[-0.0257138,-0.331135,-0.943233],[-0.876691,-0.445927,0.180449],[-0.480366,0.831564,-0.278837]],"s":972.618,"t":[2176.28,-23699.6,6218.18],"timestamp":5663884816},
{"hands":[],"id":190880,"pointables":[],"r":[[-0.0257138,-0.331135,-0.943233],[-0.876691,-0.445927,0.180449],[-0.480366,0.831564,-0.278837]],"s":972.618,"t":[2176.28,-23699.6,6218.18],"timestamp":5663893301},
{"hands":[],"id":190881,"pointables":[],"r":[[-0.0257138,-0.331135,-0.943233],[-0.876691,-0.445927,0.180449],[-0.480366,0.831564,-0.278837]],"s":972.618,"t":[2176.28,-23699.6,6218.18],"timestamp":5663902237},
{"hands":[],"id":190882,"pointables":[],"r":[[-0.0257138,-0.331135,-0.943233],[-0.876691,-0.445927,0.180449],[-0.480366,0.831564,-0.278837]],"s":972.618,"t":[2176.28,-23699.6,6218.18],"timestamp":5663910793},
{"hands":[],"id":190883,"pointables":[],"r":[[-0.0257138,-0.331135,-0.943233],[-0.876691,-0.445927,0.180449],[-0.480366,0.831564,-0.278837]],"s":972.618,"t":[2176.28,-23699.6,6218.18],"timestamp":5663919428},
{"hands":[],"id":190884,"pointables":[],"r":[[-0.0257138,-0.331135,-0.943233],[-0.876691,-0.445927,0.180449],[-0.480366,0.831564,-0.278837]],"s":972.618,"t":[2176.28,-23699.6,6218.18],"timestamp":5663928117},
{"hands":[],"id":190885,"pointables":[],"r":[[-0.0257138,-0.331135,-0.943233],[-0.876691,-0.445927,0.180449],[-0.480366,0.831564,-0.278837]],"s":972.618,"t":[2176.28,-23699.6,6218.18],"timestamp":5663936758},
{"hands":[],"id":190886,"pointables":[],"r":[[-0.0257138,-0.331135,-0.943233],[-0.876691,-0.445927,0.180449],[-0.480366,0.831564,-0.278837]],"s":972.618,"t":[2176.28,-23699.6,6218.18],"timestamp":5663945429},
{"hands":[],"id":190887,"pointables":[],"r":[[-0.0257138,-0.331135,-0.943233],[-0.876691,-0.445927,0.180449],[-0.480366,0.831564,-0.278837]],"s":972.618,"t":[2176.28,-23699.6,6218.18],"timestamp":5663954082},
{"hands":[],"id":190888,"pointables":[],"r":[[-0.0257138,-0.331135,-0.943233],[-0.876691,-0.445927,0.180449],[-0.480366,0.831564,-0.278837]],"s":972.618,"t":[2176.28,-23699.6,6218.18],"timestamp":5663962856},
{"hands":[],"id":190889,"pointables":[],"r":[[-0.0257138,-0.331135,-0.943233],[-0.876691,-0.445927,0.180449],[-0.480366,0.831564,-0.278837]],"s":972.618,"t":[2176.28,-23699.6,6218.18],"timestamp":5663971492},
{"hands":[],"id":190890,"pointables":[],"r":[[-0.0257138,-0.331135,-0.943233],[-0.876691,-0.445927,0.180449],[-0.480366,0.831564,-0.278837]],"s":972.618,"t":[2176.28,-23699.6,6218.18],"timestamp":5663980037},
{"hands":[],"id":190891,"pointables":[],"r":[[-0.0257138,-0.331135,-0.943233],[-0.876691,-0.445927,0.180449],[-0.480366,0.831564,-0.278837]],"s":972.618,"t":[2176.28,-23699.6,6218.18],"timestamp":5663988818},
{"hands":[],"id":190892,"pointables":[],"r":[[-0.0257138,-0.331135,-0.943233],[-0.876691,-0.445927,0.180449],[-0.480366,0.831564,-0.278837]],"s":972.618,"t":[2176.28,-23699.6,6218.18],"timestamp":5663997485},
{"hands":[],"id":190893,"pointables":[],"r":[[-0.0257138,-0.331135,-0.943233],[-0.876691,-0.445927,0.180449],[-0.480366,0.831564,-0.278837]],"s":972.618,"t":[2176.28,-23699.6,6218.18],"timestamp":5664006068},
{"hands":[{"direction":[-0.350965,0.0534949,-0.889573],"id":1,"palmNormal":[0.126088,-0.940243,-0.0453979],"palmPosition":[52.2454,226.804,53.9255],"palmVelocity":[78.8023,-169.449,-2168.64],"r":[[1,0,0],[0,1,0],[0,0,1]],"s":1,"sphereCenter":[38.7072,225.751,95.9264],"sphereRadius":66.745,"t":[0,0,0]}],"id":190894,"pointables":[],"r":[[-0.0257138,-0.331135,-0.943233],[-0.876691,-0.445927,0.180449],[-0.480366,0.831564,-0.278837]],"s":972.618,"t":[2176.42,-23699.9,6214.41],"timestamp":5664014769},
{"hands":[{"direction":[-0.362477,-0.00167362,-0.883659],"id":1,"palmNormal":[0.131706,-0.942357,0.0130191],"palmPosition":[48.5702,223.515,19.9037],"palmVelocity":[-425.469,-380.717,-3938.62],"r":[[1,0,0],[0,1,0],[0,0,1]],"s":1,"sphereCenter":[37.1137,219.541,80.5294],"sphereRadius":65.9556,"t":[-0.735041,-0.657727,-6.80436]}],"id":190895,"pointables":[],"r":[[-0.0257138,-0.331135,-0.943233],[-0.876691,-0.445927,0.180449],[-0.480366,0.831564,-0.278837]],"s":972.618,"t":[2175.79,-23700.8,6204.59],"timestamp":5664023407},
{"hands":[{"direction":[-0.36683,-0.0491541,-0.880348],"id":1,"palmNormal":[0.113905,-0.942034,0.0721534],"palmPosition":[45.828,219.74,-3.63809],"palmVelocity":[-310.581,-427.545,-2666.42],"r":[[1,0,0],[0,1,0],[0,0,1]],"s":1,"sphereCenter":[35.9005,211.873,66.1996],"sphereRadius":66.0127,"t":[-1.8715,-1.93887,-16.9562]}],"id":190896,"pointables":[],"r":[[-0.0257138,-0.331135,-0.943233],[-0.876691,-0.445927,0.180449],[-0.480366,0.831564,-0.278837]],"s":972.618,"t":[2174.74,-23702.2,6192.02],"timestamp":5664032236},
{"hands":[{"direction":[-0.367343,-0.0956337,-0.876069],"id":1,"palmNormal":[0.079683,-0.934512,0.135491],"palmPosition":[43.6947,214.729,-23.6557],"palmVelocity":[-243.813,-572.661,-2287.73],"r":[[1,0,0],[0,1,0],[0,0,1]],"s":1,"sphereCenter":[34.602,206.901,51.3248],"sphereRadius":65.1454,"t":[-3.20734,-3.96594,-29.0812]}],"id":190897,"pointables":[],"r":[[-0.0257138,-0.331135,-0.943233],[-0.876691,-0.445927,0.180449],[-0.480366,0.831564,-0.278837]],"s":972.618,"t":[2173.48,-23704.4,6177.96],"timestamp":5664040986},
{"hands":[{"direction":[-0.363902,-0.138592,-0.872278],"id":1,"palmNormal":[0.0417736,-0.9237,0.19347],"palmPosition":[42.9772,209.537,-38.158],"palmVelocity":[-84.7103,-612.985,-1712.19],"r":[[1,0,0],[0,1,0],[0,0,1]],"s":1,"sphereCenter":[34.1315,202.761,36.7892],"sphereRadius":64.1037,"t":[-4.41951,-6.62599,-41.6817]}],"id":190898,"pointables":[],"r":[[-0.0257138,-0.331135,-0.943233],[-0.876691,-0.445927,0.180449],[-0.480366,0.831564,-0.278837]],"s":972.618,"t":[2172.32,-23707.2,6163.82],"timestamp":5664049456},
{"hands":[{"direction":[-0.354136,-0.178756,-0.869755],"id":1,"palmNormal":[0.00282484,-0.911183,0.24466],"palmPosition":[43.2358,204.414,-50.2803],"palmVelocity":[29.2726,-579.913,-1372.07],"r":[[1,0,0],[0,1,0],[0,0,1]],"s":1,"sphereCenter":[34.2514,199.352,22.5865],"sphereRadius":63.0064,"t":[-5.33752,-9.77874,-54.1865]}],"id":190899,"pointables":[],"r":[[-0.0257138,-0.331135,-0.943233],[-0.876691,-0.445927,0.180449],[-0.480366,0.831564,-0.278837]],"s":972.618,"t":[2171.45,-23710.4,6150.07],"timestamp":5664058291},
{"hands":[{"direction":[-0.341358,-0.215095,-0.867954],"id":1,"palmNormal":[-0.0349061,-0.898519,0.288393],"palmPosition":[44.3958,199.725,-59.3038],"palmVelocity":[131.634,-532.05,-1024.01],"r":[[1,0,0],[0,1,0],[0,0,1]],"s":1,"sphereCenter":[34.9229,196.039,9.70548],"sphereRadius":62.0366,"t":[-3.4763,-12.9537,-63.9277]}],"id":190900,"pointables":[{"direction":[0.06874,-0.7448,-0.663738],"handId":1,"id":2,"length":46.7103,"tipPosition":[23.2406,148.966,-99.6826],"tipVelocity":[526.606,-362.816,-791.817],"tool":false}],"r":[[-0.0257138,-0.331135,-0.943233],[-0.876691,-0.445927,0.180449],[-0.480366,0.831564,-0.278837]],"s":972.618,"t":[2173.33,-23713.7,6139.71],"timestamp":5664067103},
{"hands":[{"direction":[-0.3289,-0.246549,-0.86668],"id":1,"palmNormal":[-0.0642455,-0.888769,0.324074],"palmPosition":[46.3973,196.033,-63.9755],"palmVelocity":[236.508,-436.307,-552.008],"r":[[1,0,0],[0,1,0],[0,0,1]],"s":1,"sphereCenter":[36.5403,193.518,-2.67616],"sphereRadius":60.8069,"t":[-0.398007,-15.7174,-71.3069]}],"id":190901,"pointables":[{"direction":[0.0905417,-0.767979,-0.634043],"handId":1,"id":2,"length":44.7935,"tipPosition":[27.536,146.613,-104.7],"tipVelocity":[507.546,-277.973,-592.857],"tool":false}],"r":[[-0.0257138,-0.331135,-0.943233],[-0.876691,-0.445927,0.180449],[-0.480366,0.831564,-0.278837]],"s":972.618,"t":[2176.42,-23716.4,6132.03],"timestamp":5664075566},
{"hands":[{"direction":[-0.31341,-0.273938,-0.866677],"id":1,"palmNormal":[-0.0911556,-0.880698,0.352464],"palmPosition":[48.7242,193.163,-66.4901],"palmVelocity":[272.658,-336.316,-294.655],"r":[[1,0,0],[0,1,0],[0,0,1]],"s":1,"sphereCenter":[38.3621,191.34,-13.4424],"sphereRadius":59.7124,"t":[2.94186,-17.8548,-76.5843]}],"id":190902,"pointables":[{"direction":[0.107566,-0.789431,-0.604342],"handId":1,"id":2,"length":43.139,"tipPosition":[31.1374,145.102,-107.875],"tipVelocity":[422.011,-177.06,-372.102],"tool":false}],"r":[[-0.0257138,-0.331135,-0.943233],[-0.876691,-0.445927,0.180449],[-0.480366,0.831564,-0.278837]],"s":972.618,"t":[2179.77,-23718.6,6126.59],"timestamp":5664084100},
{"hands":[{"direction":[-0.300826,-0.295818,-0.867364],"id":1,"palmNormal":[-0.120472,-0.872684,0.374783],"palmPosition":[50.9682,191.195,-68.3418],"palmVelocity":[258.107,-226.385,-212.987],"r":[[1,0,0],[0,1,0],[0,0,1]],"s":1,"sphereCenter":[39.8173,189.169,-21.8175],"sphereRadius":59.1291,"t":[6.00734,-19.3317,-80.0469]}],"id":190903,"pointables":[{"direction":[0.120069,-0.793593,-0.596485],"handId":1,"id":2,"length":41.6145,"tipPosition":[33.9285,144.286,-109.523],"tipVelocity":[321.037,-93.9234,-189.529],"tool":false}],"r":[[-0.0257138,-0.331135,-0.943233],[-0.876691,-0.445927,0.180449],[-0.480366,0.831564,-0.278837]],"s":972.618,"t":[2182.83,-23720.1,6123.05],"timestamp":5664092794},
{"hands":[{"direction":[-0.294862,-0.310631,-0.868597],"id":1,"palmNormal":[-0.146339,-0.867002,0.39075],"palmPosition":[53.171,189.94,-66.5301],"palmVelocity":[249.786,-142.288,205.433],"r":[[1,0,0],[0,1,0],[0,0,1]],"s":1,"sphereCenter":[41.2287,187.321,-28.245],"sphereRadius":58.7302,"t":[8.48245,-20.1785,-81.8245]}],"id":190904,"pointables":[{"direction":[0.126676,-0.793616,-0.595086],"handId":1,"id":2,"length":40.2733,"tipPosition":[35.8132,144.069,-109.616],"tipVelocity":[213.714,-24.5489,-10.5035],"tool":false}],"r":[[-0.0257138,-0.331135,-0.943233],[-0.876691,-0.445927,0.180449],[-0.480366,0.831564,-0.278837]],"s":972.618,"t":[2185.31,-23720.9,6121.24],"timestamp":5664101613},
{"hands":[{"direction":[-0.289752,-0.321839,-0.870377],"id":1,"palmNormal":[-0.167522,-0.863446,0.402057],"palmPosition":[55.0622,188.935,-62.5038],"palmVelocity":[221.424,-117.697,471.4],"r":[[1,0,0],[0,1,0],[0,0,1]],"s":1,"sphereCenter":[42.546,185.923,-33.0291],"sphereRadius":58.4128,"t":[10.2623,-20.4881,-82.0587]}],"id":190905,"pointables":[{"direction":[0.12598,-0.794362,-0.594237],"handId":1,"id":2,"length":39.0348,"tipPosition":[36.8977,144.297,-108.307],"tipVelocity":[126.975,26.6393,153.285],"tool":false}],"r":[[-0.0257138,-0.331135,-0.943233],[-0.876691,-0.445927,0.180449],[-0.480366,0.831564,-0.278837]],"s":972.618,"t":[2187.09,-23721.2,6120.98],"timestamp":5664110154},
{"hands":[{"direction":[-0.291075,-0.325301,-0.872732],"id":1,"palmNormal":[-0.183116,-0.863803,0.40627],"palmPosition":[57.4316,189.078,-54.4993],"palmVelocity":[273.159,16.5284,922.815],"r":[[1,0,0],[0,1,0],[0,0,1]],"s":1,"sphereCenter":[43.9771,184.758,-35.5807],"sphereRadius":58.1525,"t":[11.356,-20.3285,-80.7721]}],"id":190906,"pointables":[{"direction":[0.11682,-0.799297,-0.589473],"handId":1,"id":2,"length":37.2158,"tipPosition":[37.3055,144.926,-105.499],"tipVelocity":[47.0046,72.4941,323.659],"tool":false}],"r":[[-0.0257138,-0.331135,-0.943233],[-0.876691,-0.445927,0.180449],[-0.480366,0.831564,-0.278837]],"s":972.618,"t":[2188.18,-23721.1,6122.26],"timestamp":5664118828},
{"hands":[{"direction":[-0.298423,-0.325515,-0.873564],"id":1,"palmNormal":[-0.192779,-0.865602,0.408635],"palmPosition":[59.3402,189.086,-47.2483],"palmVelocity":[221.416,0.896696,841.189],"r":[[1,0,0],[0,1,0],[0,0,1]],"s":1,"sphereCenter":[45.2901,183.842,-36.2974],"sphereRadius":57.899,"t":[11.7983,-19.7721,-77.5954]}],"id":190907,"pointables":[{"direction":[0.102517,-0.803297,-0.586689],"handId":1,"id":2,"length":37.8134,"tipPosition":[37.0962,145.879,-100.433],"tipVelocity":[-24.272,110.572,587.778],"tool":false}],"r":[[-0.0257138,-0.331135,-0.943233],[-0.876691,-0.445927,0.180449],[-0.480366,0.831564,-0.278837]],"s":972.618,"t":[2188.63,-23720.5,6125.43],"timestamp":5664127448},
{"hands":[{"direction":[-0.30692,-0.32334,-0.874278],"id":1,"palmNormal":[-0.195581,-0.869993,0.407237],"palmPosition":[61.4133,189.098,-37.0584],"palmVelocity":[231.45,1.37074,1137.65],"r":[[1,0,0],[0,1,0],[0,0,1]],"s":1,"sphereCenter":[46.6387,182.79,-35.1176],"sphereRadius":57.7409,"t":[11.6838,-18.8094,-71.9765]}],"id":190908,"pointables":[{"direction":[0.0881179,-0.79787,-0.596354],"handId":1,"id":2,"length":38.2181,"tipPosition":[36.4251,147.248,-92.3714],"tipVelocity":[-74.9305,152.845,899.99],"tool":false}],"r":[[-0.0257138,-0.331135,-0.943233],[-0.876691,-0.445927,0.180449],[-0.480366,0.831564,-0.278837]],"s":972.618,"t":[2188.51,-23719.6,6131.05],"timestamp":5664136405},
{"hands":[{"direction":[-0.315334,-0.319001,-0.875296],"id":1,"palmNormal":[-0.187659,-0.878154,0.400194],"palmPosition":[64.2172,189.413,-23.8257],"palmVelocity":[327.525,36.7681,1545.7],"r":[[1,0,0],[0,1,0],[0,0,1]],"s":1,"sphereCenter":[48.1281,180.56,-31.3624],"sphereRadius":58.0905,"t":[11.1401,-18.0431,-63.2212]}],"id":190909,"pointables":[{"direction":[0.0721422,-0.782636,-0.618285],"handId":1,"id":2,"length":36.2322,"tipPosition":[35.452,147.818,-80.4797],"tipVelocity":[-113.667,66.5598,1389.05],"tool":false}],"r":[[-0.0257138,-0.331135,-0.943233],[-0.876691,-0.445927,0.180449],[-0.480366,0.831564,-0.278837]],"s":972.618,"t":[2187.97,-23718.8,6139.8],"timestamp":5664144966},
{"hands":[{"direction":[-0.32999,-0.31117,-0.874097],"id":1,"palmNormal":[-0.175984,-0.887394,0.389794],"palmPosition":[66.8288,189.383,-12.1339],"palmVelocity":[306.094,-3.47017,1370.35],"r":[[1,0,0],[0,1,0],[0,0,1]],"s":1,"sphereCenter":[49.8468,179.937,-26.7024],"sphereRadius":58.064,"t":[11.4229,-16.5907,-52.0518]}],"id":190910,"pointables":[{"direction":[0.0582457,-0.730086,-0.680869],"handId":1,"id":2,"length":32.8005,"tipPosition":[36.5615,149.956,-66.8961],"tipVelocity":[130.038,250.663,1592.08],"tool":false}],"r":[[-0.0257138,-0.331135,-0.943233],[-0.876691,-0.445927,0.180449],[-0.480366,0.831564,-0.278837]],"s":972.618,"t":[2188.25,-23717.3,6150.97],"timestamp":5664153498},
{"hands":[{"direction":[-0.354496,-0.30016,-0.867721],"id":1,"palmNormal":[-0.179467,-0.890646,0.386953],"palmPosition":[74.7093,191.57,14.5293],"palmVelocity":[901.554,250.199,3050.36],"r":[[1,0,0],[0,1,0],[0,0,1]],"s":1,"sphereCenter":[52.3182,181.963,-19.1432],"sphereRadius":58.253,"t":[14.861,-9.0708,-37.1562]}],"id":190911,"pointables":[{"direction":[-0.0430421,-0.66588,-0.744816],"handId":1,"id":2,"length":42.2634,"tipPosition":[43.1547,163.544,-48.2745],"tipVelocity":[754.288,1554.43,2130.38],"tool":false}],"r":[[-0.0257138,-0.331135,-0.943233],[-0.876691,-0.445927,0.180449],[-0.480366,0.831564,-0.278837]],"s":972.618,"t":[2191.69,-23709.8,6165.87],"timestamp":5664162239},
{"hands":[{"direction":[-0.36769,-0.287854,-0.867546],"id":1,"palmNormal":[-0.177514,-0.898216,0.374156],"palmPosition":[81.2442,191.676,33.8931],"palmVelocity":[766.02,12.3612,2269.82],"r":[[1,0,0],[0,1,0],[0,0,1]],"s":1,"sphereCenter":[55.0115,182.302,-9.33972],"sphereRadius":59.7089,"t":[18.9184,-3.03381,-21.3671]}],"id":190912,"pointables":[],"r":[[-0.0257138,-0.331135,-0.943233],[-0.876691,-0.445927,0.180449],[-0.480366,0.831564,-0.278837]],"s":972.618,"t":[2195.75,-23703.8,6181.66],"timestamp":5664170770},
{"hands":[{"direction":[-0.371929,-0.262416,-0.873384],"id":1,"palmNormal":[-0.165071,-0.912759,0.33568],"palmPosition":[85.3897,191.64,47.7434],"palmVelocity":[473.065,-4.11432,1580.55],"r":[[1,0,0],[0,1,0],[0,0,1]],"s":1,"sphereCenter":[58.0777,186.549,0.261141],"sphereRadius":61.1415,"t":[22.9934,1.78857,-5.96565]}],"id":190913,"pointables":[],"r":[[-0.0257138,-0.331135,-0.943233],[-0.876691,-0.445927,0.180449],[-0.480366,0.831564,-0.278837]],"s":972.618,"t":[2199.82,-23699,6197.06],"timestamp":5664179533},
{"hands":[{"direction":[-0.374547,-0.244258,-0.878443],"id":1,"palmNormal":[-0.146995,-0.925192,0.305727],"palmPosition":[86.1748,191.164,59.6723],"palmVelocity":[90.0864,-54.5972,1368.78],"r":[[1,0,0],[0,1,0],[0,0,1]],"s":1,"sphereCenter":[61.2735,185.208,11.5145],"sphereRadius":61.3318,"t":[26.4105,5.55132,8.74126]}],"id":190914,"pointables":[],"r":[[-0.0257138,-0.331135,-0.943233],[-0.876691,-0.445927,0.180449],[-0.480366,0.831564,-0.278837]],"s":972.618,"t":[2203.24,-23695.2,6211.77],"timestamp":5664188248},
{"hands":[{"direction":[-0.375171,-0.220938,-0.884331],"id":1,"palmNormal":[-0.125933,-0.937422,0.267581],"palmPosition":[85.0793,189.742,71.9345],"palmVelocity":[-126.28,-163.865,1413.51],"r":[[1,0,0],[0,1,0],[0,0,1]],"s":1,"sphereCenter":[63.7069,183.842,23.5551],"sphereRadius":60.7111,"t":[28.925,8.27721,22.9592]}],"id":190915,"pointables":[],"r":[[-0.0257138,-0.331135,-0.943233],[-0.876691,-0.445927,0.180449],[-0.480366,0.831564,-0.278837]],"s":972.618,"t":[2205.75,-23692.5,6225.98],"timestamp":5664196923},
{"hands":[{"direction":[-0.350547,-0.188757,-0.897258],"id":1,"palmNormal":[-0.115576,-0.947829,0.219953],"palmPosition":[82.0501,187.704,83.1043],"palmVelocity":[-346.551,-233.198,1277.86],"r":[[1,0,0],[0,1,0],[0,0,1]],"s":1,"sphereCenter":[65.4479,184.638,35.5735],"sphereRadius":59.4875,"t":[30.3308,10.0502,36.5675]}],"id":190916,"pointables":[],"r":[[-0.0257138,-0.331135,-0.943233],[-0.876691,-0.445927,0.180449],[-0.480366,0.831564,-0.278837]],"s":972.618,"t":[2207.16,-23690.7,6239.59],"timestamp":5664205664},
{"hands":[{"direction":[-0.31474,-0.139194,-0.908221],"id":1,"palmNormal":[-0.117965,-0.952786,0.152182],"palmPosition":[77.5736,186.705,92.0524],"palmVelocity":[-519.677,-115.955,1038.79],"r":[[1,0,0],[0,1,0],[0,0,1]],"s":1,"sphereCenter":[66.7154,188.279,47.9715],"sphereRadius":58.5991,"t":[30.5601,11.2689,49.2438]}],"id":190917,"pointables":[],"r":[[-0.0257138,-0.331135,-0.943233],[-0.876691,-0.445927,0.180449],[-0.480366,0.831564,-0.278837]],"s":972.618,"t":[2207.39,-23689.5,6252.27],"timestamp":5664214278},
{"hands":[{"direction":[-0.282306,-0.046101,-0.897383],"id":1,"palmNormal":[-0.139011,-0.92871,0.0334107],"palmPosition":[74.2728,187.165,100.751],"palmVelocity":[-375.691,52.3645,990.087],"r":[[1,0,0],[0,1,0],[0,0,1]],"s":1,"sphereCenter":[67.2127,188.282,59.7487],"sphereRadius":56.2077,"t":[30.0834,12.3358,61.1246]}],"id":190918,"pointables":[],"r":[[-0.0257138,-0.331135,-0.943233],[-0.876691,-0.445927,0.180449],[-0.480366,0.831564,-0.278837]],"s":972.618,"t":[2206.91,-23688.4,6264.15],"timestamp":5664223064},
{"hands":[{"direction":[-0.297185,-0.0334293,-0.900221],"id":1,"palmNormal":[-0.193051,-0.921019,0.0529201],"palmPosition":[73.8595,186.658,122.894],"palmVelocity":[-48.0168,-58.9321,2572.37],"r":[[1,0,0],[0,1,0],[0,0,1]],"s":1,"sphereCenter":[68.7233,189.231,75.4338],"sphereRadius":55.67,"t":[29.6194,13.0879,75.0579]}],"id":190919,"pointables":[],"r":[[-0.0257138,-0.331135,-0.943233],[-0.876691,-0.445927,0.180449],[-0.480366,0.831564,-0.278837]],"s":972.618,"t":[2206.45,-23687.7,6278.08],"timestamp":5664231672},
{"hands":[{"direction":[-0.239796,0.0890883,-0.843059],"id":1,"palmNormal":[-0.229895,-0.826366,-0.10665],"palmPosition":[71.4067,185.75,137.799],"palmVelocity":[-286.638,-106.105,1741.76],"r":[[1,0,0],[0,1,0],[0,0,1]],"s":1,"sphereCenter":[69.3304,188.262,90.5313],"sphereRadius":54.1873,"t":[28.7576,13.508,89.1853]}],"id":190920,"pointables":[],"r":[[-0.0257138,-0.331135,-0.943233],[-0.876691,-0.445927,0.180449],[-0.480366,0.831564,-0.278837]],"s":972.618,"t":[2205.59,-23687.2,6292.21],"timestamp":5664240229},
{"hands":[{"direction":[-0.242468,0.135336,-0.846387],"id":1,"palmNormal":[-0.289884,-0.821943,-0.129506],"palmPosition":[69.7212,186.244,157.935],"palmVelocity":[-189.832,55.6806,2267.87],"r":[[1,0,0],[0,1,0],[0,0,1]],"s":1,"sphereCenter":[70.8845,187.414,109.232],"sphereRadius":54.3813,"t":[27.7311,13.943,104.515]}],"id":190921,"pointables":[],"r":[[-0.0257138,-0.331135,-0.943233],[-0.876691,-0.445927,0.180449],[-0.480366,0.831564,-0.278837]],"s":972.618,"t":[2204.56,-23686.8,6307.54],"timestamp":5664249108},
{"hands":[{"direction":[-0.180957,0.22726,-0.808814],"id":1,"palmNormal":[-0.345789,-0.736647,-0.244301],"palmPosition":[68.3414,187.988,177.472],"palmVelocity":[-162.368,205.211,2299.01],"r":[[1,0,0],[0,1,0],[0,0,1]],"s":1,"sphereCenter":[70.7391,186.514,126.178],"sphereRadius":52.87,"t":[26.6339,14.6397,120.685]}],"id":190922,"pointables":[],"r":[[-0.0257138,-0.331135,-0.943233],[-0.876691,-0.445927,0.180449],[-0.480366,0.831564,-0.278837]],"s":972.618,"t":[2203.46,-23686.1,6323.71],"timestamp":5664257606},
{"hands":[],"id":190923,"pointables":[],"r":[[-0.0257138,-0.331135,-0.943233],[-0.876691,-0.445927,0.180449],[-0.480366,0.831564,-0.278837]],"s":972.618,"t":[2202.59,-23685.6,6336.65],"timestamp":5664266485},
{"hands":[],"id":190924,"pointables":[],"r":[[-0.0257138,-0.331135,-0.943233],[-0.876691,-0.445927,0.180449],[-0.480366,0.831564,-0.278837]],"s":972.618,"t":[2201.88,-23685.1,6346.99],"timestamp":5664275109},
{"hands":[],"id":190925,"pointables":[],"r":[[-0.0257138,-0.331135,-0.943233],[-0.876691,-0.445927,0.180449],[-0.480366,0.831564,-0.278837]],"s":972.618,"t":[2201.32,-23684.8,6355.27],"timestamp":5664283736},
{"hands":[],"id":190926,"pointables":[],"r":[[-0.0257138,-0.331135,-0.943233],[-0.876691,-0.445927,0.180449],[-0.480366,0.831564,-0.278837]],"s":972.618,"t":[2200.87,-23684.5,6361.9],"timestamp":5664292475},
{"hands":[],"id":190927,"pointables":[],"r":[[-0.0257138,-0.331135,-0.943233],[-0.876691,-0.445927,0.180449],[-0.480366,0.831564,-0.278837]],"s":972.618,"t":[2200.51,-23684.2,6367.2],"timestamp":5664300965},
{"hands":[],"id":190928,"pointables":[],"r":[[-0.0257138,-0.331135,-0.943233],[-0.876691,-0.445927,0.180449],[-0.480366,0.831564,-0.278837]],"s":972.618,"t":[2200.22,-23684.1,6371.44],"timestamp":5664309546},
{"hands":[{"direction":[0.547972,0.0865558,-0.775141],"id":7,"palmNormal":[0.390075,-0.887506,0.173564],"palmPosition":[-100.578,165.501,-34.913],"palmVelocity":[39.0752,-295.049,-2240.88],"r":[[1,0,0],[0,1,0],[0,0,1]],"s":1,"sphereCenter":[-84.5649,148.67,52.0153],"sphereRadius":75.8962,"t":[0,0,0]}],"id":190929,"pointables":[],"r":[[-0.0257138,-0.331135,-0.943233],[-0.876691,-0.445927,0.180449],[-0.480366,0.831564,-0.278837]],"s":972.618,"t":[2200.06,-23684.4,6370.87],"timestamp":5664318375},
{"hands":[{"direction":[0.528831,0.0485877,-0.792392],"id":7,"palmNormal":[0.399939,-0.875235,0.206488],"palmPosition":[-100.771,163.575,-47.4493],"palmVelocity":[-22.5712,-224.372,-1459.92],"r":[[1,0,0],[0,1,0],[0,0,1]],"s":1,"sphereCenter":[-82.8052,146.201,39.0062],"sphereRadius":76.1086,"t":[-0.0387638,-0.385336,-2.50727]}],"id":190930,"pointables":[],"r":[[-0.0257138,-0.331135,-0.943233],[-0.876691,-0.445927,0.180449],[-0.480366,0.831564,-0.278837]],"s":972.618,"t":[2199.9,-23685.1,6367.91],"timestamp":5664326962},
{"hands":[{"direction":[0.509067,0.0161047,-0.808208],"id":7,"palmNormal":[0.411791,-0.863334,0.232775],"palmPosition":[-100.587,162.946,-57.4926],"palmVelocity":[20.7669,-70.6731,-1128.2],"r":[[1,0,0],[0,1,0],[0,0,1]],"s":1,"sphereCenter":[-81.2171,144.983,27.1626],"sphereRadius":76.2513,"t":[-0.0328016,-0.819431,-6.52173]}],"id":190931,"pointables":[],"r":[[-0.0257138,-0.331135,-0.943233],[-0.876691,-0.445927,0.180449],[-0.480366,0.831564,-0.278837]],"s":972.618,"t":[2199.8,-23685.8,6363.53],"timestamp":5664335864},
{"hands":[{"direction":[0.48727,-0.0195218,-0.821667],"id":7,"palmNormal":[0.421326,-0.851333,0.259373],"palmPosition":[-100.179,162.853,-64.5441],"palmVelocity":[48.1262,-10.9038,-831.644],"r":[[1,0,0],[0,1,0],[0,0,1]],"s":1,"sphereCenter":[-79.941,144.47,17.4667],"sphereRadius":76.5856,"t":[0.0535807,-1.1852,-11.1436]}],"id":190932,"pointables":[],"r":[[-0.0257138,-0.331135,-0.943233],[-0.876691,-0.445927,0.180449],[-0.480366,0.831564,-0.278837]],"s":972.618,"t":[2199.8,-23686.4,6358.62],"timestamp":5664344343},
{"hands":[{"direction":[0.465405,-0.0480961,-0.834735],"id":7,"palmNormal":[0.42757,-0.844451,0.276979],"palmPosition":[-99.9121,163.421,-66.4178],"palmVelocity":[30.3881,64.779,-213.672],"r":[[1,0,0],[0,1,0],[0,0,1]],"s":1,"sphereCenter":[-79.1871,144.653,8.88461],"sphereRadius":76.5135,"t":[-0.334263,-1.14388,-14.3589]}],"id":190933,"pointables":[{"direction":[0.087242,0.369588,-0.925091],"handId":7,"id":8,"length":25.7442,"tipPosition":[-78.067,145.264,-116.799],"tipVelocity":[-98.3087,51.1346,-206.267],"tool":false}],"r":[[-0.0257138,-0.331135,-0.943233],[-0.876691,-0.445927,0.180449],[-0.480366,0.831564,-0.278837]],"s":972.618,"t":[2199.37,-23686.4,6355.26],"timestamp":5664353112},
{"hands":[{"direction":[0.459021,-0.0590398,-0.843465],"id":7,"palmNormal":[0.431749,-0.841818,0.285664],"palmPosition":[-100.453,163.893,-62.6788],"palmVelocity":[-63.2683,55.0872,436.999],"r":[[1,0,0],[0,1,0],[0,0,1]],"s":1,"sphereCenter":[-78.8315,144.673,1.74112],"sphereRadius":76.3761,"t":[-0.777879,-0.485651,-16.1735]}],"id":190934,"pointables":[{"direction":[0.086806,0.438202,-0.894675],"handId":7,"id":8,"length":24.9088,"tipPosition":[-78.5663,146.539,-117.213],"tipVelocity":[-58.3671,149.035,-48.3762],"tool":false}],"r":[[-0.0257138,-0.331135,-0.943233],[-0.876691,-0.445927,0.180449],[-0.480366,0.831564,-0.278837]],"s":972.618,"t":[2198.91,-23685.8,6353.37],"timestamp":5664361668},
{"hands":[{"direction":[0.445743,-0.0702735,-0.854003],"id":7,"palmNormal":[0.432135,-0.843025,0.288202],"palmPosition":[-100.346,165.125,-60.3591],"palmVelocity":[12.2634,140.468,264.477],"r":[[1,0,0],[0,1,0],[0,0,1]],"s":1,"sphereCenter":[-78.5264,145.098,-3.36055],"sphereRadius":76.3237,"t":[-1.15295,1.13872,-17.4665]}],"id":190935,"pointables":[{"direction":[0.0447451,0.512063,-0.857782],"handId":7,"id":8,"length":24.4049,"tipPosition":[-78.8729,149.129,-117.985],"tipVelocity":[-34.9468,295.351,-87.9492],"tool":false}],"r":[[-0.0257138,-0.331135,-0.943233],[-0.876691,-0.445927,0.180449],[-0.480366,0.831564,-0.278837]],"s":972.618,"t":[2198.52,-23684.2,6352.05],"timestamp":5664370439},
{"hands":[{"direction":[0.442272,-0.0661534,-0.861046],"id":7,"palmNormal":[0.42927,-0.849193,0.278607],"palmPosition":[-100.83,166.419,-53.8302],"palmVelocity":[-55.7615,149.161,752.087],"r":[[1,0,0],[0,1,0],[0,0,1]],"s":1,"sphereCenter":[-78.4462,145.493,-6.95305],"sphereRadius":76.3547,"t":[-1.38038,3.05278,-17.16]}],"id":190936,"pointables":[{"direction":[0.0379144,0.533235,-0.845117],"handId":7,"id":8,"length":23.9604,"tipPosition":[-78.9527,151.333,-116.079],"tipVelocity":[-9.1925,253.857,219.558],"tool":false}],"r":[[-0.0257138,-0.331135,-0.943233],[-0.876691,-0.445927,0.180449],[-0.480366,0.831564,-0.278837]],"s":972.618,"t":[2198.29,-23682.3,6352.33],"timestamp":5664379120},
