[
{"hands":[],"id":201317,"pointables":[],"r":[[0.154451,-0.684782,-0.712193],[-0.889583,-0.410018,0.201316],[-0.429869,0.602461,-0.672498]],"s":972.716,"t":[2059.13,-23575.2,8545.19],"timestamp":5759280399},
{"hands":[],"id":201318,"pointables":[],"r":[[0.154451,-0.684782,-0.712193],[-0.889583,-0.410018,0.201316],[-0.429869,0.602461,-0.672498]],"s":972.716,"t":[2059.13,-23575.2,8545.19],"timestamp":5759289045},
{"hands":[],"id":201319,"pointables":[],"r":[[0.154451,-0.684782,-0.712193],[-0.889583,-0.410018,0.201316],[-0.429869,0.602461,-0.672498]],"s":972.716,"t":[2059.13,-23575.2,8545.19],"timestamp":5759297598},
{"hands":[],"id":201320,"pointables":[],"r":[[0.154451,-0.684782,-0.712193],[-0.889583,-0.410018,0.201316],[-0.429869,0.602461,-0.672498]],"s":972.716,"t":[2059.13,-23575.2,8545.19],"timestamp":5759306610},
{"hands":[],"id":201321,"pointables":[],"r":[[0.154451,-0.684782,-0.712193],[-0.889583,-0.410018,0.201316],[-0.429869,0.602461,-0.672498]],"s":972.716,"t":[2059.13,-23575.2,8545.19],"timestamp":5759315200},
{"hands":[],"id":201322,"pointables":[],"r":[[0.154451,-0.684782,-0.712193],[-0.889583,-0.410018,0.201316],[-0.429869,0.602461,-0.672498]],"s":972.716,"t":[2059.13,-23575.2,8545.19],"timestamp":5759323752},
{"hands":[],"id":201323,"pointables":[],"r":[[0.154451,-0.684782,-0.712193],[-0.889583,-0.410018,0.201316],[-0.429869,0.602461,-0.672498]],"s":972.716,"t":[2059.13,-23575.2,8545.19],"timestamp":5759332438},
{"hands":[],"id":201324,"pointables":[],"r":[[0.154451,-0.684782,-0.712193],[-0.889583,-0.410018,0.201316],[-0.429869,0.602461,-0.672498]],"s":972.716,"t":[2059.13,-23575.2,8545.19],"timestamp":5759341028},
{"hands":[],"id":201325,"pointables":[],"r":[[0.154451,-0.684782,-0.712193],[-0.889583,-0.410018,0.201316],[-0.429869,0.602461,-0.672498]],"s":972.716,"t":[2059.13,-23575.2,8545.19],"timestamp":5759349794},
{"hands":[],"id":201326,"pointables":[],"r":[[0.154451,-0.684782,-0.712193],[-0.889583,-0.410018,0.201316],[-0.429869,0.602461,-0.672498]],"s":972.716,"t":[2059.13,-23575.2,8545.19],"timestamp":5759358494},
{"hands":[],"id":201327,"pointables":[],"r":[[0.154451,-0.684782,-0.712193],[-0.889583,-0.410018,0.201316],[-0.429869,0.602461,-0.672498]],"s":972.716,"t":[2059.13,-23575.2,8545.19],"timestamp":5759367004},
{"hands":[],"id":201328,"pointables":[],"r":[[0.154451,-0.684782,-0.712193],[-0.889583,-0.410018,0.201316],[-0.429869,0.602461,-0.672498]],"s":972.716,"t":[2059.13,-23575.2,8545.19],"timestamp":5759375928},
{"hands":[],"id":201329,"pointables":[],"r":[[0.154451,-0.684782,-0.712193],[-0.889583,-0.410018,0.201316],[-0.429869,0.602461,-0.672498]],"s":972.716,"t":[2059.13,-23575.2,8545.19],"timestamp":5759384547},
{"hands":[],"id":201330,"pointables":[],"r":[[0.154451,-0.684782,-0.712193],[-0.889583,-0.410018,0.201316],[-0.429869,0.602461,-0.672498]],"s":972.716,"t":[2059.13,-23575.2,8545.19],"timestamp":5759393362},
{"hands":[],"id":201331,"pointables":[],"r":[[0.154451,-0.684782,-0.712193],[-0.889583,-0.410018,0.201316],[-0.429869,0.602461,-0.672498]],"s":972.716,"t":[2059.13,-23575.2,8545.19],"timestamp":5759401779},
{"hands":[],"id":201332,"pointables":[],"r":[[0.154451,-0.684782,-0.712193],[-0.889583,-0.410018,0.201316],[-0.429869,0.602461,-0.672498]],"s":972.716,"t":[2059.13,-23575.2,8545.19],"timestamp":5759410426},
{"hands":[],"id":201333,"pointables":[],"r":[[0.154451,-0.684782,-0.712193],[-0.889583,-0.410018,0.201316],[-0.429869,0.602461,-0.672498]],"s":972.716,"t":[2059.13,-23575.2,8545.19],"timestamp":5759419214},
{"hands":[],"id":201334,"pointables":[],"r":[[0.154451,-0.684782,-0.712193],[-0.889583,-0.410018,0.201316],[-0.429869,0.602461,-0.672498]],"s":972.716,"t":[2059.13,-23575.2,8545.19],"timestamp":5759427946},
{"hands":[],"id":201335,"pointables":[],"r":[[0.154451,-0.684782,-0.712193],[-0.889583,-0.410018,0.201316],[-0.429869,0.602461,-0.672498]],"s":972.716,"t":[2059.13,-23575.2,8545.19],"timestamp":5759436444},
{"hands":[],"id":201336,"pointables":[],"r":[[0.154451,-0.684782,-0.712193],[-0.889583,-0.410018,0.201316],[-0.429869,0.602461,-0.672498]],"s":972.716,"t":[2059.13,-23575.2,8545.19],"timestamp":5759445363},
{"hands":[],"id":201337,"pointables":[],"r":[[0.154451,-0.684782,-0.712193],[-0.889583,-0.410018,0.201316],[-0.429869,0.602461,-0.672498]],"s":972.716,"t":[2059.13,-23575.2,8545.19],"timestamp":5759453782},
{"hands":[],"id":201338,"pointables":[],"r":[[0.154451,-0.684782,-0.712193],[-0.889583,-0.410018,0.201316],[-0.429869,0.602461,-0.672498]],"s":972.716,"t":[2059.13,-23575.2,8545.19],"timestamp":5759462617},
{"hands":[],"id":201339,"pointables":[],"r":[[0.154451,-0.684782,-0.712193],[-0.889583,-0.410018,0.201316],[-0.429869,0.602461,-0.672498]],"s":972.716,"t":[2059.13,-23575.2,8545.19],"timestamp":5759471196},
{"hands":[],"id":201340,"pointables":[],"r":[[0.154451,-0.684782,-0.712193],[-0.889583,-0.410018,0.201316],[-0.429869,0.602461,-0.672498]],"s":972.716,"t":[2059.13,-23575.2,8545.19],"timestamp":5759482928},
{"hands":[],"id":201341,"pointables":[],"r":[[0.154451,-0.684782,-0.712193],[-0.889583,-0.410018,0.201316],[-0.429869,0.602461,-0.672498]],"s":972.716,"t":[2059.13,-23575.2,8545.19],"timestamp":5759497330},
{"hands":[],"id":201342,"pointables":[],"r":[[0.154451,-0.684782,-0.712193],[-0.889583,-0.410018,0.201316],[-0.429869,0.602461,-0.672498]],"s":972.716,"t":[2059.13,-23575.2,8545.19],"timestamp":5759505946},
{"hands":[],"id":201343,"pointables":[],"r":[[0.154451,-0.684782,-0.712193],[-0.889583,-0.410018,0.201316],[-0.429869,0.602461,-0.672498]],"s":972.716,"t":[2059.13,-23575.2,8545.19],"timestamp":5759514553},
{"hands":[],"id":201344,"pointables":[],"r":[[0.154451,-0.684782,-0.712193],[-0.889583,-0.410018,0.201316],[-0.429869,0.602461,-0.672498]],"s":972.716,"t":[2059.13,-23575.2,8545.19],"timestamp":5759525993},
{"hands":[],"id":201345,"pointables":[],"r":[[0.154451,-0.684782,-0.712193],[-0.889583,-0.410018,0.201316],[-0.429869,0.602461,-0.672498]],"s":972.716,"t":[2059.13,-23575.2,8545.19],"timestamp":5759540681},
{"hands":[],"id":201346,"pointables":[],"r":[[0.154451,-0.684782,-0.712193],[-0.889583,-0.410018,0.201316],[-0.429869,0.602461,-0.672498]],"s":972.716,"t":[2059.13,-23575.2,8545.19],"timestamp":5759549494},
{"hands":[],"id":201347,"pointables":[],"r":[[0.154451,-0.684782,-0.712193],[-0.889583,-0.410018,0.201316],[-0.429869,0.602461,-0.672498]],"s":972.716,"t":[2059.13,-23575.2,8545.19],"timestamp":5759557983},
{"hands":[],"id":201348,"pointables":[],"r":[[0.154451,-0.684782,-0.712193],[-0.889583,-0.410018,0.201316],[-0.429869,0.602461,-0.672498]],"s":972.716,"t":[2059.13,-23575.2,8545.19],"timestamp":5759569526},
{"hands":[],"id":201350,"pointables":[],"r":[[0.154451,-0.684782,-0.712193],[-0.889583,-0.410018,0.201316],[-0.429869,0.602461,-0.672498]],"s":972.716,"t":[2059.13,-23575.2,8545.19],"timestamp":5759592550},
{"hands":[],"id":201351,"pointables":[],"r":[[0.154451,-0.684782,-0.712193],[-0.889583,-0.410018,0.201316],[-0.429869,0.602461,-0.672498]],"s":972.716,"t":[2059.13,-23575.2,8545.19],"timestamp":5759601248},
{"hands":[],"id":201352,"pointables":[],"r":[[0.154451,-0.684782,-0.712193],[-0.889583,-0.410018,0.201316],[-0.429869,0.602461,-0.672498]],"s":972.716,"t":[2059.13,-23575.2,8545.19],"timestamp":5759618754},
{"hands":[],"id":201353,"pointables":[],"r":[[0.154451,-0.684782,-0.712193],[-0.889583,-0.410018,0.201316],[-0.429869,0.602461,-0.672498]],"s":972.716,"t":[2059.13,-23575.2,8545.19],"timestamp":5759627485},
{"hands":[],"id":201354,"pointables":[],"r":[[0.154451,-0.684782,-0.712193],[-0.889583,-0.410018,0.201316],[-0.429869,0.602461,-0.672498]],"s":972.716,"t":[2059.13,-23575.2,8545.19],"timestamp":5759635920},
{"hands":[],"id":201355,"pointables":[],"r":[[0.154451,-0.684782,-0.712193],[-0.889583,-0.410018,0.201316],[-0.429869,0.602461,-0.672498]],"s":972.716,"t":[2059.13,-23575.2,8545.19],"timestamp":5759644745},
{"hands":[],"id":201356,"pointables":[],"r":[[0.154451,-0.684782,-0.712193],[-0.889583,-0.410018,0.201316],[-0.429869,0.602461,-0.672498]],"s":972.716,"t":[2059.13,-23575.2,8545.19],"timestamp":5759653415},
{"hands":[],"id":201357,"pointables":[],"r":[[0.154451,-0.684782,-0.712193],[-0.889583,-0.410018,0.201316],[-0.429869,0.602461,-0.672498]],"s":972.716,"t":[2059.13,-23575.2,8545.19],"timestamp":5759662100},
{"hands":[],"id":201358,"pointables":[],"r":[[0.154451,-0.684782,-0.712193],[-0.889583,-0.410018,0.201316],[-0.429869,0.602461,-0.672498]],"s":972.716,"t":[2059.13,-23575.2,8545.19],"timestamp":5759670574},
{"hands":[],"id":201359,"pointables":[],"r":[[0.154451,-0.684782,-0.712193],[-0.889583,-0.410018,0.201316],[-0.429869,0.602461,-0.672498]],"s":972.716,"t":[2059.13,-23575.2,8545.19],"timestamp":5759679493},
{"hands":[],"id":201360,"pointables":[],"r":[[0.154451,-0.684782,-0.712193],[-0.889583,-0.410018,0.201316],[-0.429869,0.602461,-0.672498]],"s":972.716,"t":[2059.13,-23575.2,8545.19],"timestamp":5759687914},
{"hands":[],"id":201361,"pointables":[],"r":[[0.154451,-0.684782,-0.712193],[-0.889583,-0.410018,0.201316],[-0.429869,0.602461,-0.672498]],"s":972.716,"t":[2059.13,-23575.2,8545.19],"timestamp":5759696873},
{"hands":[],"id":201362,"pointables":[],"r":[[0.154451,-0.684782,-0.712193],[-0.889583,-0.410018,0.201316],[-0.429869,0.602461,-0.672498]],"s":972.716,"t":[2059.13,-23575.2,8545.19],"timestamp":5759705425},
{"hands":[],"id":201363,"pointables":[],"r":[[0.154451,-0.684782,-0.712193],[-0.889583,-0.410018,0.201316],[-0.429869,0.602461,-0.672498]],"s":972.716,"t":[2059.13,-23575.2,8545.19],"timestamp":5759714248},
{"hands":[],"id":201364,"pointables":[],"r":[[0.154451,-0.684782,-0.712193],[-0.889583,-0.410018,0.201316],[-0.429869,0.602461,-0.672498]],"s":972.716,"t":[2059.13,-23575.2,8545.19],"timestamp":5759722694},
{"hands":[],"id":201365,"pointables":[],"r":[[0.154451,-0.684782,-0.712193],[-0.889583,-0.410018,0.201316],[-0.429869,0.602461,-0.672498]],"s":972.716,"t":[2059.13,-23575.2,8545.19],"timestamp":5759731414},
{"hands":[],"id":201366,"pointables":[],"r":[[0.154451,-0.684782,-0.712193],[-0.889583,-0.410018,0.201316],[-0.429869,0.602461,-0.672498]],"s":972.716,"t":[2059.13,-23575.2,8545.19],"timestamp":5759740237},
{"hands":[],"id":201367,"pointables":[],"r":[[0.154451,-0.684782,-0.712193],[-0.889583,-0.410018,0.201316],[-0.429869,0.602461,-0.672498]],"s":972.716,"t":[2059.13,-23575.2,8545.19],"timestamp":5759748657},
{"hands":[],"id":201368,"pointables":[],"r":[[0.154451,-0.684782,-0.712193],[-0.889583,-0.410018,0.201316],[-0.429869,0.602461,-0.672498]],"s":972.716,"t":[2059.13,-23575.2,8545.19],"timestamp":5759757494},
{"hands":[],"id":201369,"pointables":[],"r":[[0.154451,-0.684782,-0.712193],[-0.889583,-0.410018,0.201316],[-0.429869,0.602461,-0.672498]],"s":972.716,"t":[2059.13,-23575.2,8545.19],"timestamp":5759766123},
{"hands":[],"id":201370,"pointables":[],"r":[[0.154451,-0.684782,-0.712193],[-0.889583,-0.410018,0.201316],[-0.429869,0.602461,-0.672498]],"s":972.716,"t":[2059.13,-23575.2,8545.19],"timestamp":5759774878},
{"hands":[],"id":201371,"pointables":[],"r":[[0.154451,-0.684782,-0.712193],[-0.889583,-0.410018,0.201316],[-0.429869,0.602461,-0.672498]],"s":972.716,"t":[2059.13,-23575.2,8545.19],"timestamp":5759783350},
{"hands":[],"id":201372,"pointables":[],"r":[[0.154451,-0.684782,-0.712193],[-0.889583,-0.410018,0.201316],[-0.429869,0.602461,-0.672498]],"s":972.716,"t":[2059.13,-23575.2,8545.19],"timestamp":5759792157},
{"hands":[],"id":201373,"pointables":[],"r":[[0.154451,-0.684782,-0.712193],[-0.889583,-0.410018,0.201316],[-0.429869,0.602461,-0.672498]],"s":972.716,"t":[2059.13,-23575.2,8545.19],"timestamp":5759800747},
{"hands":[],"id":201374,"pointables":[],"r":[[0.154451,-0.684782,-0.712193],[-0.889583,-0.410018,0.201316],[-0.429869,0.602461,-0.672498]],"s":972.716,"t":[2059.13,-23575.2,8545.19],"timestamp":5759809603},
{"hands":[],"id":201375,"pointables":[],"r":[[0.154451,-0.684782,-0.712193],[-0.889583,-0.410018,0.201316],[-0.429869,0.602461,-0.672498]],"s":972.716,"t":[2059.13,-23575.2,8545.19],"timestamp":5759818128},
{"hands":[],"id":201376,"pointables":[],"r":[[0.154451,-0.684782,-0.712193],[-0.889583,-0.410018,0.201316],[-0.429869,0.602461,-0.672498]],"s":972.716,"t":[2059.13,-23575.2,8545.19],"timestamp":5759826762},
{"hands":[],"id":201377,"pointables":[],"r":[[0.154451,-0.684782,-0.712193],[-0.889583,-0.410018,0.201316],[-0.429869,0.602461,-0.672498]],"s":972.716,"t":[2059.13,-23575.2,8545.19],"timestamp":5759835427},
{"hands":[],"id":201378,"pointables":[],"r":[[0.154451,-0.684782,-0.712193],[-0.889583,-0.410018,0.201316],[-0.429869,0.602461,-0.672498]],"s":972.716,"t":[2059.13,-23575.2,8545.19],"timestamp":5759844161},
{"hands":[],"id":201379,"pointables":[],"r":[[0.154451,-0.684782,-0.712193],[-0.889583,-0.410018,0.201316],[-0.429869,0.602461,-0.672498]],"s":972.716,"t":[2059.13,-23575.2,8545.19],"timestamp":5759852691},
{"hands":[],"id":201380,"pointables":[],"r":[[0.154451,-0.684782,-0.712193],[-0.889583,-0.410018,0.201316],[-0.429869,0.602461,-0.672498]],"s":972.716,"t":[2059.13,-23575.2,8545.19],"timestamp":5759861609},
{"hands":[],"id":201381,"pointables":[],"r":[[0.154451,-0.684782,-0.712193],[-0.889583,-0.410018,0.201316],[-0.429869,0.602461,-0.672498]],"s":972.716,"t":[2059.13,-23575.2,8545.19],"timestamp":5759870286},
{"hands":[],"id":201382,"pointables":[],"r":[[0.154451,-0.684782,-0.712193],[-0.889583,-0.410018,0.201316],[-0.429869,0.602461,-0.672498]],"s":972.716,"t":[2059.13,-23575.2,8545.19],"timestamp":5759878665},
{"hands":[],"id":201383,"pointables":[],"r":[[0.154451,-0.684782,-0.712193],[-0.889583,-0.410018,0.201316],[-0.429869,0.602461,-0.672498]],"s":972.716,"t":[2059.13,-23575.2,8545.19],"timestamp":5759887476},
{"hands":[],"id":201384,"pointables":[],"r":[[0.154451,-0.684782,-0.712193],[-0.889583,-0.410018,0.201316],[-0.429869,0.602461,-0.672498]],"s":972.716,"t":[2059.13,-23575.2,8545.19],"timestamp":5759896221},
{"hands":[],"id":201385,"pointables":[],"r":[[0.154451,-0.684782,-0.712193],[-0.889583,-0.410018,0.201316],[-0.429869,0.602461,-0.672498]],"s":972.716,"t":[2059.13,-23575.2,8545.19],"timestamp":5759904765},
{"hands":[],"id":201386,"pointables":[],"r":[[0.154451,-0.684782,-0.712193],[-0.889583,-0.410018,0.201316],[-0.429869,0.602461,-0.672498]],"s":972.716,"t":[2059.13,-23575.2,8545.19],"timestamp":5759913427},
{"hands":[],"id":201387,"pointables":[],"r":[[0.154451,-0.684782,-0.712193],[-0.889583,-0.410018,0.201316],[-0.429869,0.602461,-0.672498]],"s":972.716,"t":[2059.13,-23575.2,8545.19],"timestamp":5759922174},
{"hands":[],"id":201388,"pointables":[],"r":[[0.154451,-0.684782,-0.712193],[-0.889583,-0.410018,0.201316],[-0.429869,0.602461,-0.672498]],"s":972.716,"t":[2059.13,-23575.2,8545.19],"timestamp":5759930965},
{"hands":[],"id":201389,"pointables":[],"r":[[0.154451,-0.684782,-0.712193],[-0.889583,-0.410018,0.201316],[-0.429869,0.602461,-0.672498]],"s":972.716,"t":[2059.13,-23575.2,8545.19],"timestamp":5759939427},
{"hands":[],"id":201390,"pointables":[],"r":[[0.154451,-0.684782,-0.712193],[-0.889583,-0.410018,0.201316],[-0.429869,0.602461,-0.672498]],"s":972.716,"t":[2059.13,-23575.2,8545.19],"timestamp":5759948136},
{"hands":[],"id":201391,"pointables":[],"r":[[0.154451,-0.684782,-0.712193],[-0.889583,-0.410018,0.201316],[-0.429869,0.602461,-0.672498]],"s":972.716,"t":[2059.13,-23575.2,8545.19],"timestamp":5759956971},
{"hands":[],"id":201392,"pointables":[],"r":[[0.154451,-0.684782,-0.712193],[-0.889583,-0.410018,0.201316],[-0.429869,0.602461,-0.672498]],"s":972.716,"t":[2059.13,-23575.2,8545.19],"timestamp":5759965594},
{"hands":[],"id":201393,"pointables":[],"r":[[0.154451,-0.684782,-0.712193],[-0.889583,-0.410018,0.201316],[-0.429869,0.602461,-0.672498]],"s":972.716,"t":[2059.13,-23575.2,8545.19],"timestamp":5759974322},
{"hands":[],"id":201394,"pointables":[],"r":[[0.154451,-0.684782,-0.712193],[-0.889583,-0.410018,0.201316],[-0.429869,0.602461,-0.672498]],"s":972.716,"t":[2059.13,-23575.2,8545.19],"timestamp":5759982734},
{"hands":[],"id":201395,"pointables":[],"r":[[0.154451,-0.684782,-0.712193],[-0.889583,-0.410018,0.201316],[-0.429869,0.602461,-0.672498]],"s":972.716,"t":[2059.13,-23575.2,8545.19],"timestamp":5759991683},
{"hands":[],"id":201396,"pointables":[],"r":[[0.154451,-0.684782,-0.712193],[-0.889583,-0.410018,0.201316],[-0.429869,0.602461,-0.672498]],"s":972.716,"t":[2059.13,-23575.2,8545.19],"timestamp":5760000202},
{"hands":[],"id":201397,"pointables":[],"r":[[0.154451,-0.684782,-0.712193],[-0.889583,-0.410018,0.201316],[-0.429869,0.602461,-0.672498]],"s":972.716,"t":[2059.13,-23575.2,8545.19],"timestamp":5760008943},
{"hands":[],"id":201398,"pointables":[],"r":[[0.154451,-0.684782,-0.712193],[-0.889583,-0.410018,0.201316],[-0.429869,0.602461,-0.672498]],"s":972.716,"t":[2059.13,-23575.2,8545.19],"timestamp":5760017552},
{"hands":[],"id":201399,"pointables":[],"r":[[0.154451,-0.684782,-0.712193],[-0.889583,-0.410018,0.201316],[-0.429869,0.602461,-0.672498]],"s":972.716,"t":[2059.13,-23575.2,8545.19],"timestamp":5760026123},
{"hands":[],"id":201400,"pointables":[],"r":[[0.154451,-0.684782,-0.712193],[-0.889583,-0.410018,0.201316],[-0.429869,0.602461,-0.672498]],"s":972.716,"t":[2059.13,-23575.2,8545.19],"timestamp":5760034959},
{"hands":[],"id":201401,"pointables":[],"r":[[0.154451,-0.684782,-0.712193],[-0.889583,-0.410018,0.201316],[-0.429869,0.602461,-0.672498]],"s":972.716,"t":[2059.13,-23575.2,8545.19],"timestamp":5760043752},
{"hands":[],"id":201402,"pointables":[],"r":[[0.154451,-0.684782,-0.712193],[-0.889583,-0.410018,0.201316],[-0.429869,0.602461,-0.672498]],"s":972.716,"t":[2059.13,-23575.2,8545.19],"timestamp":5760052215},
{"hands":[],"id":201403,"pointables":[],"r":[[0.154451,-0.684782,-0.712193],[-0.889583,-0.410018,0.201316],[-0.429869,0.602461,-0.672498]],"s":972.716,"t":[2059.13,-23575.2,8545.19],"timestamp":5760061110},
{"hands":[],"id":201404,"pointables":[],"r":[[0.154451,-0.684782,-0.712193],[-0.889583,-0.410018,0.201316],[-0.429869,0.602461,-0.672498]],"s":972.716,"t":[2059.13,-23575.2,8545.19],"timestamp":5760069638},
{"hands":[],"id":201405,"pointables":[],"r":[[0.154451,-0.684782,-0.712193],[-0.889583,-0.410018,0.201316],[-0.429869,0.602461,-0.672498]],"s":972.716,"t":[2059.13,-23575.2,8545.19],"timestamp":5760078367},
{"hands":[],"id":201406,"pointables":[],"r":[[0.154451,-0.684782,-0.712193],[-0.889583,-0.410018,0.201316],[-0.429869,0.602461,-0.672498]],"s":972.716,"t":[2059.13,-23575.2,8545.19],"timestamp":5760086921},
{"hands":[],"id":201407,"pointables":[],"r":[[0.154451,-0.684782,-0.712193],[-0.889583,-0.410018,0.201316],[-0.429869,0.602461,-0.672498]],"s":972.716,"t":[2059.13,-23575.2,8545.19],"timestamp":5760095780},
{"hands":[],"id":201408,"pointables":[],"r":[[0.154451,-0.684782,-0.712193],[-0.889583,-0.410018,0.201316],[-0.429869,0.602461,-0.672498]],"s":972.716,"t":[2059.13,-23575.2,8545.19],"timestamp":5760104221},
{"hands":[],"id":201409,"pointables":[],"r":[[0.154451,-0.684782,-0.712193],[-0.889583,-0.410018,0.201316],[-0.429869,0.602461,-0.672498]],"s":972.716,"t":[2059.13,-23575.2,8545.19],"timestamp":5760113083},
{"hands":[],"id":201410,"pointables":[],"r":[[0.154451,-0.684782,-0.712193],[-0.889583,-0.410018,0.201316],[-0.429869,0.602461,-0.672498]],"s":972.716,"t":[2059.13,-23575.2,8545.19],"timestamp":5760121564},
{"hands":[],"id":201411,"pointables":[],"r":[[0.154451,-0.684782,-0.712193],[-0.889583,-0.410018,0.201316],[-0.429869,0.602461,-0.672498]],"s":972.716,"t":[2059.13,-23575.2,8545.19],"timestamp":5760130483},
{"hands":[],"id":201412,"pointables":[],"r":[[0.154451,-0.684782,-0.712193],[-0.889583,-0.410018,0.201316],[-0.429869,0.602461,-0.672498]],"s":972.716,"t":[2059.13,-23575.2,8545.19],"timestamp":5760138974},
{"hands":[],"id":201413,"pointables":[],"r":[[0.154451,-0.684782,-0.712193],[-0.889583,-0.410018,0.201316],[-0.429869,0.602461,-0.672498]],"s":972.716,"t":[2059.13,-23575.2,8545.19],"timestamp":5760147745},
{"hands":[],"id":201414,"pointables":[],"r":[[0.154451,-0.684782,-0.712193],[-0.889583,-0.410018,0.201316],[-0.429869,0.602461,-0.672498]],"s":972.716,"t":[2059.13,-23575.2,8545.19],"timestamp":5760156828},
{"hands":[],"id":201415,"pointables":[],"r":[[0.154451,-0.684782,-0.712193],[-0.889583,-0.410018,0.201316],[-0.429869,0.602461,-0.672498]],"s":972.716,"t":[2059.13,-23575.2,8545.19],"timestamp":5760165140},
{"hands":[],"id":201416,"pointables":[],"r":[[0.154451,-0.684782,-0.712193],[-0.889583,-0.410018,0.201316],[-0.429869,0.602461,-0.672498]],"s":972.716,"t":[2059.13,-23575.2,8545.19],"timestamp":5760173571},
{"hands":[],"id":201417,"pointables":[],"r":[[0.154451,-0.684782,-0.712193],[-0.889583,-0.410018,0.201316],[-0.429869,0.602461,-0.672498]],"s":972.716,"t":[2059.13,-23575.2,8545.19],"timestamp":5760182285},
{"hands":[],"id":201418,"pointables":[],"r":[[0.154451,-0.684782,-0.712193],[-0.889583,-0.410018,0.201316],[-0.429869,0.602461,-0.672498]],"s":972.716,"t":[2059.13,-23575.2,8545.19],"timestamp":5760190929},
{"hands":[],"id":201419,"pointables":[],"r":[[0.154451,-0.684782,-0.712193],[-0.889583,-0.410018,0.201316],[-0.429869,0.602461,-0.672498]],"s":972.716,"t":[2059.13,-23575.2,8545.19],"timestamp":5760199794},
{"hands":[],"id":201420,"pointables":[],"r":[[0.154451,-0.684782,-0.712193],[-0.889583,-0.410018,0.201316],[-0.429869,0.602461,-0.672498]],"s":972.716,"t":[2059.13,-23575.2,8545.19],"timestamp":5760208471},
{"hands":[],"id":201421,"pointables":[],"r":[[0.154451,-0.684782,-0.712193],[-0.889583,-0.410018,0.201316],[-0.429869,0.602461,-0.672498]],"s":972.716,"t":[2059.13,-23575.2,8545.19],"timestamp":5760217016},
{"hands":[],"id":201422,"pointables":[],"r":[[0.154451,-0.684782,-0.712193],[-0.889583,-0.410018,0.201316],[-0.429869,0.602461,-0.672498]],"s":972.716,"t":[2059.13,-23575.2,8545.19],"timestamp":5760225892},
{"hands":[],"id":201423,"pointables":[],"r":[[0.154451,-0.684782,-0.712193],[-0.889583,-0.410018,0.201316],[-0.429869,0.602461,-0.672498]],"s":972.716,"t":[2059.13,-23575.2,8545.19],"timestamp":5760234409},
{"hands":[],"id":201424,"pointables":[],"r":[[0.154451,-0.684782,-0.712193],[-0.889583,-0.410018,0.201316],[-0.429869,0.602461,-0.672498]],"s":972.716,"t":[2059.13,-23575.2,8545.19],"timestamp":5760242976},
{"hands":[],"id":201425,"pointables":[],"r":[[0.154451,-0.684782,-0.712193],[-0.889583,-0.410018,0.201316],[-0.429869,0.602461,-0.672498]],"s":972.716,"t":[2059.13,-23575.2,8545.19],"timestamp":5760251758},
{"hands":[],"id":201426,"pointables":[],"r":[[0.154451,-0.684782,-0.712193],[-0.889583,-0.410018,0.201316],[-0.429869,0.602461,-0.672498]],"s":972.716,"t":[2059.13,-23575.2,8545.19],"timestamp":5760260437},
{"hands":[{"direction":[-0.40449,-0.0112129,-0.879124],"id":1,"palmNormal":[-0.197267,-0.946929,0.126111],"palmPosition":[32.6939,234.865,-16.9504],"palmVelocity":[-298.044,-722.707,-745.647],"r":[[1,0,0],[0,1,0],[0,0,1]],"s":1,"sphereCenter":[23.7627,236.592,32.1666],"sphereRadius":66.8914,"t":[0,0,0]}],"id":201427,"pointables":[],"r":[[0.154451,-0.684782,-0.712193],[-0.889583,-0.410018,0.201316],[-0.429869,0.602461,-0.672498]],"s":972.716,"t":[2058.61,-23576.4,8543.91],"timestamp":5760269051},
{"hands":[{"direction":[-0.373752,-0.0148805,-0.894319],"id":1,"palmNormal":[-0.18751,-0.95451,0.114746],"palmPosition":[30.526,230.703,-15.5871],"palmVelocity":[-246.124,-472.484,154.779],"r":[[1,0,0],[0,1,0],[0,0,1]],"s":1,"sphereCenter":[23.2139,235.59,20.4086],"sphereRadius":65.4606,"t":[-1.30179,-0.638169,1.04125]}],"id":201428,"pointables":[{"direction":[-0.0603915,-0.489225,-0.870064],"handId":1,"id":3,"length":55.4262,"tipPosition":[-5.13536,206.477,-88.8248],"tipVelocity":[-295.592,-144.907,236.433],"tool":false}],"r":[[0.154451,-0.684782,-0.712193],[-0.889583,-0.410018,0.201316],[-0.429869,0.602461,-0.672498]],"s":972.716,"t":[2057.05,-23577.7,8544.3],"timestamp":5760277859},
{"hands":[{"direction":[-0.361491,-0.0205202,-0.903353],"id":1,"palmNormal":[-0.212397,-0.950857,0.12125],"palmPosition":[27.2448,228.673,-13.7325],"palmVelocity":[-387.486,-239.692,219.003],"r":[[1,0,0],[0,1,0],[0,0,1]],"s":1,"sphereCenter":[20.6678,230.916,13.7935],"sphereRadius":64.6507,"t":[-4.51694,0.74873,4.53214]}],"id":201429,"pointables":[{"direction":[-0.0561854,-0.400349,-0.914639],"handId":1,"id":3,"length":52.2713,"tipPosition":[-10.2639,209.889,-82.8843],"tipVelocity":[-605.635,402.925,701.527],"tool":false}],"r":[[0.154451,-0.684782,-0.712193],[-0.889583,-0.410018,0.201316],[-0.429869,0.602461,-0.672498]],"s":972.716,"t":[2053.71,-23576.6,8547.47],"timestamp":5760286327},
{"hands":[{"direction":[-0.380748,-0.0129264,-0.89833],"id":1,"palmNormal":[-0.249586,-0.939056,0.136391],"palmPosition":[24.8096,228.556,-2.26265],"palmVelocity":[-273.005,-13.1507,1285.86],"r":[[1,0,0],[0,1,0],[0,0,1]],"s":1,"sphereCenter":[17.9814,227.752,11.1782],"sphereRadius":64.4235,"t":[-9.09578,4.56765,12.6191]}],"id":201430,"pointables":[{"direction":[-0.0619466,-0.359882,-0.930939],"handId":1,"id":3,"length":49.7479,"tipPosition":[-16.2064,216.14,-70.2012],"tipVelocity":[-666.203,700.778,1421.87],"tool":false}],"r":[[0.154451,-0.684782,-0.712193],[-0.889583,-0.410018,0.201316],[-0.429869,0.602461,-0.672498]],"s":972.716,"t":[2049.07,-23573,8555.4],"timestamp":5760295247},
{"hands":[{"direction":[-0.39821,-0.00316079,-0.893212],"id":1,"palmNormal":[-0.279275,-0.930561,0.144903],"palmPosition":[24.3325,229.812,15.8449],"palmVelocity":[-56.1269,147.809,2130.3],"r":[[1,0,0],[0,1,0],[0,0,1]],"s":1,"sphereCenter":[15.233,224.211,12.825],"sphereRadius":65.207,"t":[-14.4011,7.87507,27.4072]}],"id":201431,"pointables":[{"direction":[-0.142189,0.0386555,-0.989084],"handId":1,"id":3,"length":47.5736,"tipPosition":[-22.2382,218.936,-48.7121],"tipVelocity":[-709.627,328.933,2528.13],"tool":false}],"r":[[0.154451,-0.684782,-0.712193],[-0.889583,-0.410018,0.201316],[-0.429869,0.602461,-0.672498]],"s":972.716,"t":[2043.73,-23569.7,8570.11],"timestamp":5760303747},
{"hands":[{"direction":[-0.416424,0.0174848,-0.885385],"id":1,"palmNormal":[-0.302974,-0.926261,0.137055],"palmPosition":[30.8001,229.97,50.3444],"palmVelocity":[728.909,17.79,3888.15],"r":[[1,0,0],[0,1,0],[0,0,1]],"s":1,"sphereCenter":[13.0106,218.913,20.4234],"sphereRadius":68.807,"t":[-12.6729,18.5009,51.7006]}],"id":201432,"pointables":[{"direction":[-0.0739622,-0.435512,-0.897139],"handId":1,"id":3,"length":46.2423,"tipPosition":[-13.4764,236.88,-14.9133],"tipVelocity":[987.471,2022.34,3809.17],"tool":false}],"r":[[0.154451,-0.684782,-0.712193],[-0.889583,-0.410018,0.201316],[-0.429869,0.602461,-0.672498]],"s":972.716,"t":[2045.44,-23559.2,8594.36],"timestamp":5760312620},
{"hands":[{"direction":[-0.440302,0.0404505,-0.871996],"id":1,"palmNormal":[-0.323035,-0.922625,0.129609],"palmPosition":[38.1527,231.626,79.4456],"palmVelocity":[869.621,195.785,3441.89],"r":[[1,0,0],[0,1,0],[0,0,1]],"s":1,"sphereCenter":[11.3043,212.54,31.661],"sphereRadius":73.7864,"t":[-9.81974,27.3326,76.9555]}],"id":201433,"pointables":[],"r":[[0.154451,-0.684782,-0.712193],[-0.889583,-0.410018,0.201316],[-0.429869,0.602461,-0.672498]],"s":972.716,"t":[2048.28,-23550.4,8619.58],"timestamp":5760321075},
{"hands":[{"direction":[-0.457347,0.0581172,-0.863444],"id":1,"palmNormal":[-0.332693,-0.923093,0.11815],"palmPosition":[42.0599,235.055,100.774],"palmVelocity":[444.959,390.585,2428.96],"r":[[1,0,0],[0,1,0],[0,0,1]],"s":1,"sphereCenter":[12.0309,209.923,44.1497],"sphereRadius":75.5734,"t":[-6.75581,35.0839,101.425]}],"id":201434,"pointables":[],"r":[[0.154451,-0.684782,-0.712193],[-0.889583,-0.410018,0.201316],[-0.429869,0.602461,-0.672498]],"s":972.716,"t":[2051.34,-23542.6,8644.03],"timestamp":5760329856},
{"hands":[{"direction":[-0.45765,0.0844572,-0.86218],"id":1,"palmNormal":[-0.331936,-0.926457,0.07724],"palmPosition":[43.8985,238.065,120.152],"palmVelocity":[212.654,348.097,2241.24],"r":[[1,0,0],[0,1,0],[0,0,1]],"s":1,"sphereCenter":[16.3403,215.156,58.8819],"sphereRadius":73.8927,"t":[-3.93693,41.8869,124.877]}],"id":201435,"pointables":[],"r":[[0.154451,-0.684782,-0.712193],[-0.889583,-0.410018,0.201316],[-0.429869,0.602461,-0.672498]],"s":972.716,"t":[2054.15,-23535.8,8667.46],"timestamp":5760338502},
{"hands":[{"direction":[-0.486411,0.115589,-0.837646],"id":1,"palmNormal":[-0.325676,-0.930353,0.0364832],"palmPosition":[46.0757,240.661,142.82],"palmVelocity":[249.048,297.003,2592.97],"r":[[1,0,0],[0,1,0],[0,0,1]],"s":1,"sphereCenter":[20.1719,216.382,73.1568],"sphereRadius":72.0963,"t":[-1.2464,47.8486,148.171]}],"id":201436,"pointables":[],"r":[[0.154451,-0.684782,-0.712193],[-0.889583,-0.410018,0.201316],[-0.429869,0.602461,-0.672498]],"s":972.716,"t":[2056.83,-23529.9,8690.74],"timestamp":5760347244},
{"hands":[{"direction":[-0.400455,0.236258,-0.763143],"id":1,"palmNormal":[-0.221384,-0.807865,-0.163439],"palmPosition":[-5.57201,241.786,156.668],"palmVelocity":[-6084.08,132.461,1631.31],"r":[[1,0,0],[0,1,0],[0,0,1]],"s":1,"sphereCenter":[10.4174,210.071,97.541],"sphereRadius":82.7373,"t":[-9.42352,52.8428,169.577]}],"id":201437,"pointables":[],"r":[[0.154451,-0.684782,-0.712193],[-0.889583,-0.410018,0.201316],[-0.429869,0.602461,-0.672498]],"s":972.716,"t":[2048.65,-23524.9,8712.13],"timestamp":5760355733},
{"hands":[{"direction":[-0.306387,0.345552,-0.671191],"id":1,"palmNormal":[-0.140885,-0.67101,-0.341656],"palmPosition":[29.315,254.908,179.84],"palmVelocity":[4019.25,1511.71,2669.53],"r":[[1,0,0],[0,1,0],[0,0,1]],"s":1,"sphereCenter":[18.0824,224.589,122.568],"sphereRadius":77.8961,"t":[-8.9878,59.4625,191.335]}],"id":201438,"pointables":[],"r":[[0.154451,-0.684782,-0.712193],[-0.889583,-0.410018,0.201316],[-0.429869,0.602461,-0.672498]],"s":972.716,"t":[2049.08,-23518.3,8733.88],"timestamp":5760364413},
{"hands":[],"id":201439,"pointables":[],"r":[[0.154451,-0.684782,-0.712193],[-0.889583,-0.410018,0.201316],[-0.429869,0.602461,-0.672498]],"s":972.716,"t":[2049.42,-23513,8751.28],"timestamp":5760373037},
{"hands":[],"id":201440,"pointables":[],"r":[[0.154451,-0.684782,-0.712193],[-0.889583,-0.410018,0.201316],[-0.429869,0.602461,-0.672498]],"s":972.716,"t":[2049.7,-23508.8,8765.19],"timestamp":5760381799},
{"hands":[],"id":201441,"pointables":[],"r":[[0.154451,-0.684782,-0.712193],[-0.889583,-0.410018,0.201316],[-0.429869,0.602461,-0.672498]],"s":972.716,"t":[2049.92,-23505.4,8776.33],"timestamp":5760390415},
{"hands":[],"id":201442,"pointables":[],"r":[[0.154451,-0.684782,-0.712193],[-0.889583,-0.410018,0.201316],[-0.429869,0.602461,-0.672498]],"s":972.716,"t":[2050.1,-23502.7,8785.24],"timestamp":5760399246},
{"hands":[],"id":201443,"pointables":[],"r":[[0.154451,-0.684782,-0.712193],[-0.889583,-0.410018,0.201316],[-0.429869,0.602461,-0.672498]],"s":972.716,"t":[2050.24,-23500.5,8792.36],"timestamp":5760407817},
{"hands":[],"id":201444,"pointables":[],"r":[[0.154451,-0.684782,-0.712193],[-0.889583,-0.410018,0.201316],[-0.429869,0.602461,-0.672498]],"s":972.716,"t":[2050.35,-23498.8,8798.07],"timestamp":5760416583},
{"hands":[],"id":201445,"pointables":[],"r":[[0.154451,-0.684782,-0.712193],[-0.889583,-0.410018,0.201316],[-0.429869,0.602461,-0.672498]],"s":972.716,"t":[2050.44,-23497.4,8802.63],"timestamp":5760425326},
{"hands":[{"direction":[0.365042,0.270187,-0.877086],"id":4,"palmNormal":[0.666172,-0.734968,0.0314495],"palmPosition":[-134.545,254.467,-8.8283],"palmVelocity":[-280.825,569.352,-297.577],"r":[[1,0,0],[0,1,0],[0,0,1]],"s":1,"sphereCenter":[-99.5011,248.313,6.86357],"sphereRadius":66.9873,"t":[0,0,0]}],"id":201446,"pointables":[],"r":[[0.154451,-0.684782,-0.712193],[-0.889583,-0.410018,0.201316],[-0.429869,0.602461,-0.672498]],"s":972.716,"t":[2050.04,-23495.3,8805.77],"timestamp":5760433762},
{"hands":[{"direction":[0.363518,0.266357,-0.881073],"id":4,"palmNormal":[0.682722,-0.718904,0.0490873],"palmPosition":[-136.656,259.906,-7.04408],"palmVelocity":[-238.266,614.204,201.47],"r":[[1,0,0],[0,1,0],[0,0,1]],"s":1,"sphereCenter":[-97.0549,246.172,5.97087],"sphereRadius":72.4702,"t":[-0.422017,1.08788,0.356844]}],"id":201447,"pointables":[],"r":[[0.154451,-0.684782,-0.712193],[-0.889583,-0.410018,0.201316],[-0.429869,0.602461,-0.672498]],"s":972.716,"t":[2049.3,-23492.6,8808.65],"timestamp":5760442618},
{"hands":[{"direction":[0.359844,0.264238,-0.884996],"id":4,"palmNormal":[0.70231,-0.698394,0.0637024],"palmPosition":[-138.552,264.342,0.201686],"palmVelocity":[-222.625,520.715,850.541],"r":[[1,0,0],[0,1,0],[0,0,1]],"s":1,"sphereCenter":[-98.853,249.165,7.38818],"sphereRadius":74.7475,"t":[-1.13894,2.84537,2.09147]}],"id":201448,"pointables":[],"r":[[0.154451,-0.684782,-0.712193],[-0.889583,-0.410018,0.201316],[-0.429869,0.602461,-0.672498]],"s":972.716,"t":[2048.32,-23489.5,8812.4],"timestamp":5760451137},
{"hands":[{"direction":[0.373444,0.261427,-0.881134],"id":4,"palmNormal":[0.714153,-0.680792,0.0970863],"palmPosition":[-139.506,266.867,9.24349],"palmVelocity":[-107.949,285.72,1023.06],"r":[[1,0,0],[0,1,0],[0,0,1]],"s":1,"sphereCenter":[-99.4187,249.314,9.62637],"sphereRadius":77.5244,"t":[-1.90329,4.75641,5.28754]}],"id":201449,"pointables":[],"r":[[0.154451,-0.684782,-0.712193],[-0.889583,-0.410018,0.201316],[-0.429869,0.602461,-0.672498]],"s":972.716,"t":[2047.36,-23486.5,8817.2],"timestamp":5760459975},
{"hands":[{"direction":[0.380106,0.259568,-0.880096],"id":4,"palmNormal":[0.717321,-0.677768,0.110183],"palmPosition":[-140.298,268.316,21.1547],"palmVelocity":[-92.1616,168.673,1386.8],"r":[[1,0,0],[0,1,0],[0,0,1]],"s":1,"sphereCenter":[-100.675,249.315,15.486],"sphereRadius":80.7231,"t":[-2.67308,6.57498,10.2266]}],"id":201450,"pointables":[],"r":[[0.154451,-0.684782,-0.712193],[-0.889583,-0.410018,0.201316],[-0.429869,0.602461,-0.672498]],"s":972.716,"t":[2046.42,-23483.9,8823.43],"timestamp":5760468564},
{"hands":[{"direction":[0.377231,0.274269,-0.877364],"id":4,"palmNormal":[0.720334,-0.678721,0.0915862],"palmPosition":[-142.468,267.887,37.9752],"palmVelocity":[-250.41,-49.4819,1940.52],"r":[[1,0,0],[0,1,0],[0,0,1]],"s":1,"sphereCenter":[-103.063,250.082,23.4732],"sphereRadius":83.0996,"t":[-3.72303,7.94406,17.542]}],"id":201451,"pointables":[],"r":[[0.154451,-0.684782,-0.712193],[-0.889583,-0.410018,0.201316],[-0.429869,0.602461,-0.672498]],"s":972.716,"t":[2045.24,-23481.8,8831.78],"timestamp":5760477232},
{"hands":[{"direction":[0.381827,0.282803,-0.873449],"id":4,"palmNormal":[0.70717,-0.694559,0.0769782],"palmPosition":[-143.015,268.603,51.8163],"palmVelocity":[-63.2045,82.7217,1599.76],"r":[[1,0,0],[0,1,0],[0,0,1]],"s":1,"sphereCenter":[-104.368,249.316,32.7647],"sphereRadius":85.544,"t":[-4.67236,9.18246,26.1625]}],"id":201452,"pointables":[],"r":[[0.154451,-0.684782,-0.712193],[-0.889583,-0.410018,0.201316],[-0.429869,0.602461,-0.672498]],"s":972.716,"t":[2044.18,-23480.1,8841.22],"timestamp":5760485884},
{"hands":[{"direction":[0.429248,0.23776,-0.850692],"id":4,"palmNormal":[0.67194,-0.684072,0.17826],"palmPosition":[-146.403,267.785,68.9415],"palmVelocity":[-397.902,-96.0137,2011.41],"r":[[1,0,0],[0,1,0],[0,0,1]],"s":1,"sphereCenter":[-107.211,249.843,42.5029],"sphereRadius":85.9129,"t":[-4.11284,9.68945,41.3472]}],"id":201453,"pointables":[{"direction":[0.123287,0.610037,-0.782723],"handId":4,"id":3,"length":26.0992,"tipPosition":[-81.4278,314.461,21.3359],"tipVelocity":[242.937,-26.3599,2554.47],"tool":false}],"r":[[0.154451,-0.684782,-0.712193],[-0.889583,-0.410018,0.201316],[-0.429869,0.602461,-0.672498]],"s":972.716,"t":[2044.69,-23479.3,8856.82],"timestamp":5760494398},
{"hands":[{"direction":[0.415475,0.258965,-0.852524],"id":4,"palmNormal":[0.660179,-0.705483,0.117113],"palmPosition":[-149.975,261.143,82.7911],"palmVelocity":[-403.998,-751.254,1566.53],"r":[[1,0,0],[0,1,0],[0,0,1]],"s":1,"sphereCenter":[-111.422,252.25,50.7743],"sphereRadius":83.8826,"t":[-2.72877,10.0164,58.9693]}],"id":201454,"pointables":[{"direction":[0.119129,0.761384,-0.637262],"handId":4,"id":3,"length":25.3294,"tipPosition":[-79.2192,314.608,41.3956],"tipVelocity":[249.815,16.6276,2268.94],"tool":false}],"r":[[0.154451,-0.684782,-0.712193],[-0.889583,-0.410018,0.201316],[-0.429869,0.602461,-0.672498]],"s":972.716,"t":[2046.05,-23478.8,8874.65],"timestamp":5760503239},
{"hands":[{"direction":[0.393189,0.291571,-0.850607],"id":4,"palmNormal":[0.651924,-0.715685,0.0417779],"palmPosition":[-151.69,256.367,95.506],"palmVelocity":[-196.053,-546.052,1453.63],"r":[[1,0,0],[0,1,0],[0,0,1]],"s":1,"sphereCenter":[-116.774,257.621,62.5902],"sphereRadius":82.588,"t":[-1.09403,10.3663,77.2825]}],"id":201455,"pointables":[{"direction":[0.105581,0.853306,-0.510609],"handId":4,"id":3,"length":25.0223,"tipPosition":[-77.3338,314.98,60.3999],"tipVelocity":[215.549,42.62,2172.66],"tool":false}],"r":[[0.154451,-0.684782,-0.712193],[-0.889583,-0.410018,0.201316],[-0.429869,0.602461,-0.672498]],"s":972.716,"t":[2047.67,-23478.4,8893.06],"timestamp":5760511986},
{"hands":[{"direction":[0.442908,0.3171,-0.801052],"id":4,"palmNormal":[0.628777,-0.742664,0.0369923],"palmPosition":[-151.601,252.984,107.645],"palmVelocity":[10.4599,-397.716,1427.08],"r":[[1,0,0],[0,1,0],[0,0,1]],"s":1,"sphereCenter":[-115.023,257.89,70.8045],"sphereRadius":78.3792,"t":[0.214485,11.3561,95.9913]}],"id":201456,"pointables":[{"direction":[0.0959204,0.938542,-0.33157],"handId":4,"id":3,"length":27.8222,"tipPosition":[-76.3515,316.61,79.5042],"tipVelocity":[115.483,191.59,2245.98],"tool":false}],"r":[[0.154451,-0.684782,-0.712193],[-0.889583,-0.410018,0.201316],[-0.429869,0.602461,-0.672498]],"s":972.716,"t":[2048.97,-23477.4,8911.82],"timestamp":5760520492},
{"hands":[{"direction":[0.489814,0.322783,-0.764378],"id":4,"palmNormal":[0.602706,-0.76582,0.0619827],"palmPosition":[-149.748,249.37,117.678],"palmVelocity":[210.974,-411.574,1142.43],"r":[[1,0,0],[0,1,0],[0,0,1]],"s":1,"sphereCenter":[-113.404,250.207,80.4546],"sphereRadius":78.3013,"t":[1.63872,7.23162,113.194]}],"id":201457,"pointables":[{"direction":[0.0798033,0.975825,-0.203463],"handId":4,"id":3,"length":27.3609,"tipPosition":[-74.8116,307.371,95.1998],"tipVelocity":[175.354,-1052.01,1787.24],"tool":false}],"r":[[0.154451,-0.684782,-0.712193],[-0.889583,-0.410018,0.201316],[-0.429869,0.602461,-0.672498]],"s":972.716,"t":[2050.39,-23481.5,8929.05],"timestamp":5760529274},
{"hands":[{"direction":[0.554537,0.307809,-0.701],"id":4,"palmNormal":[0.553535,-0.770142,0.158032],"palmPosition":[-149.654,249.146,128.566],"palmVelocity":[10.8934,-25.9434,1263.79],"r":[[1,0,0],[0,1,0],[0,0,1]],"s":1,"sphereCenter":[-110.751,235.856,100.923],"sphereRadius":85.6443,"t":[-0.706023,-6.8473,126.77]}],"id":201458,"pointables":[{"direction":[0.313886,0.852607,-0.417775],"handId":4,"id":3,"length":28.7543,"tipPosition":[-80.9253,283.338,105.151],"tipVelocity":[-709.579,-2789.38,1154.95],"tool":false}],"r":[[0.154451,-0.684782,-0.712193],[-0.889583,-0.410018,0.201316],[-0.429869,0.602461,-0.672498]],"s":972.716,"t":[2048.05,-23495.6,8942.64],"timestamp":5760537890},
{"hands":[{"direction":[0.607537,0.300285,-0.648116],"id":4,"palmNormal":[0.520766,-0.776346,0.222764],"palmPosition":[-147.26,244.887,136.936],"palmVelocity":[270.508,-481.303,945.738],"r":[[1,0,0],[0,1,0],[0,0,1]],"s":1,"sphereCenter":[-106.332,214.78,125.487],"sphereRadius":101.154,"t":[-2.10302,-18.9623,139.305]}],"id":201459,"pointables":[],"r":[[0.154451,-0.684782,-0.712193],[-0.889583,-0.410018,0.201316],[-0.429869,0.602461,-0.672498]],"s":972.716,"t":[2046.65,-23507.7,8955.19],"timestamp":5760546740},
{"hands":[{"direction":[0.662205,0.294338,-0.567378],"id":4,"palmNormal":[0.461477,-0.72901,0.351368],"palmPosition":[-141.366,253.009,155.02],"palmVelocity":[699.285,963.743,2145.69],"r":[[1,0,0],[0,1,0],[0,0,1]],"s":1,"sphereCenter":[-123.957,236.662,134.337],"sphereRadius":105.213,"t":[-2.04191,-27.0299,152.95]}],"id":201460,"pointables":[],"r":[[0.154451,-0.684782,-0.712193],[-0.889583,-0.410018,0.201316],[-0.429869,0.602461,-0.672498]],"s":972.716,"t":[2046.71,-23515.7,8968.84],"timestamp":5760555168},
