[
{"hands":[],"id":244136,"pointables":[],"r":[[-0.853898,-0.284575,-0.435746],[0.239473,-0.958206,0.156503],[-0.462072,0.0292884,0.886359]],"s":1077.25,"t":[-3302.69,-16047.4,3488.65],"timestamp":46391294191},
{"hands":[],"id":244138,"pointables":[],"r":[[-0.853898,-0.284575,-0.435746],[0.239473,-0.958206,0.156503],[-0.462072,0.0292884,0.886359]],"s":1077.25,"t":[-3302.69,-16047.4,3488.65],"timestamp":46391303670},
{"hands":[],"id":244140,"pointables":[],"r":[[-0.853898,-0.284575,-0.435746],[0.239473,-0.958206,0.156503],[-0.462072,0.0292884,0.886359]],"s":1077.25,"t":[-3302.69,-16047.4,3488.65],"timestamp":46391312822},
{"hands":[],"id":244142,"pointables":[],"r":[[-0.853898,-0.284575,-0.435746],[0.239473,-0.958206,0.156503],[-0.462072,0.0292884,0.886359]],"s":1077.25,"t":[-3302.69,-16047.4,3488.65],"timestamp":46391322276},
{"hands":[],"id":244144,"pointables":[],"r":[[-0.853898,-0.284575,-0.435746],[0.239473,-0.958206,0.156503],[-0.462072,0.0292884,0.886359]],"s":1077.25,"t":[-3302.69,-16047.4,3488.65],"timestamp":46391331549},
{"hands":[],"id":244146,"pointables":[],"r":[[-0.853898,-0.284575,-0.435746],[0.239473,-0.958206,0.156503],[-0.462072,0.0292884,0.886359]],"s":1077.25,"t":[-3302.69,-16047.4,3488.65],"timestamp":46391340952},
{"hands":[],"id":244148,"pointables":[],"r":[[-0.853898,-0.284575,-0.435746],[0.239473,-0.958206,0.156503],[-0.462072,0.0292884,0.886359]],"s":1077.25,"t":[-3302.69,-16047.4,3488.65],"timestamp":46391350317},
{"hands":[],"id":244150,"pointables":[],"r":[[-0.853898,-0.284575,-0.435746],[0.239473,-0.958206,0.156503],[-0.462072,0.0292884,0.886359]],"s":1077.25,"t":[-3302.69,-16047.4,3488.65],"timestamp":46391359552},
{"hands":[],"id":244152,"pointables":[],"r":[[-0.853898,-0.284575,-0.435746],[0.239473,-0.958206,0.156503],[-0.462072,0.0292884,0.886359]],"s":1077.25,"t":[-3302.69,-16047.4,3488.65],"timestamp":46391368820},
{"hands":[],"id":244154,"pointables":[],"r":[[-0.853898,-0.284575,-0.435746],[0.239473,-0.958206,0.156503],[-0.462072,0.0292884,0.886359]],"s":1077.25,"t":[-3302.69,-16047.4,3488.65],"timestamp":46391378136},
{"hands":[],"id":244156,"pointables":[],"r":[[-0.853898,-0.284575,-0.435746],[0.239473,-0.958206,0.156503],[-0.462072,0.0292884,0.886359]],"s":1077.25,"t":[-3302.69,-16047.4,3488.65],"timestamp":46391387638},
{"hands":[],"id":244158,"pointables":[],"r":[[-0.853898,-0.284575,-0.435746],[0.239473,-0.958206,0.156503],[-0.462072,0.0292884,0.886359]],"s":1077.25,"t":[-3302.69,-16047.4,3488.65],"timestamp":46391396957},
{"hands":[],"id":244160,"pointables":[],"r":[[-0.853898,-0.284575,-0.435746],[0.239473,-0.958206,0.156503],[-0.462072,0.0292884,0.886359]],"s":1077.25,"t":[-3302.69,-16047.4,3488.65],"timestamp":46391406351},
{"hands":[],"id":244162,"pointables":[],"r":[[-0.853898,-0.284575,-0.435746],[0.239473,-0.958206,0.156503],[-0.462072,0.0292884,0.886359]],"s":1077.25,"t":[-3302.69,-16047.4,3488.65],"timestamp":46391415805},
{"hands":[],"id":244164,"pointables":[],"r":[[-0.853898,-0.284575,-0.435746],[0.239473,-0.958206,0.156503],[-0.462072,0.0292884,0.886359]],"s":1077.25,"t":[-3302.69,-16047.4,3488.65],"timestamp":46391424954},
{"hands":[],"id":244166,"pointables":[],"r":[[-0.853898,-0.284575,-0.435746],[0.239473,-0.958206,0.156503],[-0.462072,0.0292884,0.886359]],"s":1077.25,"t":[-3302.69,-16047.4,3488.65],"timestamp":46391434428},
{"hands":[],"id":244168,"pointables":[],"r":[[-0.853898,-0.284575,-0.435746],[0.239473,-0.958206,0.156503],[-0.462072,0.0292884,0.886359]],"s":1077.25,"t":[-3302.69,-16047.4,3488.65],"timestamp":46391443604},
{"hands":[],"id":244170,"pointables":[],"r":[[-0.853898,-0.284575,-0.435746],[0.239473,-0.958206,0.156503],[-0.462072,0.0292884,0.886359]],"s":1077.25,"t":[-3302.69,-16047.4,3488.65],"timestamp":46391453178},
{"hands":[],"id":244172,"pointables":[],"r":[[-0.853898,-0.284575,-0.435746],[0.239473,-0.958206,0.156503],[-0.462072,0.0292884,0.886359]],"s":1077.25,"t":[-3302.69,-16047.4,3488.65],"timestamp":46391462536},
{"hands":[],"id":244174,"pointables":[],"r":[[-0.853898,-0.284575,-0.435746],[0.239473,-0.958206,0.156503],[-0.462072,0.0292884,0.886359]],"s":1077.25,"t":[-3302.69,-16047.4,3488.65],"timestamp":46391471811},
{"hands":[],"id":244176,"pointables":[],"r":[[-0.853898,-0.284575,-0.435746],[0.239473,-0.958206,0.156503],[-0.462072,0.0292884,0.886359]],"s":1077.25,"t":[-3302.69,-16047.4,3488.65],"timestamp":46391481178},
{"hands":[],"id":244178,"pointables":[],"r":[[-0.853898,-0.284575,-0.435746],[0.239473,-0.958206,0.156503],[-0.462072,0.0292884,0.886359]],"s":1077.25,"t":[-3302.69,-16047.4,3488.65],"timestamp":46391490399},
{"hands":[],"id":244180,"pointables":[],"r":[[-0.853898,-0.284575,-0.435746],[0.239473,-0.958206,0.156503],[-0.462072,0.0292884,0.886359]],"s":1077.25,"t":[-3302.69,-16047.4,3488.65],"timestamp":46391499813},
{"hands":[],"id":244182,"pointables":[],"r":[[-0.853898,-0.284575,-0.435746],[0.239473,-0.958206,0.156503],[-0.462072,0.0292884,0.886359]],"s":1077.25,"t":[-3302.69,-16047.4,3488.65],"timestamp":46391509002},
{"hands":[],"id":244184,"pointables":[],"r":[[-0.853898,-0.284575,-0.435746],[0.239473,-0.958206,0.156503],[-0.462072,0.0292884,0.886359]],"s":1077.25,"t":[-3302.69,-16047.4,3488.65],"timestamp":46391518556},
{"hands":[],"id":244186,"pointables":[],"r":[[-0.853898,-0.284575,-0.435746],[0.239473,-0.958206,0.156503],[-0.462072,0.0292884,0.886359]],"s":1077.25,"t":[-3302.69,-16047.4,3488.65],"timestamp":46391527739},
{"hands":[],"id":244188,"pointables":[],"r":[[-0.853898,-0.284575,-0.435746],[0.239473,-0.958206,0.156503],[-0.462072,0.0292884,0.886359]],"s":1077.25,"t":[-3302.69,-16047.4,3488.65],"timestamp":46391537186},
{"hands":[],"id":244190,"pointables":[],"r":[[-0.853898,-0.284575,-0.435746],[0.239473,-0.958206,0.156503],[-0.462072,0.0292884,0.886359]],"s":1077.25,"t":[-3302.69,-16047.4,3488.65],"timestamp":46391546558},
{"hands":[],"id":244192,"pointables":[],"r":[[-0.853898,-0.284575,-0.435746],[0.239473,-0.958206,0.156503],[-0.462072,0.0292884,0.886359]],"s":1077.25,"t":[-3302.69,-16047.4,3488.65],"timestamp":46391555942},
{"hands":[],"id":244194,"pointables":[],"r":[[-0.853898,-0.284575,-0.435746],[0.239473,-0.958206,0.156503],[-0.462072,0.0292884,0.886359]],"s":1077.25,"t":[-3302.69,-16047.4,3488.65],"timestamp":46391565310},
{"hands":[],"id":244196,"pointables":[],"r":[[-0.853898,-0.284575,-0.435746],[0.239473,-0.958206,0.156503],[-0.462072,0.0292884,0.886359]],"s":1077.25,"t":[-3302.69,-16047.4,3488.65],"timestamp":46391574545},
{"hands":[],"id":244198,"pointables":[],"r":[[-0.853898,-0.284575,-0.435746],[0.239473,-0.958206,0.156503],[-0.462072,0.0292884,0.886359]],"s":1077.25,"t":[-3302.69,-16047.4,3488.65],"timestamp":46391583934},
{"hands":[],"id":244200,"pointables":[],"r":[[-0.853898,-0.284575,-0.435746],[0.239473,-0.958206,0.156503],[-0.462072,0.0292884,0.886359]],"s":1077.25,"t":[-3302.69,-16047.4,3488.65],"timestamp":46391593301},
{"hands":[],"id":244202,"pointables":[],"r":[[-0.853898,-0.284575,-0.435746],[0.239473,-0.958206,0.156503],[-0.462072,0.0292884,0.886359]],"s":1077.25,"t":[-3302.69,-16047.4,3488.65],"timestamp":46391602641},
{"hands":[],"id":244204,"pointables":[],"r":[[-0.853898,-0.284575,-0.435746],[0.239473,-0.958206,0.156503],[-0.462072,0.0292884,0.886359]],"s":1077.25,"t":[-3302.69,-16047.4,3488.65],"timestamp":46391611731},
{"hands":[],"id":244206,"pointables":[],"r":[[-0.853898,-0.284575,-0.435746],[0.239473,-0.958206,0.156503],[-0.462072,0.0292884,0.886359]],"s":1077.25,"t":[-3302.69,-16047.4,3488.65],"timestamp":46391621310},
{"hands":[],"id":244208,"pointables":[],"r":[[-0.853898,-0.284575,-0.435746],[0.239473,-0.958206,0.156503],[-0.462072,0.0292884,0.886359]],"s":1077.25,"t":[-3302.69,-16047.4,3488.65],"timestamp":46391630730},
{"hands":[],"id":244210,"pointables":[],"r":[[-0.853898,-0.284575,-0.435746],[0.239473,-0.958206,0.156503],[-0.462072,0.0292884,0.886359]],"s":1077.25,"t":[-3302.69,-16047.4,3488.65],"timestamp":46391639911},
{"hands":[],"id":244212,"pointables":[],"r":[[-0.853898,-0.284575,-0.435746],[0.239473,-0.958206,0.156503],[-0.462072,0.0292884,0.886359]],"s":1077.25,"t":[-3302.69,-16047.4,3488.65],"timestamp":46391649425},
{"hands":[],"id":244214,"pointables":[],"r":[[-0.853898,-0.284575,-0.435746],[0.239473,-0.958206,0.156503],[-0.462072,0.0292884,0.886359]],"s":1077.25,"t":[-3302.69,-16047.4,3488.65],"timestamp":46391658527},
{"hands":[],"id":244216,"pointables":[],"r":[[-0.853898,-0.284575,-0.435746],[0.239473,-0.958206,0.156503],[-0.462072,0.0292884,0.886359]],"s":1077.25,"t":[-3302.69,-16047.4,3488.65],"timestamp":46391668107},
{"hands":[],"id":244218,"pointables":[],"r":[[-0.853898,-0.284575,-0.435746],[0.239473,-0.958206,0.156503],[-0.462072,0.0292884,0.886359]],"s":1077.25,"t":[-3302.69,-16047.4,3488.65],"timestamp":46391677247},
{"hands":[],"id":244220,"pointables":[],"r":[[-0.853898,-0.284575,-0.435746],[0.239473,-0.958206,0.156503],[-0.462072,0.0292884,0.886359]],"s":1077.25,"t":[-3302.69,-16047.4,3488.65],"timestamp":46391686804},
{"hands":[],"id":244222,"pointables":[],"r":[[-0.853898,-0.284575,-0.435746],[0.239473,-0.958206,0.156503],[-0.462072,0.0292884,0.886359]],"s":1077.25,"t":[-3302.69,-16047.4,3488.65],"timestamp":46391695839},
{"hands":[],"id":244224,"pointables":[],"r":[[-0.853898,-0.284575,-0.435746],[0.239473,-0.958206,0.156503],[-0.462072,0.0292884,0.886359]],"s":1077.25,"t":[-3302.69,-16047.4,3488.65],"timestamp":46391705435},
{"hands":[],"id":244226,"pointables":[],"r":[[-0.853898,-0.284575,-0.435746],[0.239473,-0.958206,0.156503],[-0.462072,0.0292884,0.886359]],"s":1077.25,"t":[-3302.69,-16047.4,3488.65],"timestamp":46391714773},
{"hands":[],"id":244228,"pointables":[],"r":[[-0.853898,-0.284575,-0.435746],[0.239473,-0.958206,0.156503],[-0.462072,0.0292884,0.886359]],"s":1077.25,"t":[-3302.69,-16047.4,3488.65],"timestamp":46391723918},
{"hands":[],"id":244230,"pointables":[],"r":[[-0.853898,-0.284575,-0.435746],[0.239473,-0.958206,0.156503],[-0.462072,0.0292884,0.886359]],"s":1077.25,"t":[-3302.69,-16047.4,3488.65],"timestamp":46391733437},
{"hands":[],"id":244232,"pointables":[],"r":[[-0.853898,-0.284575,-0.435746],[0.239473,-0.958206,0.156503],[-0.462072,0.0292884,0.886359]],"s":1077.25,"t":[-3302.69,-16047.4,3488.65],"timestamp":46391742676},
{"hands":[],"id":244234,"pointables":[],"r":[[-0.853898,-0.284575,-0.435746],[0.239473,-0.958206,0.156503],[-0.462072,0.0292884,0.886359]],"s":1077.25,"t":[-3302.69,-16047.4,3488.65],"timestamp":46391752174},
{"hands":[],"id":244236,"pointables":[],"r":[[-0.853898,-0.284575,-0.435746],[0.239473,-0.958206,0.156503],[-0.462072,0.0292884,0.886359]],"s":1077.25,"t":[-3302.69,-16047.4,3488.65],"timestamp":46391761201},
{"hands":[],"id":244238,"pointables":[],"r":[[-0.853898,-0.284575,-0.435746],[0.239473,-0.958206,0.156503],[-0.462072,0.0292884,0.886359]],"s":1077.25,"t":[-3302.69,-16047.4,3488.65],"timestamp":46391770801},
{"hands":[],"id":244240,"pointables":[],"r":[[-0.853898,-0.284575,-0.435746],[0.239473,-0.958206,0.156503],[-0.462072,0.0292884,0.886359]],"s":1077.25,"t":[-3302.69,-16047.4,3488.65],"timestamp":46391780094},
{"hands":[],"id":244242,"pointables":[],"r":[[-0.853898,-0.284575,-0.435746],[0.239473,-0.958206,0.156503],[-0.462072,0.0292884,0.886359]],"s":1077.25,"t":[-3302.69,-16047.4,3488.65],"timestamp":46391789544},
{"hands":[],"id":244244,"pointables":[],"r":[[-0.853898,-0.284575,-0.435746],[0.239473,-0.958206,0.156503],[-0.462072,0.0292884,0.886359]],"s":1077.25,"t":[-3302.69,-16047.4,3488.65],"timestamp":46391798932},
{"hands":[],"id":244246,"pointables":[],"r":[[-0.853898,-0.284575,-0.435746],[0.239473,-0.958206,0.156503],[-0.462072,0.0292884,0.886359]],"s":1077.25,"t":[-3302.69,-16047.4,3488.65],"timestamp":46391808001},
{"hands":[],"id":244248,"pointables":[],"r":[[-0.853898,-0.284575,-0.435746],[0.239473,-0.958206,0.156503],[-0.462072,0.0292884,0.886359]],"s":1077.25,"t":[-3302.69,-16047.4,3488.65],"timestamp":46391817445},
{"hands":[],"id":244250,"pointables":[],"r":[[-0.853898,-0.284575,-0.435746],[0.239473,-0.958206,0.156503],[-0.462072,0.0292884,0.886359]],"s":1077.25,"t":[-3302.69,-16047.4,3488.65],"timestamp":46391826916},
{"hands":[],"id":244252,"pointables":[],"r":[[-0.853898,-0.284575,-0.435746],[0.239473,-0.958206,0.156503],[-0.462072,0.0292884,0.886359]],"s":1077.25,"t":[-3302.69,-16047.4,3488.65],"timestamp":46391836308},
{"hands":[],"id":244254,"pointables":[],"r":[[-0.853898,-0.284575,-0.435746],[0.239473,-0.958206,0.156503],[-0.462072,0.0292884,0.886359]],"s":1077.25,"t":[-3302.69,-16047.4,3488.65],"timestamp":46391845351},
{"hands":[],"id":244256,"pointables":[],"r":[[-0.853898,-0.284575,-0.435746],[0.239473,-0.958206,0.156503],[-0.462072,0.0292884,0.886359]],"s":1077.25,"t":[-3302.69,-16047.4,3488.65],"timestamp":46391854825},
{"hands":[],"id":244258,"pointables":[],"r":[[-0.853898,-0.284575,-0.435746],[0.239473,-0.958206,0.156503],[-0.462072,0.0292884,0.886359]],"s":1077.25,"t":[-3302.69,-16047.4,3488.65],"timestamp":46391864314},
{"hands":[],"id":244260,"pointables":[],"r":[[-0.853898,-0.284575,-0.435746],[0.239473,-0.958206,0.156503],[-0.462072,0.0292884,0.886359]],"s":1077.25,"t":[-3302.69,-16047.4,3488.65],"timestamp":46391873580},
{"hands":[],"id":244262,"pointables":[],"r":[[-0.853898,-0.284575,-0.435746],[0.239473,-0.958206,0.156503],[-0.462072,0.0292884,0.886359]],"s":1077.25,"t":[-3302.69,-16047.4,3488.65],"timestamp":46391882928},
{"hands":[],"id":244264,"pointables":[],"r":[[-0.853898,-0.284575,-0.435746],[0.239473,-0.958206,0.156503],[-0.462072,0.0292884,0.886359]],"s":1077.25,"t":[-3302.69,-16047.4,3488.65],"timestamp":46391892220},
{"hands":[],"id":244266,"pointables":[],"r":[[-0.853898,-0.284575,-0.435746],[0.239473,-0.958206,0.156503],[-0.462072,0.0292884,0.886359]],"s":1077.25,"t":[-3302.69,-16047.4,3488.65],"timestamp":46391901730},
{"hands":[],"id":244268,"pointables":[],"r":[[-0.853898,-0.284575,-0.435746],[0.239473,-0.958206,0.156503],[-0.462072,0.0292884,0.886359]],"s":1077.25,"t":[-3302.69,-16047.4,3488.65],"timestamp":46391910980},
{"hands":[],"id":244270,"pointables":[],"r":[[-0.853898,-0.284575,-0.435746],[0.239473,-0.958206,0.156503],[-0.462072,0.0292884,0.886359]],"s":1077.25,"t":[-3302.69,-16047.4,3488.65],"timestamp":46391920212},
{"hands":[],"id":244272,"pointables":[],"r":[[-0.853898,-0.284575,-0.435746],[0.239473,-0.958206,0.156503],[-0.462072,0.0292884,0.886359]],"s":1077.25,"t":[-3302.69,-16047.4,3488.65],"timestamp":46391929454},
{"hands":[],"id":244274,"pointables":[],"r":[[-0.853898,-0.284575,-0.435746],[0.239473,-0.958206,0.156503],[-0.462072,0.0292884,0.886359]],"s":1077.25,"t":[-3302.69,-16047.4,3488.65],"timestamp":46391939050},
{"hands":[],"id":244276,"pointables":[],"r":[[-0.853898,-0.284575,-0.435746],[0.239473,-0.958206,0.156503],[-0.462072,0.0292884,0.886359]],"s":1077.25,"t":[-3302.69,-16047.4,3488.65],"timestamp":46391948262},
{"hands":[],"id":244278,"pointables":[],"r":[[-0.853898,-0.284575,-0.435746],[0.239473,-0.958206,0.156503],[-0.462072,0.0292884,0.886359]],"s":1077.25,"t":[-3302.69,-16047.4,3488.65],"timestamp":46391957684},
{"hands":[],"id":244280,"pointables":[],"r":[[-0.853898,-0.284575,-0.435746],[0.239473,-0.958206,0.156503],[-0.462072,0.0292884,0.886359]],"s":1077.25,"t":[-3302.69,-16047.4,3488.65],"timestamp":46391967084},
{"hands":[],"id":244282,"pointables":[],"r":[[-0.853898,-0.284575,-0.435746],[0.239473,-0.958206,0.156503],[-0.462072,0.0292884,0.886359]],"s":1077.25,"t":[-3302.69,-16047.4,3488.65],"timestamp":46391976379},
{"hands":[],"id":244284,"pointables":[],"r":[[-0.853898,-0.284575,-0.435746],[0.239473,-0.958206,0.156503],[-0.462072,0.0292884,0.886359]],"s":1077.25,"t":[-3302.69,-16047.4,3488.65],"timestamp":46391985812},
{"hands":[],"id":244286,"pointables":[],"r":[[-0.853898,-0.284575,-0.435746],[0.239473,-0.958206,0.156503],[-0.462072,0.0292884,0.886359]],"s":1077.25,"t":[-3302.69,-16047.4,3488.65],"timestamp":46391994842},
{"hands":[],"id":244288,"pointables":[],"r":[[-0.853898,-0.284575,-0.435746],[0.239473,-0.958206,0.156503],[-0.462072,0.0292884,0.886359]],"s":1077.25,"t":[-3302.69,-16047.4,3488.65],"timestamp":46392004437},
{"hands":[],"id":244290,"pointables":[],"r":[[-0.853898,-0.284575,-0.435746],[0.239473,-0.958206,0.156503],[-0.462072,0.0292884,0.886359]],"s":1077.25,"t":[-3302.69,-16047.4,3488.65],"timestamp":46392013808},
{"hands":[],"id":244292,"pointables":[],"r":[[-0.853898,-0.284575,-0.435746],[0.239473,-0.958206,0.156503],[-0.462072,0.0292884,0.886359]],"s":1077.25,"t":[-3302.69,-16047.4,3488.65],"timestamp":46392023187},
{"hands":[],"id":244294,"pointables":[],"r":[[-0.853898,-0.284575,-0.435746],[0.239473,-0.958206,0.156503],[-0.462072,0.0292884,0.886359]],"s":1077.25,"t":[-3302.69,-16047.4,3488.65],"timestamp":46392032455},
{"hands":[],"id":244296,"pointables":[],"r":[[-0.853898,-0.284575,-0.435746],[0.239473,-0.958206,0.156503],[-0.462072,0.0292884,0.886359]],"s":1077.25,"t":[-3302.69,-16047.4,3488.65],"timestamp":46392041651},
{"hands":[],"id":244298,"pointables":[],"r":[[-0.853898,-0.284575,-0.435746],[0.239473,-0.958206,0.156503],[-0.462072,0.0292884,0.886359]],"s":1077.25,"t":[-3302.69,-16047.4,3488.65],"timestamp":46392051175},
{"hands":[],"id":244300,"pointables":[],"r":[[-0.853898,-0.284575,-0.435746],[0.239473,-0.958206,0.156503],[-0.462072,0.0292884,0.886359]],"s":1077.25,"t":[-3302.69,-16047.4,3488.65],"timestamp":46392060563},
{"hands":[],"id":244302,"pointables":[],"r":[[-0.853898,-0.284575,-0.435746],[0.239473,-0.958206,0.156503],[-0.462072,0.0292884,0.886359]],"s":1077.25,"t":[-3302.69,-16047.4,3488.65],"timestamp":46392069791},
{"hands":[],"id":244304,"pointables":[],"r":[[-0.853898,-0.284575,-0.435746],[0.239473,-0.958206,0.156503],[-0.462072,0.0292884,0.886359]],"s":1077.25,"t":[-3302.69,-16047.4,3488.65],"timestamp":46392078937},
{"hands":[],"id":244306,"pointables":[],"r":[[-0.853898,-0.284575,-0.435746],[0.239473,-0.958206,0.156503],[-0.462072,0.0292884,0.886359]],"s":1077.25,"t":[-3302.69,-16047.4,3488.65],"timestamp":46392088561},
{"hands":[],"id":244308,"pointables":[],"r":[[-0.853898,-0.284575,-0.435746],[0.239473,-0.958206,0.156503],[-0.462072,0.0292884,0.886359]],"s":1077.25,"t":[-3302.69,-16047.4,3488.65],"timestamp":46392097935},
{"hands":[],"id":244310,"pointables":[],"r":[[-0.853898,-0.284575,-0.435746],[0.239473,-0.958206,0.156503],[-0.462072,0.0292884,0.886359]],"s":1077.25,"t":[-3302.69,-16047.4,3488.65],"timestamp":46392107308},
{"hands":[],"id":244312,"pointables":[],"r":[[-0.853898,-0.284575,-0.435746],[0.239473,-0.958206,0.156503],[-0.462072,0.0292884,0.886359]],"s":1077.25,"t":[-3302.69,-16047.4,3488.65],"timestamp":46392116561},
{"hands":[],"id":244314,"pointables":[],"r":[[-0.853898,-0.284575,-0.435746],[0.239473,-0.958206,0.156503],[-0.462072,0.0292884,0.886359]],"s":1077.25,"t":[-3302.69,-16047.4,3488.65],"timestamp":46392125821},
{"hands":[],"id":244316,"pointables":[],"r":[[-0.853898,-0.284575,-0.435746],[0.239473,-0.958206,0.156503],[-0.462072,0.0292884,0.886359]],"s":1077.25,"t":[-3302.69,-16047.4,3488.65],"timestamp":46392135107},
{"hands":[],"id":244318,"pointables":[],"r":[[-0.853898,-0.284575,-0.435746],[0.239473,-0.958206,0.156503],[-0.462072,0.0292884,0.886359]],"s":1077.25,"t":[-3302.69,-16047.4,3488.65],"timestamp":46392144676},
{"hands":[],"id":244320,"pointables":[],"r":[[-0.853898,-0.284575,-0.435746],[0.239473,-0.958206,0.156503],[-0.462072,0.0292884,0.886359]],"s":1077.25,"t":[-3302.69,-16047.4,3488.65],"timestamp":46392153934},
{"hands":[],"id":244322,"pointables":[],"r":[[-0.853898,-0.284575,-0.435746],[0.239473,-0.958206,0.156503],[-0.462072,0.0292884,0.886359]],"s":1077.25,"t":[-3302.69,-16047.4,3488.65],"timestamp":46392163086},
{"hands":[],"id":244324,"pointables":[],"r":[[-0.853898,-0.284575,-0.435746],[0.239473,-0.958206,0.156503],[-0.462072,0.0292884,0.886359]],"s":1077.25,"t":[-3302.69,-16047.4,3488.65],"timestamp":46392172687},
{"hands":[],"id":244326,"pointables":[],"r":[[-0.853898,-0.284575,-0.435746],[0.239473,-0.958206,0.156503],[-0.462072,0.0292884,0.886359]],"s":1077.25,"t":[-3302.69,-16047.4,3488.65],"timestamp":46392182024},
{"hands":[],"id":244328,"pointables":[],"r":[[-0.853898,-0.284575,-0.435746],[0.239473,-0.958206,0.156503],[-0.462072,0.0292884,0.886359]],"s":1077.25,"t":[-3302.69,-16047.4,3488.65],"timestamp":46392191072},
{"hands":[],"id":244330,"pointables":[],"r":[[-0.853898,-0.284575,-0.435746],[0.239473,-0.958206,0.156503],[-0.462072,0.0292884,0.886359]],"s":1077.25,"t":[-3302.69,-16047.4,3488.65],"timestamp":46392200723},
{"hands":[],"id":244332,"pointables":[],"r":[[-0.853898,-0.284575,-0.435746],[0.239473,-0.958206,0.156503],[-0.462072,0.0292884,0.886359]],"s":1077.25,"t":[-3302.69,-16047.4,3488.65],"timestamp":46392209929},
{"hands":[],"id":244334,"pointables":[],"r":[[-0.853898,-0.284575,-0.435746],[0.239473,-0.958206,0.156503],[-0.462072,0.0292884,0.886359]],"s":1077.25,"t":[-3302.69,-16047.4,3488.65],"timestamp":46392219440},
{"hands":[],"id":244336,"pointables":[],"r":[[-0.853898,-0.284575,-0.435746],[0.239473,-0.958206,0.156503],[-0.462072,0.0292884,0.886359]],"s":1077.25,"t":[-3302.69,-16047.4,3488.65],"timestamp":46392228582},
{"hands":[],"id":244338,"pointables":[],"r":[[-0.853898,-0.284575,-0.435746],[0.239473,-0.958206,0.156503],[-0.462072,0.0292884,0.886359]],"s":1077.25,"t":[-3302.69,-16047.4,3488.65],"timestamp":46392237874},
{"hands":[],"id":244340,"pointables":[],"r":[[-0.853898,-0.284575,-0.435746],[0.239473,-0.958206,0.156503],[-0.462072,0.0292884,0.886359]],"s":1077.25,"t":[-3302.69,-16047.4,3488.65],"timestamp":46392247400},
{"hands":[],"id":244342,"pointables":[],"r":[[-0.853898,-0.284575,-0.435746],[0.239473,-0.958206,0.156503],[-0.462072,0.0292884,0.886359]],"s":1077.25,"t":[-3302.69,-16047.4,3488.65],"timestamp":46392256810},
{"hands":[],"id":244344,"pointables":[],"r":[[-0.853898,-0.284575,-0.435746],[0.239473,-0.958206,0.156503],[-0.462072,0.0292884,0.886359]],"s":1077.25,"t":[-3302.69,-16047.4,3488.65],"timestamp":46392266076},
{"hands":[],"id":244346,"pointables":[],"r":[[-0.853898,-0.284575,-0.435746],[0.239473,-0.958206,0.156503],[-0.462072,0.0292884,0.886359]],"s":1077.25,"t":[-3302.69,-16047.4,3488.65],"timestamp":46392275285},
{"hands":[],"id":244348,"pointables":[],"r":[[-0.853898,-0.284575,-0.435746],[0.239473,-0.958206,0.156503],[-0.462072,0.0292884,0.886359]],"s":1077.25,"t":[-3302.69,-16047.4,3488.65],"timestamp":46392284804},
{"hands":[],"id":244350,"pointables":[],"r":[[-0.853898,-0.284575,-0.435746],[0.239473,-0.958206,0.156503],[-0.462072,0.0292884,0.886359]],"s":1077.25,"t":[-3302.69,-16047.4,3488.65],"timestamp":46392293992},
{"hands":[],"id":244352,"pointables":[],"r":[[-0.853898,-0.284575,-0.435746],[0.239473,-0.958206,0.156503],[-0.462072,0.0292884,0.886359]],"s":1077.25,"t":[-3302.69,-16047.4,3488.65],"timestamp":46392303430},
{"hands":[],"id":244354,"pointables":[],"r":[[-0.853898,-0.284575,-0.435746],[0.239473,-0.958206,0.156503],[-0.462072,0.0292884,0.886359]],"s":1077.25,"t":[-3302.69,-16047.4,3488.65],"timestamp":46392312602},
{"hands":[],"id":244356,"pointables":[],"r":[[-0.853898,-0.284575,-0.435746],[0.239473,-0.958206,0.156503],[-0.462072,0.0292884,0.886359]],"s":1077.25,"t":[-3302.69,-16047.4,3488.65],"timestamp":46392322175},
{"hands":[],"id":244358,"pointables":[],"r":[[-0.853898,-0.284575,-0.435746],[0.239473,-0.958206,0.156503],[-0.462072,0.0292884,0.886359]],"s":1077.25,"t":[-3302.69,-16047.4,3488.65],"timestamp":46392331620},
{"hands":[],"id":244360,"pointables":[],"r":[[-0.853898,-0.284575,-0.435746],[0.239473,-0.958206,0.156503],[-0.462072,0.0292884,0.886359]],"s":1077.25,"t":[-3302.69,-16047.4,3488.65],"timestamp":46392340617},
{"hands":[],"id":244362,"pointables":[],"r":[[-0.853898,-0.284575,-0.435746],[0.239473,-0.958206,0.156503],[-0.462072,0.0292884,0.886359]],"s":1077.25,"t":[-3302.69,-16047.4,3488.65],"timestamp":46392350175},
{"hands":[],"id":244364,"pointables":[],"r":[[-0.853898,-0.284575,-0.435746],[0.239473,-0.958206,0.156503],[-0.462072,0.0292884,0.886359]],"s":1077.25,"t":[-3302.69,-16047.4,3488.65],"timestamp":46392359402},
{"hands":[],"id":244366,"pointables":[{"direction":[0.258981,0.832498,-0.489771],"handId":2,"id":5,"length":38.6157,"tipPosition":[181.737,255.898,132.05],"tipVelocity":[-794.048,-207.04,-460.949],"tool":false}],"r":[[-0.853898,-0.284575,-0.435746],[0.239473,-0.958206,0.156503],[-0.462072,0.0292884,0.886359]],"s":1077.25,"t":[-3306.47,-16048.4,3486.45],"timestamp":46392368936},
{"hands":[],"id":244368,"pointables":[{"direction":[0.235954,0.805515,-0.543573],"handId":2,"id":5,"length":37.072,"tipPosition":[172.103,254.124,127.181],"tipVelocity":[-1041.15,-191.688,-526.236],"tool":false}],"r":[[-0.853898,-0.284575,-0.435746],[0.239473,-0.958206,0.156503],[-0.462072,0.0292884,0.886359]],"s":1077.25,"t":[-3313.18,-16049.8,3482.91],"timestamp":46392378189},
{"hands":[],"id":244370,"pointables":[{"direction":[0.218979,0.787205,-0.576503],"handId":2,"id":5,"length":35.6942,"tipPosition":[159.212,252.139,121.55],"tipVelocity":[-1388.18,-213.764,-606.404],"tool":false}],"r":[[-0.853898,-0.284575,-0.435746],[0.239473,-0.958206,0.156503],[-0.462072,0.0292884,0.886359]],"s":1077.25,"t":[-3322.98,-16051.4,3478.33],"timestamp":46392387475},
{"hands":[],"id":244372,"pointables":[{"direction":[0.198556,0.755204,-0.624694],"handId":2,"id":5,"length":34.2081,"tipPosition":[142.534,250.135,115.452],"tipVelocity":[-1799.73,-216.226,-657.97],"tool":false}],"r":[[-0.853898,-0.284575,-0.435746],[0.239473,-0.958206,0.156503],[-0.462072,0.0292884,0.886359]],"s":1077.25,"t":[-3336.22,-16053.3,3472.99],"timestamp":46392396742},
{"hands":[{"direction":[0.067772,0.241203,-0.936297],"id":8,"palmNormal":[0.94907,0.118932,0.113448],"palmPosition":[-189.769,235.655,-58.699],"palmVelocity":[1954.03,-638.28,704.123],"r":[[1,0,0],[0,1,0],[0,0,1]],"s":1,"sphereCenter":[-322.687,221.494,-114.832],"sphereRadius":156.462,"t":[0,0,0]}],"id":244374,"pointables":[{"direction":[0.199191,0.758538,-0.620438],"handId":2,"id":5,"length":33.3178,"tipPosition":[123.555,248.592,108.737],"tipVelocity":[-1975.16,-160.549,-698.812],"tool":false}],"r":[[-0.853898,-0.284575,-0.435746],[0.239473,-0.958206,0.156503],[-0.462072,0.0292884,0.886359]],"s":1077.25,"t":[-3352.33,-16055,3466.97],"timestamp":46392406351},
{"hands":[{"direction":[0.0805921,0.264293,-0.932583],"id":8,"palmNormal":[0.958106,0.0821167,0.118733],"palmPosition":[-169.165,224.885,-49.4493],"palmVelocity":[2240.98,-1171.36,1006.06],"r":[[1,0,0],[0,1,0],[0,0,1]],"s":1,"sphereCenter":[-300.378,220.971,-111.359],"sphereRadius":145.407,"t":[10.3018,-5.38476,4.62484]}],"id":244376,"pointables":[{"direction":[0.415905,0.670538,-0.61433],"handId":2,"id":3,"length":41.8149,"tipPosition":[163.262,221.464,18.6778],"tipVelocity":[-2204.96,-143.092,-1327.27],"tool":false},{"direction":[0.211803,0.785886,-0.580967],"handId":2,"id":5,"length":32.2532,"tipPosition":[104.622,247.825,100.084],"tipVelocity":[-2059.23,-83.4301,-941.144],"tool":false}],"r":[[-0.856311,-0.285586,-0.430317],[0.24095,-0.95788,0.156232],[-0.45681,0.0300985,0.889055]],"s":1077.26,"t":[-3370.18,-16056.3,3458.74],"timestamp":46392415545},
{"hands":[{"direction":[0.404022,0.632974,-0.637829],"id":2,"palmNormal":[-0.660461,-0.177064,-0.639608],"palmPosition":[101.102,174.816,79.0852],"palmVelocity":[-1738.62,-417.76,-282.351],"r":[[1,0,0],[0,1,0],[0,0,1]],"s":1,"sphereCenter":[151.08,205.847,67.8133],"sphereRadius":61.7878,"t":[0,0,0]},{"direction":[0.0833863,0.296553,-0.924127],"id":8,"palmNormal":[0.965656,0.0441953,0.106204],"palmPosition":[-150.025,214.924,-39.0399],"palmVelocity":[2046.61,-1065.11,1113.07],"r":[[1,0,0],[0,1,0],[0,0,1]],"s":1,"sphereCenter":[-283.312,220.646,-108.273],"sphereRadius":139.593,"t":[25.0226,-13.0576,12.142]}],"id":244378,"pointables":[{"direction":[0.420493,0.671111,-0.61057],"handId":2,"id":3,"length":39.5321,"tipPosition":[144.177,221.924,7.17886],"tipVelocity":[-2040.77,49.0959,-1229.57],"tool":false},{"direction":[0.217221,0.814624,-0.537776],"handId":2,"id":5,"length":31.5564,"tipPosition":[86.8698,247.52,91.9366],"tipVelocity":[-1898.25,-32.6114,-871.237],"tool":false}],"r":[[-0.860721,-0.286074,-0.421095],[0.243216,-0.957746,0.153518],[-0.44722,0.0297192,0.89393]],"s":1077.27,"t":[-3388.32,-16057,3449.71],"timestamp":46392424897},
{"hands":[{"direction":[0.385759,0.643862,-0.639425],"id":2,"palmNormal":[-0.688717,-0.177979,-0.622982],"palmPosition":[85.28,173.525,74.825],"palmVelocity":[-1687.64,-137.664,-454.421],"r":[[1,0,0],[0,1,0],[0,0,1]],"s":1,"sphereCenter":[139.565,203.988,65.2952],"sphereRadius":62.0989,"t":[-8.65525,0.013606,-4.2393]},{"direction":[0.119814,0.299926,-0.919307],"id":8,"palmNormal":[0.961912,0.00527993,0.142447],"palmPosition":[-133.959,204.726,-25.9324],"palmVelocity":[1713.72,-1087.78,1398.13],"r":[[1,0,0],[0,1,0],[0,0,1]],"s":1,"sphereCenter":[-246.017,216.076,-92.4409],"sphereRadius":126.947,"t":[40.4161,-21.993,22.4543]}],"id":244380,"pointables":[{"direction":[0.194368,0.641028,-0.742498],"handId":2,"id":5,"length":29.9838,"tipPosition":[69.5593,247.548,83.458],"tipVelocity":[-1846.45,2.90261,-904.383],"tool":false}],"r":[[-0.865846,-0.283297,-0.412375],[0.24168,-0.958527,0.151051],[-0.438065,0.031124,0.898404]],"s":1077.23,"t":[-3406.05,-16057.3,3440.96],"timestamp":46392434272},
{"hands":[{"direction":[0.362093,0.656109,-0.64049],"id":2,"palmNormal":[-0.713412,-0.1837,-0.604442],"palmPosition":[67.9996,172.122,70.7507],"palmVelocity":[-1877.7,-152.405,-442.708],"r":[[1,0,0],[0,1,0],[0,0,1]],"s":1,"sphereCenter":[127.596,202.848,62.0052],"sphereRadius":62.3228,"t":[-30.8467,-4.92972,-13.9004]},{"direction":[0.155882,0.300808,-0.913634],"id":8,"palmNormal":[0.954663,-0.0431881,0.171555],"palmPosition":[-116.904,196.09,-16.3636],"palmVelocity":[1853.16,-938.369,1039.75],"r":[[1,0,0],[0,1,0],[0,0,1]],"s":1,"sphereCenter":[-220.969,213.102,-82.9089],"sphereRadius":113.94,"t":[56.6402,-30.7786,32.3949]}],"id":244382,"pointables":[{"direction":[0.42687,0.548234,-0.719182],"handId":2,"id":3,"length":44.0634,"tipPosition":[108.449,212.023,-7.90414],"tipVelocity":[-1923.12,-532.902,-811.874],"tool":false}],"r":[[-0.869503,-0.27879,-0.407725],[0.237699,-0.959786,0.149362],[-0.43297,0.0329546,0.900806]],"s":1077.16,"t":[-3432.77,-16062.4,3429.04],"timestamp":46392443475},
{"hands":[{"direction":[0.332595,0.663785,-0.646872],"id":2,"palmNormal":[-0.732063,-0.202682,-0.584108],"palmPosition":[49.8018,167.69,68.1574],"palmVelocity":[-1903.73,-463.69,-271.294],"r":[[1,0,0],[0,1,0],[0,0,1]],"s":1,"sphereCenter":[115.636,201.719,58.884],"sphereRadius":62.7733,"t":[-52.2394,-9.77086,-22.148]},{"direction":[0.204369,0.300677,-0.899964],"id":8,"palmNormal":[0.935998,-0.101776,0.209867],"palmPosition":[-94.6554,191.857,-13.667],"palmVelocity":[2327.53,-442.85,282.093],"r":[[1,0,0],[0,1,0],[0,0,1]],"s":1,"sphereCenter":[-201.703,212.954,-81.1803],"sphereRadius":106.393,"t":[74.0692,-38.6537,40.8866]}],"id":244384,"pointables":[],"r":[[-0.862808,-0.282694,-0.419101],[0.24108,-0.95878,0.150406],[-0.444345,0.0287344,0.895395]],"s":1077.05,"t":[-3453.75,-16067.4,3419.52],"timestamp":46392453034},
{"hands":[{"direction":[0.303197,0.666472,-0.656898],"id":2,"palmNormal":[-0.743446,-0.229373,-0.566105],"palmPosition":[31.3401,165.819,64.6943],"palmVelocity":[-1991.99,-201.845,-373.662],"r":[[1,0,0],[0,1,0],[0,0,1]],"s":1,"sphereCenter":[101.95,200.532,54.7585],"sphereRadius":63.2475,"t":[-73.0459,-14.0179,-29.4387]},{"direction":[0.254831,0.30421,-0.880487],"id":8,"palmNormal":[0.905823,-0.1825,0.230606],"palmPosition":[-67.4672,187.661,-16.1737],"palmVelocity":[2933.56,-452.82,-270.46],"r":[[1,0,0],[0,1,0],[0,0,1]],"s":1,"sphereCenter":[-179.36,214.737,-76.962],"sphereRadius":98.9377,"t":[93.4501,-45.7932,47.1787]}],"id":244386,"pointables":[],"r":[[-0.834944,-0.295585,-0.464218],[0.250258,-0.955185,0.158088],[-0.490143,0.0158206,0.871499]],"s":1076.9,"t":[-3469.65,-16071.9,3411.3],"timestamp":46392462302},
{"hands":[{"direction":[0.256659,0.667391,-0.667738],"id":2,"palmNormal":[-0.721015,-0.289662,-0.558347],"palmPosition":[13.0464,152.085,68.9878],"palmVelocity":[-1992.99,-1496.32,467.748],"r":[[1,0,0],[0,1,0],[0,0,1]],"s":1,"sphereCenter":[94.0602,201.348,59.0257],"sphereRadius":67.2747,"t":[-92.596,-23.0088,-30.9373]},{"direction":[0.29772,0.312942,-0.86107],"id":8,"palmNormal":[0.815886,-0.307974,0.163502],"palmPosition":[-41.7957,182.816,-16.5444],"palmVelocity":[2796.77,-527.747,-40.3926],"r":[[1,0,0],[0,1,0],[0,0,1]],"s":1,"sphereCenter":[-154.921,215.904,-69.6356],"sphereRadius":92.2053,"t":[115.132,-48.4402,53.5534]}],"id":244388,"pointables":[{"direction":[0.48326,0.330792,-0.810578],"handId":8,"id":9,"length":102.213,"tipPosition":[5.02895,224.1,-101.668],"tipVelocity":[2612.71,201.038,703.49],"tool":false}],"r":[[-0.762761,-0.336721,-0.552101],[0.287699,-0.941296,0.176612],[-0.579159,-0.0241261,0.814857]],"s":1076.74,"t":[-3465.62,-16073.3,3410.42],"timestamp":46392471481},
{"hands":[{"direction":[0.192603,0.673788,-0.666622],"id":2,"palmNormal":[-0.656771,-0.352523,-0.572456],"palmPosition":[-2.16182,129.118,83.0311],"palmVelocity":[-1618.24,-2443.8,1494.29],"r":[[1,0,0],[0,1,0],[0,0,1]],"s":1,"sphereCenter":[80.0651,194.706,70.135],"sphereRadius":67.3107,"t":[-109.975,-38.9876,-24.665]},{"direction":[0.357794,0.309847,-0.826894],"id":8,"palmNormal":[0.741173,-0.411984,0.136717],"palmPosition":[-84.3796,147.756,47.6538],"palmVelocity":[-4531.17,-3730.59,6831.05],"r":[[1,0,0],[0,1,0],[0,0,1]],"s":1,"sphereCenter":[-150.614,209.85,-46.8816],"sphereRadius":88.9049,"t":[104.68,-67.2938,88.8399]}],"id":244390,"pointables":[{"direction":[0.384146,0.545245,-0.745077],"handId":-1,"id":9,"length":97.4201,"tipPosition":[29.7395,215.944,-90.5604],"tipVelocity":[2629.35,-867.796,1181.88],"tool":false}],"r":[[-0.777746,-0.344696,-0.525638],[0.294488,-0.938595,0.179768],[-0.555327,-0.0149801,0.831497]],"s":1076.58,"t":[-3451.24,-16078,3415.54],"timestamp":46392480879},
{"hands":[{"direction":[0.13471,0.668701,-0.674902],"id":2,"palmNormal":[-0.569448,-0.414689,-0.58244],"palmPosition":[-12.3188,111.138,94.4728],"palmVelocity":[-1083.87,-1918.71,1220.97],"r":[[1,0,0],[0,1,0],[0,0,1]],"s":1,"sphereCenter":[66.7537,187.7,79.9212],"sphereRadius":66.6516,"t":[-123.743,-55.9672,-15.8079]},{"direction":[0.398594,0.310091,-0.807608],"id":8,"palmNormal":[0.679019,-0.496924,0.102173],"palmPosition":[-97.7312,128.419,78.8368],"palmVelocity":[-1424.78,-2063.55,3327.6],"r":[[1,0,0],[0,1,0],[0,0,1]],"s":1,"sphereCenter":[-145.622,200.792,-25.6633],"sphereRadius":83.1028,"t":[92.7789,-86.3893,122.075]}],"id":244392,"pointables":[{"direction":[0.448261,-0.106699,-0.887512],"handId":-1,"id":9,"length":93.17,"tipPosition":[38.9809,195.916,-76.0296],"tipVelocity":[986.169,-2137.3,1550.62],"tool":false}],"r":[[-0.814705,-0.345408,-0.465778],[0.298733,-0.93845,0.173406],[-0.497005,0.00213129,0.867745]],"s":1076.47,"t":[-3439.44,-16090.4,3425.36],"timestamp":46392490250},
{"hands":[{"direction":[0.0899921,0.670189,-0.678314],"id":2,"palmNormal":[-0.501002,-0.461115,-0.596192],"palmPosition":[-18.1005,104.775,99.8733],"palmVelocity":[-613.381,-674.988,572.93],"r":[[1,0,0],[0,1,0],[0,0,1]],"s":1,"sphereCenter":[55.0916,182.017,88.4314],"sphereRadius":66.5793,"t":[-133.518,-67.6381,-8.67921]},{"direction":[0.435528,0.297748,-0.793963],"id":8,"palmNormal":[0.608796,-0.573193,0.07524],"palmPosition":[-102.549,121.095,87.063],"palmVelocity":[-511.077,-777.006,872.718],"r":[[1,0,0],[0,1,0],[0,0,1]],"s":1,"sphereCenter":[-141.325,193.845,-8.13167],"sphereRadius":78.5651,"t":[84.4195,-99.5991,142.805]}],"id":244394,"pointables":[{"direction":[0.343926,0.493418,-0.798908],"handId":-1,"id":9,"length":91.784,"tipPosition":[47.3794,218.445,-80.1123],"tipVelocity":[890.992,2390.17,-433.129],"tool":false}],"r":[[-0.844655,-0.342129,-0.411711],[0.299327,-0.93949,0.166617],[-0.443803,0.0174975,0.895954]],"s":1076.38,"t":[-3429.33,-16085.4,3428.23],"timestamp":46392499676},
{"hands":[{"direction":[0.0570309,0.677635,-0.676499],"id":2,"palmNormal":[-0.4542,-0.49363,-0.612172],"palmPosition":[-19.344,104.175,101.654],"palmVelocity":[-134.289,-64.8614,192.258],"r":[[1,0,0],[0,1,0],[0,0,1]],"s":1,"sphereCenter":[45.5345,177.235,95.0869],"sphereRadius":66.3119,"t":[-139.027,-73.7739,-4.22468]},{"direction":[0.469746,0.294443,-0.777151],"id":8,"palmNormal":[0.559752,-0.633597,0.0512716],"palmPosition":[-102.751,118.05,86.9618],"palmVelocity":[-21.8719,-328.783,-10.9362],"r":[[1,0,0],[0,1,0],[0,0,1]],"s":1,"sphereCenter":[-138.262,189.51,6.17195],"sphereRadius":75.9518,"t":[80.1385,-107.726,153.12]}],"id":244396,"pointables":[{"direction":[0.245066,0.657892,-0.712124],"handId":-1,"id":9,"length":89.8552,"tipPosition":[48.565,225.035,-81.1419],"tipVelocity":[128.028,711.584,-111.186],"tool":false}],"r":[[-0.865881,-0.333245,-0.373092],[0.293489,-0.942377,0.160591],[-0.40511,0.0295545,0.91379]],"s":1076.31,"t":[-3423.69,-16079.5,3429.15],"timestamp":46392508936},
{"hands":[{"direction":[0.0300831,0.686722,-0.672361],"id":2,"palmNormal":[-0.421593,-0.517733,-0.626913],"palmPosition":[-17.892,105.138,102.255],"palmVelocity":[152.971,101.472,63.3634],"r":[[1,0,0],[0,1,0],[0,0,1]],"s":1,"sphereCenter":[37.8114,173.159,100.764],"sphereRadius":66.0753,"t":[-143.144,-78.4899,-0.540779]},{"direction":[0.499879,0.291082,-0.762194],"id":8,"palmNormal":[0.516903,-0.684405,0.0301504],"palmPosition":[-102.09,117.335,86.6268],"palmVelocity":[69.6438,-75.3266,-35.289],"r":[[1,0,0],[0,1,0],[0,0,1]],"s":1,"sphereCenter":[-136.091,187.782,18.4117],"sphereRadius":75.454,"t":[76.8459,-114.371,161.304]}],"id":244398,"pointables":[],"r":[[-0.882053,-0.321624,-0.344297],[0.284314,-0.946057,0.155374],[-0.375697,0.0391603,0.925915]],"s":1076.27,"t":[-3418.96,-16074.9,3429.91],"timestamp":46392518428},
{"hands":[{"direction":[0.0105496,0.691886,-0.672652],"id":2,"palmNormal":[-0.395832,-0.541109,-0.636018],"palmPosition":[-15.0208,104.847,103.404],"palmVelocity":[315.237,-31.9442,126.166],"r":[[1,0,0],[0,1,0],[0,0,1]],"s":1,"sphereCenter":[31.6424,169.024,105.052],"sphereRadius":65.0901,"t":[-145.864,-82.3209,2.63617]},{"direction":[0.524654,0.292718,-0.748622],"id":8,"palmNormal":[0.48575,-0.725107,0.00955893],"palmPosition":[-101.745,116.798,87.7065],"palmVelocity":[37.8956,-58.9607,118.549],"r":[[1,0,0],[0,1,0],[0,0,1]],"s":1,"sphereCenter":[-133.644,184.367,28.899],"sphereRadius":73.2665,"t":[74.2809,-119.794,168.068]}],"id":244400,"pointables":[],"r":[[-0.894842,-0.310663,-0.32054],[0.275472,-0.949363,0.151083],[-0.351244,0.0468958,0.935109]],"s":1076.25,"t":[-3414.86,-16071.2,3430.75],"timestamp":46392527536},
{"hands":[{"direction":[0.0381907,0.671151,-0.691006],"id":2,"palmNormal":[-0.342898,-0.58343,-0.623313],"palmPosition":[-14.8033,134.326,44.0117],"palmVelocity":[22.8215,3093.3,-6232.15],"r":[[1,0,0],[0,1,0],[0,0,1]],"s":1,"sphereCenter":[27.8227,175.169,90.5785],"sphereRadius":64.7869,"t":[-147.996,-79.4899,-6.70076]}],"id":244402,"pointables":[],"r":[[-0.9045,-0.301665,-0.301461],[0.268221,-0.951948,0.147827],[-0.331569,0.0528517,0.941949]],"s":1076.24,"t":[-3411.53,-16062.4,3419.53],"timestamp":46392537066},
{"hands":[{"direction":[0.0153741,0.678868,-0.68782],"id":2,"palmNormal":[-0.3398,-0.595822,-0.62978],"palmPosition":[-11.5761,119.399,83.83],"palmVelocity":[350.673,-1622.01,4326.66],"r":[[1,0,0],[0,1,0],[0,0,1]],"s":1,"sphereCenter":[23.8655,171.188,95.8541],"sphereRadius":64.198,"t":[-149.056,-80.2105,-6.20664]},{"direction":[0.546097,0.291968,-0.737827],"id":8,"palmNormal":[0.461373,-0.759044,-0.00205336],"palmPosition":[-98.9638,117.001,86.0889],"palmVelocity":[148.461,10.849,-86.355],"r":[[1,0,0],[0,1,0],[0,0,1]],"s":1,"sphereCenter":[-132.121,184.516,37.4442],"sphereRadius":74.3173,"t":[0,0,0]}],"id":244404,"pointables":[],"r":[[-0.869171,-0.331924,-0.366562],[0.290791,-0.942619,0.164041],[-0.399977,0.0359868,0.915818]],"s":1076.19,"t":[-3408.27,-16056.8,3414.38],"timestamp":46392546269},
