[
{"hands":[{"direction":[-0.244743,0.0685952,-0.474695],"id":5,"palmNormal":[0.415312,-0.488056,0.14521],"palmPosition":[-298.352,315.157,21.6129],"palmVelocity":[707.398,63.1087,374.291],"r":[[1,0,0],[0,1,0],[0,0,1]],"s":1,"sphereCenter":[-341.798,331.868,144.372],"sphereRadius":171.72,"t":[0,0,0]}],"id":176983,"pointables":[],"r":[[-0.821649,-0.34546,0.453377],[-0.56997,0.505188,-0.648012],[-0.0051784,-0.790849,-0.611989]],"s":1069.99,"t":[-3006.62,-15637.3,5289.26],"timestamp":46072717052},
{"hands":[{"direction":[-0.130673,-0.0674618,-0.515608],"id":5,"palmNormal":[0.438222,-0.491638,0.315533],"palmPosition":[-302.728,310.197,15.9688],"palmVelocity":[-472.461,-535.503,-609.376],"r":[[1,0,0],[0,1,0],[0,0,1]],"s":1,"sphereCenter":[-335.473,324.642,125.168],"sphereRadius":151.728,"t":[-0.875186,-0.991965,-1.12881]},{"direction":[-0.00750247,0.466462,-0.837739],"id":1,"palmNormal":[0.836238,-0.403958,-0.249692],"palmPosition":[-207.173,352.523,107.269],"palmVelocity":[195.075,60.725,19.8664],"r":[[1,0,0],[0,1,0],[0,0,1]],"s":1,"sphereCenter":[-220.947,364.191,128.798],"sphereRadius":141.087,"t":[0,0,0]}],"id":176985,"pointables":[],"r":[[-0.817415,-0.341161,0.464157],[-0.57594,0.499729,-0.646965],[-0.0112334,-0.796166,-0.604974]],"s":1070.02,"t":[-3005.15,-15638,5288.35],"timestamp":46072726314},
{"hands":[{"direction":[-0.220304,0.0283613,-0.546568],"id":5,"palmNormal":[0.500934,-0.415972,0.00425048],"palmPosition":[-279.12,323.942,28.547],"palmVelocity":[2526.5,1471.01,1346.12],"r":[[1,0,0],[0,1,0],[0,0,1]],"s":1,"sphereCenter":[-338.163,325.798,127.192],"sphereRadius":152.024,"t":[3.14619,0.963494,0.48378]}],"id":176987,"pointables":[],"r":[[-0.813956,-0.33765,0.472724],[-0.580705,0.495377,-0.646052],[-0.0160372,-0.800371,-0.59929]],"s":1070.05,"t":[-2999.26,-15635.7,5290.13],"timestamp":46072735658},
{"hands":[{"direction":[-0.282182,-0.132431,-0.494574],"id":5,"palmNormal":[0.382732,-0.41093,0.283245],"palmPosition":[-297.742,334.363,33.3653],"palmVelocity":[-1965.54,1099.96,508.582],"r":[[1,0,0],[0,1,0],[0,0,1]],"s":1,"sphereCenter":[-339.604,324.712,193.7],"sphereRadius":206.943,"t":[2.63899,4.61207,2.73751]},{"direction":[0.171001,0.406856,-0.747229],"id":1,"palmNormal":[0.702437,-0.424256,0.0676552],"palmPosition":[-228.257,352.232,142.438],"palmVelocity":[-1120.42,-15.4696,1868.86],"r":[[1,0,0],[0,1,0],[0,0,1]],"s":1,"sphereCenter":[-244.92,380.225,123.77],"sphereRadius":143.191,"t":[0,0,0]}],"id":176989,"pointables":[],"r":[[-0.814766,-0.308034,0.491194],[-0.577254,0.510137,-0.637603],[-0.0541729,-0.803041,-0.593456]],"s":1070.11,"t":[-2998.52,-15632.9,5295.55],"timestamp":46072745132},
{"hands":[{"direction":[-0.140116,-0.134405,-0.569451],"id":5,"palmNormal":[0.476757,-0.458005,0.332702],"palmPosition":[-299.208,321.07,24.3246],"palmVelocity":[-160.654,-1456.99,-990.869],"r":[[1,0,0],[0,1,0],[0,0,1]],"s":1,"sphereCenter":[-332.562,321.192,177.318],"sphereRadius":190.404,"t":[1.94006,4.87221,2.73236]}],"id":176991,"pointables":[],"r":[[-0.81448,-0.284223,0.505806],[-0.573988,0.521878,-0.631016],[-0.08462,-0.804277,-0.588199]],"s":1070.16,"t":[-2998.22,-15633.3,5298.08],"timestamp":46072754256},
{"hands":[{"direction":[0.160323,0.34961,-0.793364],"id":1,"palmNormal":[0.761546,-0.427294,0.0644996],"palmPosition":[-216.852,353.649,122.86],"palmVelocity":[612.961,76.155,-1052.17],"r":[[1,0,0],[0,1,0],[0,0,1]],"s":1,"sphereCenter":[-223.603,369.416,117.369],"sphereRadius":137.246,"t":[0,0,0]}],"id":176993,"pointables":[],"r":[[-0.813655,-0.265113,0.517378],[-0.571054,0.531219,-0.625863],[-0.108916,-0.804687,-0.583623]],"s":1070.2,"t":[-2995.69,-15633.4,5296.19],"timestamp":46072763739},
{"hands":[{"direction":[-0.128231,-0.0508617,-0.643373],"id":5,"palmNormal":[0.534537,-0.529071,0.149859],"palmPosition":[-292.073,324.828,26.4483],"palmVelocity":[380.105,200.209,113.138],"r":[[1,0,0],[0,1,0],[0,0,1]],"s":1,"sphereCenter":[-333.237,324.607,154.105],"sphereRadius":170.38,"t":[0,0,0]}],"id":176995,"pointables":[],"r":[[-0.812615,-0.249796,0.526554],[-0.568503,0.538654,-0.621817],[-0.128303,-0.804645,-0.579729]],"s":1070.22,"t":[-2992.25,-15632.7,5295.11],"timestamp":46072773027},
{"hands":[{"direction":[0.12283,0.297484,-0.832278],"id":1,"palmNormal":[0.81282,-0.405662,0.027036],"palmPosition":[-215.353,354.994,110.853],"palmVelocity":[80.1765,71.9598,-642.371],"r":[[1,0,0],[0,1,0],[0,0,1]],"s":1,"sphereCenter":[-207.312,363.426,109.849],"sphereRadius":133.834,"t":[0,0,0]}],"id":176997,"pointables":[],"r":[[-0.81154,-0.237528,0.533839],[-0.566332,0.544576,-0.618631],[-0.143774,-0.804374,-0.576465]],"s":1070.24,"t":[-2989.19,-15631.8,5291.83],"timestamp":46072782430},
{"hands":[{"direction":[-0.12323,-0.0257638,-0.710682],"id":5,"palmNormal":[0.595056,-0.570388,0.0656518],"palmPosition":[-298.585,319.193,22.0147],"palmVelocity":[-347.232,-300.43,-236.397],"r":[[1,0,0],[0,1,0],[0,0,1]],"s":1,"sphereCenter":[-332.383,324.78,139.579],"sphereRadius":158.69,"t":[0,0,0]}],"id":176999,"pointables":[],"r":[[-0.810524,-0.227706,0.53963],[-0.564514,0.549296,-0.616115],[-0.156124,-0.804005,-0.573761]],"s":1070.25,"t":[-2988.05,-15632.3,5288.33],"timestamp":46072791782},
{"hands":[{"direction":[-0.0784055,-0.11521,-0.742012],"id":5,"palmNormal":[0.416592,-0.664725,0.196285],"palmPosition":[-310.854,330.708,22.3495],"palmVelocity":[-1327.27,1245.65,36.2209],"r":[[1,0,0],[0,1,0],[0,0,1]],"s":1,"sphereCenter":[-349.728,335.352,136.299],"sphereRadius":163.594,"t":[-2.45386,2.30296,0.0669653]}],"id":177001,"pointables":[],"r":[[-0.809613,-0.219845,0.544238],[-0.563006,0.55306,-0.614124],[-0.165984,-0.803613,-0.571538]],"s":1070.26,"t":[-2989.59,-15630.4,5285.59],"timestamp":46072801026},
{"hands":[{"direction":[-0.190257,-0.0378177,-0.734979],"id":5,"palmNormal":[0.465285,-0.591263,-0.0788528],"palmPosition":[-309.847,322.959,18.248],"palmVelocity":[105.701,-813.378,-430.52],"r":[[1,0,0],[0,1,0],[0,0,1]],"s":1,"sphereCenter":[-348.975,335.43,133.57],"sphereRadius":159.836,"t":[-4.21554,2.59552,-0.699775]},{"direction":[0.268695,0.29185,-0.745948],"id":1,"palmNormal":[0.707388,-0.393941,0.26051],"palmPosition":[-217.203,349.582,133.642],"palmVelocity":[-65.7878,-192.46,810.318],"r":[[1,0,0],[0,1,0],[0,0,1]],"s":1,"sphereCenter":[-193.202,351.761,110.286],"sphereRadius":128.083,"t":[0,0,0]}],"id":177003,"pointables":[],"r":[[-0.802994,-0.194392,0.563394],[-0.562741,0.558615,-0.609321],[-0.196273,-0.806326,-0.557957]],"s":1070.3,"t":[-2990.91,-15630.1,5285.27],"timestamp":46072810553},
{"hands":[{"direction":[-0.18282,0.0597104,-0.762435],"id":5,"palmNormal":[0.49183,-0.623352,-0.1968],"palmPosition":[-314.985,320.89,15.2105],"palmVelocity":[-562.885,-226.731,-332.795],"r":[[1,0,0],[0,1,0],[0,0,1]],"s":1,"sphereCenter":[-346.065,330.551,132.778],"sphereRadius":157.793,"t":[-6.65238,2.4157,-1.92065]}],"id":177005,"pointables":[],"r":[[-0.797019,-0.173947,0.578363],[-0.562328,0.563096,-0.605566],[-0.220338,-0.807877,-0.546613]],"s":1070.33,"t":[-2992.99,-15630.3,5284.41],"timestamp":46072819680},
{"hands":[{"direction":[0.014051,0.105968,-0.704295],"id":5,"palmNormal":[0.50766,-0.535055,0.0941644],"palmPosition":[-244.603,327.527,102.85],"palmVelocity":[7483.44,705.673,9318.38],"r":[[1,0,0],[0,1,0],[0,0,1]],"s":1,"sphereCenter":[-308.862,326.218,146.506],"sphereRadius":146.637,"t":[5.47449,3.59921,14.6305]},{"direction":[0.329004,0.176603,-0.747712],"id":1,"palmNormal":[0.675532,-0.414916,0.378917],"palmPosition":[-217.482,362.463,107.799],"palmVelocity":[-15.0528,695.057,-1394.51],"r":[[1,0,0],[0,1,0],[0,0,1]],"s":1,"sphereCenter":[-210.83,361.672,120.853],"sphereRadius":127.99,"t":[0,0,0]}],"id":177007,"pointables":[],"r":[[-0.726602,-0.22293,0.649885],[-0.660223,0.488331,-0.570648],[-0.190145,-0.843703,-0.502006]],"s":1070.12,"t":[-2987.64,-15628.6,5289.9],"timestamp":46072829085},
{"hands":[{"direction":[0.26859,0.194807,-0.788994],"id":1,"palmNormal":[0.742547,-0.418134,0.233234],"palmPosition":[-213.322,360.919,104.843],"palmVelocity":[448.557,-166.464,-318.702],"r":[[1,0,0],[0,1,0],[0,0,1]],"s":1,"sphereCenter":[-202.705,360.796,108.396],"sphereRadius":122.794,"t":[0.831984,-0.308758,-0.591129]}],"id":177009,"pointables":[],"r":[[-0.682643,-0.257972,0.683703],[-0.713892,0.435246,-0.548561],[-0.156066,-0.862561,-0.481281]],"s":1069.98,"t":[-2982.54,-15627.5,5293.7],"timestamp":46072838359},
{"hands":[{"direction":[-0.0172513,0.190133,-0.728519],"id":5,"palmNormal":[0.551346,-0.548051,-0.0837888],"palmPosition":[-268.913,336.812,56.2517],"palmVelocity":[-1289.44,492.506,-2471.66],"r":[[1,0,0],[0,1,0],[0,0,1]],"s":1,"sphereCenter":[-313.794,333.095,174.178],"sphereRadius":170.332,"t":[0,0,0]}],"id":177011,"pointables":[],"r":[[-0.653326,-0.283881,0.701838],[-0.746499,0.395979,-0.534733],[-0.126113,-0.873277,-0.47062]],"s":1069.88,"t":[-2983.31,-15624.7,5287.42],"timestamp":46072847938},
{"hands":[{"direction":[-0.121744,0.229309,-0.729293],"id":5,"palmNormal":[0.577442,-0.492271,-0.264156],"palmPosition":[-270.593,338.938,45.1512],"palmVelocity":[-181.726,230.022,-1200.71],"r":[[1,0,0],[0,1,0],[0,0,1]],"s":1,"sphereCenter":[-320.489,337.626,153.989],"sphereRadius":157.749,"t":[-0.336012,0.425311,-2.22011]}],"id":177013,"pointables":[],"r":[[-0.632685,-0.303366,0.712516],[-0.767734,0.366254,-0.525777],[-0.101459,-0.879674,-0.464628]],"s":1069.82,"t":[-2984.27,-15622.1,5280.18],"timestamp":46072857183},
{"hands":[{"direction":[-0.163414,0.271834,-0.7488],"id":5,"palmNormal":[0.567648,-0.533167,-0.354339],"palmPosition":[-308.345,328.868,18.216],"palmVelocity":[-4028.62,-1074.62,-2874.32],"r":[[1,0,0],[0,1,0],[0,0,1]],"s":1,"sphereCenter":[-326.313,335.244,125.552],"sphereRadius":140.381,"t":[-8.15526,-1.2485,-9.38324]}],"id":177015,"pointables":[],"r":[[-0.617594,-0.3182,0.719254],[-0.78225,0.343425,-0.519753],[-0.0816244,-0.883633,-0.46101]],"s":1069.77,"t":[-2992.58,-15622,5268.99],"timestamp":46072866554},
{"hands":[{"direction":[0.194075,0.168713,-0.828042],"id":1,"palmNormal":[0.793652,-0.409558,0.122916],"palmPosition":[-226.063,362.542,84.5483],"palmVelocity":[-339.067,43.2052,-540.101],"r":[[1,0,0],[0,1,0],[0,0,1]],"s":1,"sphereCenter":[-222.417,359.159,117.788],"sphereRadius":126.843,"t":[0,0,0]}],"id":177017,"pointables":[],"r":[[-0.606276,-0.329605,0.723734],[-0.792528,0.325719,-0.515565],[-0.0658008,-0.886153,-0.458697]],"s":1069.74,"t":[-3001.78,-15621.6,5255.99],"timestamp":46072875935},
{"hands":[{"direction":[-0.0612474,0.136266,-0.765555],"id":5,"palmNormal":[0.555069,-0.568301,-0.0744626],"palmPosition":[-318.093,324.39,15.3276],"palmVelocity":[-528.354,-242.689,-156.552],"r":[[1,0,0],[0,1,0],[0,0,1]],"s":1,"sphereCenter":[-324.56,331.791,126.12],"sphereRadius":139.992,"t":[0,0,0]}],"id":177019,"pointables":[],"r":[[-0.597638,-0.338443,0.726833],[-0.799998,0.311888,-0.51257],[-0.0532144,-0.887796,-0.45715]],"s":1069.72,"t":[-3011.09,-15622.2,5245.01],"timestamp":46072885004},
{"hands":[{"direction":[0.090212,-0.0170945,-0.67293],"id":5,"palmNormal":[0.409318,-0.496077,0.240478],"palmPosition":[-323.163,323.465,13.7412],"palmVelocity":[-537.268,-98.0607,-168.101],"r":[[1,0,0],[0,1,0],[0,0,1]],"s":1,"sphereCenter":[-342.766,340.707,95.4028],"sphereRadius":135.007,"t":[-1.01404,-0.18508,-0.317273]}],"id":177021,"pointables":[],"r":[[-0.590965,-0.345335,0.729043],[-0.805539,0.301027,-0.510381],[-0.0432095,-0.88889,-0.456078]],"s":1069.7,"t":[-3019.55,-15622.9,5235.91],"timestamp":46072894441},
{"hands":[{"direction":[-0.00885318,0.0601269,-0.703834],"id":5,"palmNormal":[0.472842,-0.515266,-0.00693737],"palmPosition":[-303.346,330.752,25.7926],"palmVelocity":[2129.06,782.906,1294.73],"r":[[1,0,0],[0,1,0],[0,0,1]],"s":1,"sphereCenter":[-342.746,343.297,95.8937],"sphereRadius":131.946,"t":[2.13818,1.12431,1.83918]}],"id":177023,"pointables":[],"r":[[-0.585765,-0.350737,0.730659],[-0.809714,0.292465,-0.508751],[-0.0352542,-0.889634,-0.455312]],"s":1069.69,"t":[-3022.36,-15621.9,5231.03],"timestamp":46072903749},
{"hands":[{"direction":[0.0563865,0.210304,-0.815996],"id":1,"palmNormal":[0.719122,-0.448789,-0.109229],"palmPosition":[-245.385,359.764,66.7786],"palmVelocity":[-520.122,-74.7846,-478.336],"r":[[1,0,0],[0,1,0],[0,0,1]],"s":1,"sphereCenter":[-258.185,354.014,123.015],"sphereRadius":135.817,"t":[0,0,0]}],"id":177025,"pointables":[],"r":[[-0.581688,-0.354988,0.731862],[-0.812897,0.285693,-0.507521],[-0.0289242,-0.890147,-0.454754]],"s":1069.68,"t":[-3028.47,-15621.7,5223.58],"timestamp":46072913084},
{"hands":[{"direction":[-0.0440924,0.225127,-0.820208],"id":1,"palmNormal":[0.735892,-0.411978,-0.239508],"palmPosition":[-236.822,357.187,82.2562],"palmVelocity":[928.538,-279.412,1678.34],"r":[[1,0,0],[0,1,0],[0,0,1]],"s":1,"sphereCenter":[-275.025,352.846,146.753],"sphereRadius":152.838,"t":[1.7126,-0.515348,3.09553]}],"id":177027,"pointables":[],"r":[[-0.578477,-0.358345,0.732771],[-0.815349,0.280325,-0.50658],[-0.0238837,-0.890509,-0.454338]],"s":1069.68,"t":[-3031.64,-15622.1,5220.72],"timestamp":46072922306},
{"hands":[{"direction":[-0.0637994,0.207948,-0.85113],"id":1,"palmNormal":[0.779917,-0.418361,-0.224893],"palmPosition":[-236.271,362.008,78.9047],"palmVelocity":[57.328,501.156,-348.427],"r":[[1,0,0],[0,1,0],[0,0,1]],"s":1,"sphereCenter":[-280.761,353.658,159.683],"sphereRadius":159.673,"t":[3.19296,0.0364992,4.90165]}],"id":177029,"pointables":[],"r":[[-0.575938,-0.361003,0.733466],[-0.817252,0.276062,-0.505855],[-0.019867,-0.890767,-0.454025]],"s":1069.67,"t":[-3034.07,-15621.4,5217.75],"timestamp":46072931925},
{"hands":[{"direction":[-0.0265675,0.00963967,-0.757366],"id":5,"palmNormal":[0.402151,-0.651563,0.0470479],"palmPosition":[-291.237,339.165,36.5418],"palmVelocity":[324.342,225.327,287.922],"r":[[1,0,0],[0,1,0],[0,0,1]],"s":1,"sphereCenter":[-354.187,349.493,100.226],"sphereRadius":140.006,"t":[0,0,0]},{"direction":[0.114363,0.222351,-0.768434],"id":1,"palmNormal":[0.695811,-0.390684,0.083479],"palmPosition":[-225.309,352.544,124.128],"palmVelocity":[1196.95,-1033.38,4938.12],"r":[[1,0,0],[0,1,0],[0,0,1]],"s":1,"sphereCenter":[-257.121,345.417,155.162],"sphereRadius":144.334,"t":[6.56958,-1.41476,15.3912]}],"id":177031,"pointables":[],"r":[[-0.589251,-0.321715,0.741136],[-0.805185,0.309662,-0.505754],[-0.0667936,-0.894768,-0.441508]],"s":1069.73,"t":[-3033.71,-15621,5220.98],"timestamp":46072941083},
{"hands":[{"direction":[-0.132384,0.0734617,-0.756569],"id":5,"palmNormal":[0.465251,-0.589101,-0.169001],"palmPosition":[-276.859,343.189,43.2535],"palmVelocity":[1515.72,424.244,707.534],"r":[[1,0,0],[0,1,0],[0,0,1]],"s":1,"sphereCenter":[-354.021,349.048,102.713],"sphereRadius":139.793,"t":[2.87563,0.804876,1.34233]}],"id":177033,"pointables":[],"r":[[-0.598517,-0.290164,0.746715],[-0.79432,0.336048,-0.50609],[-0.104083,-0.896034,-0.431613]],"s":1069.77,"t":[-3030.54,-15619.8,5224.91],"timestamp":46072950569},
{"hands":[{"direction":[-0.0597365,-0.0373979,-0.773269],"id":5,"palmNormal":[0.419329,-0.648379,0.0523095],"palmPosition":[-316.313,335.076,20.7105],"palmVelocity":[-4157.01,-854.814,-2375.2],"r":[[1,0,0],[0,1,0],[0,0,1]],"s":1,"sphereCenter":[-353.114,350.447,90.1373],"sphereRadius":131.07,"t":[-2.7147,-0.17383,-2.09241]}],"id":177035,"pointables":[],"r":[[-0.605051,-0.264888,0.750832],[-0.78488,0.356807,-0.506609],[-0.133708,-0.895836,-0.423792]],"s":1069.8,"t":[-3035.9,-15620.5,5223.54],"timestamp":46072960060},
{"hands":[{"direction":[0.00591667,-0.161032,-0.75904],"id":5,"palmNormal":[0.357913,-0.653842,0.259778],"palmPosition":[-327.985,330.948,13.6461],"palmVelocity":[-1286.21,-454.861,-778.449],"r":[[1,0,0],[0,1,0],[0,0,1]],"s":1,"sphereCenter":[-352.441,346.236,86.4605],"sphereRadius":125.602,"t":[-9.52144,-1.78237,-6.25308]}],"id":177037,"pointables":[],"r":[[-0.60972,-0.244666,0.75391],[-0.776861,0.373174,-0.507176],[-0.157251,-0.894919,-0.417603]],"s":1069.82,"t":[-3042.52,-15621.9,5221.03],"timestamp":46072969135},
{"hands":[{"direction":[-0.0414355,-0.0522665,-0.785293],"id":5,"palmNormal":[0.428771,-0.660787,0.0394397],"palmPosition":[-296.29,337.879,31.1273],"palmVelocity":[3321.33,726.289,1831.84],"r":[[1,0,0],[0,1,0],[0,0,1]],"s":1,"sphereCenter":[-352.848,349.067,87.9902],"sphereRadius":125.967,"t":[-8.62773,-1.683,-6.08537]}],"id":177039,"pointables":[],"r":[[-0.613101,-0.228497,0.756238],[-0.770156,0.386107,-0.507722],[-0.175976,-0.893706,-0.412701]],"s":1069.83,"t":[-3041.48,-15621.6,5222.52],"timestamp":46072978678},
{"hands":[{"direction":[-0.0467496,-0.0045703,-0.823781],"id":5,"palmNormal":[0.444543,-0.721258,-0.0345132],"palmPosition":[-294.89,341.143,34.4734],"palmVelocity":[151.747,353.725,362.642],"r":[[1,0,0],[0,1,0],[0,0,1]],"s":1,"sphereCenter":[-356.916,353.177,94.0432],"sphereRadius":130.655,"t":[-7.63273,-0.950748,-5.28199]}],"id":177041,"pointables":[],"r":[[-0.61558,-0.215574,0.758017],[-0.764609,0.396345,-0.508216],[-0.190878,-0.892434,-0.408812]],"s":1069.84,"t":[-3040.37,-15620.8,5224.38],"timestamp":46072987905},
{"hands":[{"direction":[-0.0552221,0.115773,-0.818841],"id":5,"palmNormal":[0.341694,-0.743136,-0.215526],"palmPosition":[-311.587,351.414,38.2116],"palmVelocity":[-1753.01,1078.37,392.464],"r":[[1,0,0],[0,1,0],[0,0,1]],"s":1,"sphereCenter":[-359.295,339.882,207.914],"sphereRadius":229.967,"t":[-10.1762,1.68935,-3.89163]}],"id":177043,"pointables":[],"r":[[-0.61742,-0.205244,0.759386],[-0.760057,0.404465,-0.508647],[-0.202749,-0.891225,-0.405722]],"s":1069.85,"t":[-3042.81,-15618,5226.61],"timestamp":46072997430},
{"hands":[{"direction":[0.231076,0.162259,-0.754009],"id":1,"palmNormal":[0.67515,-0.380389,0.269499],"palmPosition":[-226.394,367.53,97.7229],"palmVelocity":[-16.6068,229.341,-404.1],"r":[[1,0,0],[0,1,0],[0,0,1]],"s":1,"sphereCenter":[-276.845,358.191,171.826],"sphereRadius":160.841,"t":[0,0,0]}],"id":177045,"pointables":[],"r":[[-0.6188,-0.196988,0.760449],[-0.756342,0.410915,-0.509014],[-0.21221,-0.890137,-0.403265]],"s":1069.86,"t":[-3044.99,-15612.8,5223.12],"timestamp":46073006426},
{"hands":[{"direction":[-0.0982485,0.199788,-0.81471],"id":5,"palmNormal":[0.392819,-0.706558,-0.333904],"palmPosition":[-280.543,351.475,46.2303],"palmVelocity":[1666.98,3.26509,430.581],"r":[[1,0,0],[0,1,0],[0,0,1]],"s":1,"sphereCenter":[-359.753,337.635,191.18],"sphereRadius":213.218,"t":[0,0,0]}],"id":177047,"pointables":[],"r":[[-0.619846,-0.190389,0.761277],[-0.753325,0.416046,-0.509321],[-0.219757,-0.88919,-0.401309]],"s":1069.86,"t":[-3040.52,-15608.6,5221.93],"timestamp":46073016053},
{"hands":[{"direction":[-0.0500873,0.0201875,-0.789873],"id":5,"palmNormal":[0.380319,-0.677814,-0.0127245],"palmPosition":[-297.314,336.3,29.0067],"palmVelocity":[-1812.11,-1639.66,-1861],"r":[[1,0,0],[0,1,0],[0,0,1]],"s":1,"sphereCenter":[-351.027,333.05,171.105],"sphereRadius":192.342,"t":[-3.35422,-3.035,-3.44472]},{"direction":[0.351606,0.140957,-0.708456],"id":1,"palmNormal":[0.62007,-0.387091,0.421581],"palmPosition":[-224.643,355.582,133.157],"palmVelocity":[92.7403,-632.789,1876.61],"r":[[1,0,0],[0,1,0],[0,0,1]],"s":1,"sphereCenter":[-263.53,350.373,177.301],"sphereRadius":145.654,"t":[0,0,0]}],"id":177049,"pointables":[],"r":[[-0.616723,-0.163597,0.769993],[-0.747667,0.427752,-0.507959],[-0.246266,-0.888968,-0.38612]],"s":1070.04,"t":[-3038.45,-15608,5222.8],"timestamp":46073025308},
{"hands":[{"direction":[0.250459,0.164477,-0.754984],"id":1,"palmNormal":[0.713416,-0.353422,0.220635],"palmPosition":[-218.837,360.911,100.079],"palmVelocity":[613.92,563.505,-3497.39],"r":[[1,0,0],[0,1,0],[0,0,1]],"s":1,"sphereCenter":[-248.857,353.804,161.852],"sphereRadius":136.04,"t":[1.16129,1.06593,-6.61567]}],"id":177051,"pointables":[],"r":[[-0.613724,-0.142172,0.776614],[-0.742888,0.43704,-0.507064],[-0.267322,-0.888135,-0.37384]],"s":1070.17,"t":[-3035.63,-15606.5,5216.88],"timestamp":46073034766},
{"hands":[{"direction":[0.173714,0.28268,-0.729142],"id":1,"palmNormal":[0.628799,-0.403189,-0.0744138],"palmPosition":[-238.398,369.148,83.0137],"palmVelocity":[-2151.24,905.773,-1876.73],"r":[[1,0,0],[0,1,0],[0,0,1]],"s":1,"sphereCenter":[-279.866,369.981,166.477],"sphereRadius":154.776,"t":[-1.82192,3.5659,-15.3212]}],"id":177053,"pointables":[],"r":[[-0.611008,-0.125048,0.781686],[-0.738904,0.444416,-0.506474],[-0.28406,-0.88705,-0.36394]],"s":1070.26,"t":[-3037.29,-15603.6,5208.73],"timestamp":46073043859},
{"hands":[{"direction":[0.0536016,0.289355,-0.75067],"id":1,"palmNormal":[0.668113,-0.393246,-0.216703],"palmPosition":[-243.169,365.665,71.928],"palmVelocity":[-499.385,-364.57,-1160.44],"r":[[1,0,0],[0,1,0],[0,0,1]],"s":1,"sphereCenter":[-285.089,366.702,165.938],"sphereRadius":155.385,"t":[-5.16261,4.86934,-24.5028]}],"id":177055,"pointables":[],"r":[[-0.608634,-0.111364,0.785597],[-0.735616,0.45028,-0.506081],[-0.297379,-0.885916,-0.355976]],"s":1070.33,"t":[-3039.57,-15601.9,5200],"timestamp":46073053412},
{"hands":[{"direction":[0.0366219,0.320176,-0.778312],"id":1,"palmNormal":[0.743779,-0.376903,-0.213216],"palmPosition":[-230.393,361.432,93.6544],"palmVelocity":[1371.75,-454.467,2332.91],"r":[[1,0,0],[0,1,0],[0,0,1]],"s":1,"sphereCenter":[-254.481,361.29,143.207],"sphereRadius":146.612,"t":[-5.28015,5.0656,-27.5028]}],"id":177057,"pointables":[],"r":[[-0.606606,-0.100429,0.788634],[-0.732921,0.454945,-0.505817],[-0.307986,-0.884838,-0.349579]],"s":1070.38,"t":[-3038.83,-15601.5,5197.35],"timestamp":46073062725},
{"hands":[{"direction":[-0.0173348,0.0346516,-0.82879],"id":5,"palmNormal":[0.481741,-0.684902,-0.00341342],"palmPosition":[-299.326,326.498,22.7769],"palmVelocity":[-43.0837,-209.942,-133.435],"r":[[1,0,0],[0,1,0],[0,0,1]],"s":1,"sphereCenter":[-344.786,329.143,155.583],"sphereRadius":177.233,"t":[0,0,0]}],"id":177059,"pointables":[],"r":[[-0.604902,-0.0916905,0.791003],[-0.730725,0.458661,-0.505639],[-0.31644,-0.883868,-0.344445]],"s":1070.41,"t":[-3038.65,-15603.1,5193.99],"timestamp":46073071996},
{"hands":[{"direction":[-0.0102289,0.324879,-0.804858],"id":1,"palmNormal":[0.78162,-0.373184,-0.249188],"palmPosition":[-227.551,357.68,96.807],"palmVelocity":[152.716,-201.576,169.357],"r":[[1,0,0],[0,1,0],[0,0,1]],"s":1,"sphereCenter":[-251.255,362.02,131.355],"sphereRadius":135.6,"t":[0,0,0]}],"id":177061,"pointables":[],"r":[[-0.603487,-0.0847064,0.792861],[-0.728942,0.461622,-0.505517],[-0.323182,-0.883023,-0.340329]],"s":1070.43,"t":[-3037.94,-15605.1,5191.93],"timestamp":46073081340},
{"hands":[{"direction":[-0.132817,0.0198379,-0.821761],"id":5,"palmNormal":[0.564955,-0.580042,-0.173588],"palmPosition":[-259.212,346.841,52.2256],"palmVelocity":[2157.57,1094.16,1583.94],"r":[[1,0,0],[0,1,0],[0,0,1]],"s":1,"sphereCenter":[-345.521,346.397,166.523],"sphereRadius":183.874,"t":[0,0,0]},{"direction":[0.157945,0.355951,-0.690491],"id":1,"palmNormal":[0.676661,-0.384997,0.0753011],"palmPosition":[-243.149,355.565,153.754],"palmVelocity":[-1686.72,-228.765,6157.73],"r":[[1,0,0],[0,1,0],[0,0,1]],"s":1,"sphereCenter":[-286.562,391.157,105.913],"sphereRadius":163.929,"t":[-3.11975,-0.423124,11.3893]}],"id":177063,"pointables":[],"r":[[-0.566712,0.0294816,0.823388],[-0.703434,0.503006,-0.502161],[-0.428974,-0.86378,-0.264321]],"s":1070.44,"t":[-3034.91,-15604.9,5198.92],"timestamp":46073090588},
{"hands":[{"direction":[-0.0949439,0.0985875,-0.838713],"id":5,"palmNormal":[0.406367,-0.683271,-0.248969],"palmPosition":[-309.889,344.521,30.6321],"palmVelocity":[-5281.04,-241.778,-2250.26],"r":[[1,0,0],[0,1,0],[0,0,1]],"s":1,"sphereCenter":[-365.155,354.538,148.055],"sphereRadius":180.69,"t":[-10.1354,-0.46402,-4.31869]}],"id":177065,"pointables":[],"r":[[-0.528854,0.118491,0.840401],[-0.679112,0.534824,-0.502763],[-0.509039,-0.836614,-0.202375]],"s":1070.44,"t":[-3042.63,-15605.2,5200.2],"timestamp":46073100184},
{"hands":[{"direction":[-0.0162437,0.00408716,-0.845717],"id":5,"palmNormal":[0.437719,-0.692331,-0.0205665],"palmPosition":[-309.925,333.873,24.4193],"palmVelocity":[-3.81823,-1135.58,-662.561],"r":[[1,0,0],[0,1,0],[0,0,1]],"s":1,"sphereCenter":[-357.237,346.929,138.789],"sphereRadius":168.363,"t":[-18.2508,-2.9649,-9.01622]}],"id":177067,"pointables":[],"r":[[-0.493501,0.18742,0.849312],[-0.657301,0.559119,-0.505314],[-0.569572,-0.807626,-0.152734]],"s":1070.44,"t":[-3048.81,-15607.6,5199.98],"timestamp":46073109561},
{"hands":[{"direction":[-0.122982,-0.0315164,-0.838931],"id":5,"palmNormal":[0.506019,-0.691459,-0.107826],"palmPosition":[-305.123,332.353,25.4554],"palmVelocity":[532.519,-168.469,114.891],"r":[[1,0,0],[0,1,0],[0,0,1]],"s":1,"sphereCenter":[-349.104,343.384,125.878],"sphereRadius":152.557,"t":[-23.7828,-5.26946,-12.567]},{"direction":[0.203224,0.366983,-0.716623],"id":1,"palmNormal":[0.74811,-0.365218,0.13484],"palmPosition":[-230.35,363.155,123.195],"palmVelocity":[457.255,271.176,-1091.74],"r":[[1,0,0],[0,1,0],[0,0,1]],"s":1,"sphereCenter":[-271.48,387.466,115.591],"sphereRadius":152.399,"t":[0,0,0]}],"id":177069,"pointables":[],"r":[[-0.484215,0.20877,0.849677],[-0.653209,0.559836,-0.509806],[-0.582112,-0.801872,-0.13471]],"s":1070.4,"t":[-3052,-15608.9,5196.85],"timestamp":46073118579},
{"hands":[{"direction":[-0.104824,-0.144617,-0.830019],"id":5,"palmNormal":[0.564853,-0.65769,0.053864],"palmPosition":[-311.117,321.259,18.3001],"palmVelocity":[-624.405,-1155.58,-745.261],"r":[[1,0,0],[0,1,0],[0,0,1]],"s":1,"sphereCenter":[-342.422,335.743,107.119],"sphereRadius":133.867,"t":[-29.4073,-9.33206,-16.8387]},{"direction":[0.212461,0.347771,-0.758121],"id":1,"palmNormal":[0.802262,-0.35896,0.139583],"palmPosition":[-220.537,360.815,112.531],"palmVelocity":[1022.12,-243.727,-1110.68],"r":[[1,0,0],[0,1,0],[0,0,1]],"s":1,"sphereCenter":[-245.154,377.242,109.023],"sphereRadius":144.212,"t":[1.96267,-0.468004,-2.13272]}],"id":177071,"pointables":[],"r":[[-0.487355,0.20925,0.847761],[-0.65655,0.552272,-0.513748],[-0.575697,-0.806976,-0.131769]],"s":1070.4,"t":[-3054.16,-15611.2,5192.56],"timestamp":46073128180},
{"hands":[{"direction":[-0.176913,-0.0778541,-0.835144],"id":5,"palmNormal":[0.633219,-0.557942,-0.11804],"palmPosition":[-297.664,315.106,17.0696],"palmVelocity":[1453.44,-664.715,-132.941],"r":[[1,0,0],[0,1,0],[0,0,1]],"s":1,"sphereCenter":[-339.482,332.573,112.953],"sphereRadius":136.44,"t":[-31.2163,-13.8127,-20.5022]}],"id":177073,"pointables":[],"r":[[-0.489848,0.209581,0.846241],[-0.659184,0.546212,-0.516845],[-0.570548,-0.811005,-0.129409]],"s":1070.39,"t":[-3053.2,-15614.4,5188.89],"timestamp":46073137436},
{"hands":[{"direction":[-0.220615,0.0626633,-0.799257],"id":5,"palmNormal":[0.579319,-0.532873,-0.310884],"palmPosition":[-307.269,317.007,14.1246],"palmVelocity":[-1036.22,205.08,-317.722],"r":[[1,0,0],[0,1,0],[0,0,1]],"s":1,"sphereCenter":[-343.54,332.52,119.542],"sphereRadius":143.385,"t":[-34.5845,-17.017,-24.0219]}],"id":177075,"pointables":[],"r":[[-0.491831,0.209812,0.845033],[-0.661266,0.541358,-0.519287],[-0.566419,-0.814193,-0.127515]],"s":1070.39,"t":[-3054.36,-15616.5,5185.36],"timestamp":46073146705},
{"hands":[{"direction":[-0.248663,0.124056,-0.809171],"id":5,"palmNormal":[0.626806,-0.505293,-0.372151],"palmPosition":[-307.976,313.924,11.6915],"palmVelocity":[-76.6172,-334.265,-263.783],"r":[[1,0,0],[0,1,0],[0,0,1]],"s":1,"sphereCenter":[-347.229,333.69,126.417],"sphereRadius":150.117,"t":[-37.4203,-20.197,-27.3243]}],"id":177077,"pointables":[],"r":[[-0.493409,0.209976,0.844072],[-0.662915,0.537473,-0.521217],[-0.563108,-0.816721,-0.125998]],"s":1070.39,"t":[-3055.42,-15618.8,5182.05],"timestamp":46073155929},
{"hands":[{"direction":[0.250393,0.327905,-0.781775],"id":1,"palmNormal":[0.824863,-0.364228,0.188711],"palmPosition":[-223.262,368.054,88.8327],"palmVelocity":[-73.0919,194.214,-635.791],"r":[[1,0,0],[0,1,0],[0,0,1]],"s":1,"sphereCenter":[-253.814,379.262,120.364],"sphereRadius":143.246,"t":[0,0,0]}],"id":177079,"pointables":[],"r":[[-0.494667,0.210093,0.843306],[-0.664224,0.534362,-0.522746],[-0.560456,-0.81873,-0.124783]],"s":1070.39,"t":[-3056.82,-15619.2,5174.66],"timestamp":46073165454},
{"hands":[{"direction":[-0.325497,0.185083,-0.773287],"id":5,"palmNormal":[0.615651,-0.422532,-0.493135],"palmPosition":[-297.676,315.207,16.6005],"palmVelocity":[539.723,67.2661,257.245],"r":[[1,0,0],[0,1,0],[0,0,1]],"s":1,"sphereCenter":[-355.778,332.621,122.7],"sphereRadius":150.164,"t":[0,0,0]}],"id":177081,"pointables":[],"r":[[-0.49567,0.210177,0.842696],[-0.665265,0.531872,-0.52396],[-0.558331,-0.820328,-0.12381]],"s":1070.39,"t":[-3055.88,-15619.3,5169.73],"timestamp":46073175012},
{"hands":[{"direction":[0.109302,0.354395,-0.775015],"id":1,"palmNormal":[0.801523,-0.324356,-0.0574273],"palmPosition":[-235.962,362.713,70.0572],"palmVelocity":[-673.6,-283.29,-995.785],"r":[[1,0,0],[0,1,0],[0,0,1]],"s":1,"sphereCenter":[-271.901,366.428,122.822],"sphereRadius":142.61,"t":[0,0,0]}],"id":177083,"pointables":[],"r":[[-0.49647,0.210239,0.842209],[-0.666093,0.52988,-0.524926],[-0.55663,-0.8216,-0.123031]],"s":1070.39,"t":[-3057.66,-15620.4,5162.04],"timestamp":46073184309},
{"hands":[{"direction":[-0.311955,0.278551,-0.759239],"id":5,"palmNormal":[0.575889,-0.457999,-0.552832],"palmPosition":[-292.88,330.395,28.4785],"palmVelocity":[259.056,820.238,641.499],"r":[[1,0,0],[0,1,0],[0,0,1]],"s":1,"sphereCenter":[-346.678,328.674,164.075],"sphereRadius":180.081,"t":[0,0,0]}],"id":177085,"pointables":[],"r":[[-0.497109,0.210285,0.841821],[-0.666753,0.528286,-0.525694],[-0.555267,-0.822614,-0.122408]],"s":1070.39,"t":[-3058.13,-15618.3,5158.25],"timestamp":46073193528},
{"hands":[{"direction":[-0.256764,0.144183,-0.788906],"id":5,"palmNormal":[0.599665,-0.531457,-0.293458],"palmPosition":[-308.218,322.932,21.9036],"palmVelocity":[-1652.44,-803.956,-708.354],"r":[[1,0,0],[0,1,0],[0,0,1]],"s":1,"sphereCenter":[-338.567,323.691,136.136],"sphereRadius":154.81,"t":[-3.06759,-1.49246,-1.31499]},{"direction":[0.154177,0.333759,-0.800655],"id":1,"palmNormal":[0.825632,-0.35402,0.0254353],"palmPosition":[-229.4,363.59,101.534],"palmVelocity":[354.692,47.4439,1701.38],"r":[[1,0,0],[0,1,0],[0,0,1]],"s":1,"sphereCenter":[-259.512,367.483,116.002],"sphereRadius":132.519,"t":[0,0,0]}],"id":177087,"pointables":[],"r":[[-0.490066,0.226717,0.841686],[-0.658459,0.536445,-0.527881],[-0.571198,-0.812912,-0.113609]],"s":1070.53,"t":[-3059.39,-15617.2,5157.72],"timestamp":46073202810},
{"hands":[{"direction":[-0.264546,0.158585,-0.816911],"id":5,"palmNormal":[0.551739,-0.625134,-0.306745],"palmPosition":[-314.178,340.039,26.7426],"palmVelocity":[-627.782,1801.84,509.69],"r":[[1,0,0],[0,1,0],[0,0,1]],"s":1,"sphereCenter":[-345.023,339.665,115.534],"sphereRadius":143.849,"t":[-6.7137,0.734891,-1.39918]},{"direction":[0.296758,0.302429,-0.730617],"id":1,"palmNormal":[0.71698,-0.362849,0.264088],"palmPosition":[-238.876,363.173,148.927],"palmVelocity":[-998.108,-44.0051,4991.86],"r":[[1,0,0],[0,1,0],[0,0,1]],"s":1,"sphereCenter":[-255.04,357.795,146.1],"sphereRadius":132.474,"t":[-1.89521,-0.0835568,9.47854]}],"id":177089,"pointables":[],"r":[[-0.471888,0.273534,0.838153],[-0.62774,0.563292,-0.537256],[-0.619083,-0.779667,-0.0941024]],"s":1070.69,"t":[-3061.93,-15614.7,5162.51],"timestamp":46073212304},
{"hands":[{"direction":[-0.29185,-0.0161635,-0.76975],"id":5,"palmNormal":[0.365724,-0.626171,0.0440485],"palmPosition":[-337.866,343.194,22.7467],"palmVelocity":[-2555.64,340.334,-431.094],"r":[[1,0,0],[0,1,0],[0,0,1]],"s":1,"sphereCenter":[-360.685,346.399,99.2756],"sphereRadius":142.379,"t":[-14.3682,3.14769,-2.2657]},{"direction":[0.389472,0.229661,-0.710864],"id":1,"palmNormal":[0.673907,-0.354763,0.410081],"palmPosition":[-226.905,349.507,143.105],"palmVelocity":[1291.56,-1474.33,-628.097],"r":[[1,0,0],[0,1,0],[0,0,1]],"s":1,"sphereCenter":[-241.469,351.828,138.012],"sphereRadius":123.233,"t":[-1.01707,-2.88352,15.897]}],"id":177091,"pointables":[],"r":[[-0.486143,0.295204,0.822508],[-0.583737,0.590731,-0.557035],[-0.65032,-0.750927,-0.114858]],"s":1070.84,"t":[-3065.14,-15613.8,5165.37],"timestamp":46073221573},
{"hands":[{"direction":[-0.197228,-0.141905,-0.766095],"id":5,"palmNormal":[0.251685,-0.67009,0.239441],"palmPosition":[-331.112,346.132,25.3062],"palmVelocity":[730.906,317.958,276.972],"r":[[1,0,0],[0,1,0],[0,0,1]],"s":1,"sphereCenter":[-369.815,352.657,89.2932],"sphereRadius":140.52,"t":[-19.141,5.66557,-2.44701]}],"id":177093,"pointables":[],"r":[[-0.496417,0.312869,0.809743],[-0.547416,0.611122,-0.571722],[-0.673725,-0.727078,-0.132102]],"s":1070.94,"t":[-3066.36,-15612.4,5168.16],"timestamp":46073230814},
{"hands":[{"direction":[0.276514,0.255264,-0.750371],"id":1,"palmNormal":[0.711198,-0.395816,0.174782],"palmPosition":[-235.452,361.138,89.4465],"palmVelocity":[-459.979,625.932,-2887.83],"r":[[1,0,0],[0,1,0],[0,0,1]],"s":1,"sphereCenter":[-269.974,354.824,181.714],"sphereRadius":166.116,"t":[0,0,0]}],"id":177095,"pointables":[],"r":[[-0.503907,0.327173,0.799397],[-0.517719,0.626418,-0.582725],[-0.691408,-0.707502,-0.146272]],"s":1071.02,"t":[-3069.04,-15609,5159.67],"timestamp":46073240154},
{"hands":[{"direction":[0.187736,0.219251,-0.795518],"id":1,"palmNormal":[0.743416,-0.441997,0.0636987],"palmPosition":[-246.627,360.892,69.5799],"palmVelocity":[-1198.59,-26.3355,-2130.7],"r":[[1,0,0],[0,1,0],[0,0,1]],"s":1,"sphereCenter":[-291.711,352.184,165.371],"sphereRadius":158.868,"t":[-2.23514,-0.0491104,-3.97333]}],"id":177097,"pointables":[],"r":[[-0.509428,0.338708,0.79105],[-0.493591,0.637996,-0.591041],[-0.704877,-0.691548,-0.15783]],"s":1071.07,"t":[-3073.42,-15606.3,5148.9],"timestamp":46073249478},
{"hands":[{"direction":[0.011884,-0.0521257,-0.699044],"id":5,"palmNormal":[0.335913,-0.564649,0.411056],"palmPosition":[-252.248,348.894,114.268],"palmVelocity":[2794.69,97.8843,3152.56],"r":[[1,0,0],[0,1,0],[0,0,1]],"s":1,"sphereCenter":[-331.738,353.746,95.2439],"sphereRadius":129.582,"t":[0,0,0]},{"direction":[-0.0235827,0.213837,-0.721286],"id":1,"palmNormal":[0.617918,-0.411433,-0.22724],"palmPosition":[-251.641,365.623,70.8715],"palmVelocity":[-524.695,495.141,135.184],"r":[[1,0,0],[0,1,0],[0,0,1]],"s":1,"sphereCenter":[-315.944,361.161,188.652],"sphereRadius":184.924,"t":[-5.02594,0.857815,-6.89365]}],"id":177099,"pointables":[],"r":[[-0.687537,0.187747,0.701458],[-0.49025,0.592594,-0.63913],[-0.535675,-0.783316,-0.315387]],"s":1070.95,"t":[-3069.54,-15603.4,5149.3],"timestamp":46073259033},
{"hands":[{"direction":[0.174484,-0.0137189,-0.666782],"id":5,"palmNormal":[0.401797,-0.49921,0.518469],"palmPosition":[-234.097,350.842,138.184],"palmVelocity":[1956.35,209.919,2577.67],"r":[[1,0,0],[0,1,0],[0,0,1]],"s":1,"sphereCenter":[-315.56,359.354,97.9792],"sphereRadius":125.27,"t":[3.63019,0.389525,4.78312]},{"direction":[-0.0836233,0.1547,-0.764119],"id":1,"palmNormal":[0.637223,-0.503914,-0.210351],"palmPosition":[-287.781,340.71,28.3461],"palmVelocity":[-3895.31,-2685.19,-4583.47],"r":[[1,0,0],[0,1,0],[0,0,1]],"s":1,"sphereCenter":[-323.54,357.262,167.028],"sphereRadius":170.137,"t":[-14.4867,-3.39928,-17.735]}],"id":177101,"pointables":[],"r":[[-0.787053,0.0159888,0.616679],[-0.521873,0.515779,-0.679427],[-0.328933,-0.856572,-0.397601]],"s":1071.27,"t":[-3068.23,-15603.4,5147.77],"timestamp":46073268311},
{"hands":[{"direction":[0.1123,0.04729,-0.721302],"id":5,"palmNormal":[0.552099,-0.460527,0.282951],"palmPosition":[-230.706,355.061,108.555],"palmVelocity":[361.861,450.208,-3161.76],"r":[[1,0,0],[0,1,0],[0,0,1]],"s":1,"sphereCenter":[-307.603,362.641,111.315],"sphereRadius":128.638,"t":[7.21255,1.54492,2.68385]}],"id":177103,"pointables":[],"r":[[-0.825412,-0.124175,0.550705],[-0.542347,0.445202,-0.712499],[-0.156701,-0.886778,-0.434821]],"s":1071.51,"t":[-3066.51,-15602.5,5140.62],"timestamp":46073277682},
{"hands":[{"direction":[-0.132911,-0.045548,-0.689506],"id":1,"palmNormal":[0.448772,-0.477636,0.137694],"palmPosition":[-308.375,335.638,25.2075],"palmVelocity":[-1107.9,-272.874,-168.853],"r":[[1,0,0],[0,1,0],[0,0,1]],"s":1,"sphereCenter":[-342.604,353.125,170.577],"sphereRadius":180.661,"t":[0,0,0]}],"id":177105,"pointables":[],"r":[[-0.831931,-0.234632,0.502831],[-0.554503,0.384927,-0.737806],[-0.0204402,-0.892625,-0.450337]],"s":1071.68,"t":[-3069.25,-15602.9,5134.27],"timestamp":46073286899},
{"hands":[{"direction":[-0.159999,0.150923,-0.578638],"id":1,"palmNormal":[0.341382,-0.361579,-0.210001],"palmPosition":[-281.917,344.025,43.1173],"palmVelocity":[2786.21,883.237,1886.04],"r":[[1,0,0],[0,1,0],[0,0,1]],"s":1,"sphereCenter":[-335.207,355.35,134.654],"sphereRadius":164.782,"t":[5.29157,1.67744,3.58197]}],"id":177107,"pointables":[],"r":[[-0.823291,-0.320271,0.468634],[-0.561178,0.335228,-0.75677],[0.0852719,-0.88603,-0.455719]],"s":1071.81,"t":[-3066.15,-15601.5,5132.77],"timestamp":46073296395},
{"hands":[{"direction":[0.266362,0.0889112,-0.651058],"id":5,"palmNormal":[0.519596,-0.469603,0.426671],"palmPosition":[-242.3,350.1,150.508],"palmVelocity":[-410.975,-175.856,1487.17],"r":[[1,0,0],[0,1,0],[0,0,1]],"s":1,"sphereCenter":[-309.022,376.277,105.47],"sphereRadius":132.067,"t":[0,0,0]},{"direction":[-0.200804,0.122306,-0.647483],"id":1,"palmNormal":[0.436638,-0.46936,-0.225883],"palmPosition":[-296.119,333.79,28.6542],"palmVelocity":[-1495.39,-1077.65,-1522.91],"r":[[1,0,0],[0,1,0],[0,0,1]],"s":1,"sphereCenter":[-337.407,350.043,114.507],"sphereRadius":145.85,"t":[6.68449,0.972502,3.55493]}],"id":177109,"pointables":[],"r":[[-0.812921,-0.357738,0.459547],[-0.565649,0.297265,-0.769204],[0.138566,-0.885244,-0.444007]],"s":1072.04,"t":[-3066.25,-15601.8,5134.32],"timestamp":46073305892},
{"hands":[{"direction":[-0.112637,-0.0066287,-0.680602],"id":1,"palmNormal":[0.355328,-0.573656,0.0249657],"palmPosition":[-323.992,331.987,19.4189],"palmVelocity":[-3089.87,-199.922,-1023.75],"r":[[1,0,0],[0,1,0],[0,0,1]],"s":1,"sphereCenter":[-345.368,351.396,103.492],"sphereRadius":138.122,"t":[2.22407,0.0478501,1.68624]}],"id":177111,"pointables":[],"r":[[-0.802811,-0.38724,0.453364],[-0.568402,0.26747,-0.778061],[0.180035,-0.882329,-0.434836]],"s":1072.21,"t":[-3071.91,-15602.5,5133.72],"timestamp":46073314913},
{"hands":[{"direction":[0.155867,0.210486,-0.648523],"id":5,"palmNormal":[0.518718,-0.461189,0.0720508],"palmPosition":[-243.128,351.686,106.067],"palmVelocity":[-45.0567,86.306,-2418.42],"r":[[1,0,0],[0,1,0],[0,0,1]],"s":1,"sphereCenter":[-320.375,371.178,146.059],"sphereRadius":162.37,"t":[0,0,0]}],"id":177113,"pointables":[],"r":[[-0.793647,-0.410466,0.449045],[-0.570085,0.244032,-0.784507],[0.212432,-0.878616,-0.427676]],"s":1072.33,"t":[-3076.6,-15602.7,5124.34],"timestamp":46073324268},
{"hands":[{"direction":[0.00523546,0.239588,-0.659048],"id":5,"palmNormal":[0.562216,-0.397096,-0.166213],"palmPosition":[-253.009,354.15,72.8392],"palmVelocity":[-1035.56,258.289,-3482.29],"r":[[1,0,0],[0,1,0],[0,0,1]],"s":1,"sphereCenter":[-325.075,363.386,137.584],"sphereRadius":153.423,"t":[-1.97626,0.492918,-6.64561]}],"id":177115,"pointables":[],"r":[[-0.785668,-0.428773,0.445959],[-0.571103,0.225549,-0.789284],[0.237838,-0.874804,-0.42208]],"s":1072.42,"t":[-3082.33,-15602.4,5110.2],"timestamp":46073333810},
{"hands":[{"direction":[-0.0944939,-0.183085,-0.639898],"id":1,"palmNormal":[0.245973,-0.5433,0.301815],"palmPosition":[-330.149,352.015,35.713],"palmVelocity":[-217.478,707.521,575.62],"r":[[1,0,0],[0,1,0],[0,0,1]],"s":1,"sphereCenter":[-353.668,337.702,220.486],"sphereRadius":240.475,"t":[0,0,0]}],"id":177117,"pointables":[],"r":[[-0.778891,-0.443227,0.443709],[-0.57171,0.210938,-0.792876],[0.257829,-0.871237,-0.417696]],"s":1072.48,"t":[-3088.14,-15598.2,5102.14],"timestamp":46073343220},
{"hands":[{"direction":[-0.0734676,0.281468,-0.686695],"id":5,"palmNormal":[0.573879,-0.438932,-0.299729],"palmPosition":[-255.965,362.555,71.2948],"palmVelocity":[-161.043,457.924,-84.1469],"r":[[1,0,0],[0,1,0],[0,0,1]],"s":1,"sphereCenter":[-333.473,364.992,170.311],"sphereRadius":180.189,"t":[0,0,0]}],"id":177119,"pointables":[],"r":[[-0.773228,-0.454662,0.442043],[-0.572066,0.199365,-0.79561],[0.273605,-0.868065,-0.414251]],"s":1072.53,"t":[-3093.38,-15593.1,5095.39],"timestamp":46073352164},
