[
{"hands":[{"direction":[0.0394804,0.801316,-0.458727],"id":5,"palmNormal":[0.221917,-0.37521,-0.80202],"palmPosition":[-133.727,431.271,222.073],"palmVelocity":[298.285,-128.787,236.885],"r":[[1,0,0],[0,1,0],[0,0,1]],"s":1,"sphereCenter":[-67.9384,442.47,156.315],"sphereRadius":120.269,"t":[-6.33394,-4.00138,-3.75548]},{"direction":[0.301502,0.711011,-0.593898],"id":2,"palmNormal":[-0.520635,-0.400216,-0.701852],"palmPosition":[293.282,367.674,192.893],"palmVelocity":[-74.1036,-866.377,629.456],"r":[[1,0,0],[0,1,0],[0,0,1]],"s":1,"sphereCenter":[296.957,364.707,201.755],"sphereRadius":79.5417,"t":[-0.719863,-2.07913,0.331449]}],"id":234402,"pointables":[],"r":[[0.592234,0.805752,0.00478072],[0.799826,-0.587138,-0.124689],[-0.0976613,0.0776687,-0.992184]],"s":1074.47,"t":[-2757.85,-15732.6,3948.45],"timestamp":46342553862},
{"hands":[{"direction":[0.00691031,0.835568,-0.412529],"id":5,"palmNormal":[0.31963,-0.299231,-0.816375],"palmPosition":[-134.341,426.655,225.883],"palmVelocity":[-65.4878,-492.342,406.347],"r":[[1,0,0],[0,1,0],[0,0,1]],"s":1,"sphereCenter":[-74.0438,433.826,156.818],"sphereRadius":115.887,"t":[-6.94232,-6.55554,-3.04819]},{"direction":[0.368513,0.724628,-0.496175],"id":2,"palmNormal":[-0.399109,-0.280984,-0.797117],"palmPosition":[296.35,374.633,191.106],"palmVelocity":[327.253,742.179,-190.577],"r":[[1,0,0],[0,1,0],[0,0,1]],"s":1,"sphereCenter":[304.417,366.905,214.027],"sphereRadius":84.7165,"t":[-0.421854,-2.12468,0.599074]}],"id":234404,"pointables":[],"r":[[0.582949,0.812499,0.00399868],[0.806416,-0.577969,-0.125079],[-0.0993154,0.0761393,-0.992139]],"s":1074.44,"t":[-2770,-15732.5,3948.92],"timestamp":46342563238},
{"hands":[{"direction":[0.0213679,0.757826,-0.511205],"id":5,"palmNormal":[0.332997,-0.479254,-0.681036],"palmPosition":[-135.343,436.532,222.589],"palmVelocity":[-106.88,1053.73,-351.402],"r":[[1,0,0],[0,1,0],[0,0,1]],"s":1,"sphereCenter":[-89.5912,433.778,172.811],"sphereRadius":99.699,"t":[-7.62938,-6.62354,-3.14111]},{"direction":[0.297221,0.738616,-0.520514],"id":2,"palmNormal":[-0.277266,-0.391188,-0.795191],"palmPosition":[302.179,386.422,189.25],"palmVelocity":[621.876,1257.79,-198.024],"r":[[1,0,0],[0,1,0],[0,0,1]],"s":1,"sphereCenter":[307.664,378.881,216.283],"sphereRadius":83.7035,"t":[0.982322,0.196746,0.441958]}],"id":234406,"pointables":[],"r":[[0.574664,0.818378,0.00432589],[0.812249,-0.569698,-0.12528],[-0.100062,0.0755075,-0.992112]],"s":1074.42,"t":[-2779.24,-15730.2,3948.79],"timestamp":46342572611},
{"hands":[],"id":234408,"pointables":[],"r":[[0.568114,0.822938,0.00450581],[0.816772,-0.563171,-0.125388],[-0.100649,0.0749148,-0.992098]],"s":1074.41,"t":[-2786.63,-15728.5,3948.68],"timestamp":46342582171},
{"hands":[{"direction":[-0.019922,0.804556,-0.423813],"id":5,"palmNormal":[0.36509,-0.322865,-0.755389],"palmPosition":[-137.685,447.544,226.93],"palmVelocity":[-125.423,589.746,232.454],"r":[[1,0,0],[0,1,0],[0,0,1]],"s":1,"sphereCenter":[-104.58,444.222,187.059],"sphereRadius":91.0745,"t":[0,0,0]},{"direction":[0.157543,0.669401,-0.587039],"id":2,"palmNormal":[-0.414048,-0.502971,-0.548233],"palmPosition":[296.995,375.058,190.475],"palmVelocity":[-277.571,-608.565,65.5898],"r":[[1,0,0],[0,1,0],[0,0,1]],"s":1,"sphereCenter":[293.706,368.425,208.557],"sphereRadius":83.6857,"t":[0,0,0]}],"id":234410,"pointables":[],"r":[[0.571543,0.820568,0.00243598],[0.814216,-0.566745,-0.125903],[-0.101932,0.0739425,-0.99204]],"s":1074.4,"t":[-2793.3,-15727.1,3949.15],"timestamp":46342591285},
{"hands":[{"direction":[-0.018618,0.845498,-0.326363],"id":5,"palmNormal":[0.270109,-0.201356,-0.835852],"palmPosition":[-141.05,468.528,228.095],"palmVelocity":[-358.022,2232.52,123.993],"r":[[1,0,0],[0,1,0],[0,0,1]],"s":1,"sphereCenter":[-127.439,470.562,204.53],"sphereRadius":94.6032,"t":[-0.673009,4.19669,0.233083]},{"direction":[0.0653824,0.534326,-0.665596],"id":2,"palmNormal":[-0.421383,-0.633919,-0.331241],"palmPosition":[295.385,371.885,188.143],"palmVelocity":[-171.39,-337.55,-248.074],"r":[[1,0,0],[0,1,0],[0,0,1]],"s":1,"sphereCenter":[284.207,356.611,204.692],"sphereRadius":87.2527,"t":[-0.322178,-0.634527,-0.46633]}],"id":234412,"pointables":[],"r":[[0.582805,0.812612,-0.0011062],[0.805983,-0.578223,-0.126689],[-0.103588,0.0729432,-0.991942]],"s":1074.4,"t":[-2799.12,-15724.2,3949.41],"timestamp":46342600684},
{"hands":[{"direction":[-0.0739748,0.639401,-0.480081],"id":6,"palmNormal":[0.529451,-0.303251,-0.591504],"palmPosition":[-138.519,498.54,224.997],"palmVelocity":[-26.9653,-40.8162,63.5536],"r":[[1,0,0],[0,1,0],[0,0,1]],"s":1,"sphereCenter":[-142.66,480.265,224.547],"sphereRadius":89.4809,"t":[0,0,0]},{"direction":[-0.0119882,0.453401,-0.723706],"id":2,"palmNormal":[-0.509564,-0.66307,-0.185414],"palmPosition":[295.956,376.306,188.365],"palmVelocity":[60.1507,465.292,23.4033],"r":[[1,0,0],[0,1,0],[0,0,1]],"s":1,"sphereCenter":[290.798,359.246,214.127],"sphereRadius":87.0691,"t":[-0.465635,-0.258093,-0.794927]}],"id":234414,"pointables":[],"r":[[0.588007,0.80884,-0.00515522],[0.801991,-0.583833,-0.126293],[-0.105161,0.0701268,-0.99198]],"s":1074.4,"t":[-2804.01,-15721.8,3950.29],"timestamp":46342610184},
{"hands":[{"direction":[-0.0140055,0.877432,-0.273227],"id":5,"palmNormal":[0.236924,-0.158516,-0.884934],"palmPosition":[-138.007,465.978,226.133],"palmVelocity":[161.957,-135.731,-104.438],"r":[[1,0,0],[0,1,0],[0,0,1]],"s":1,"sphereCenter":[-129.584,468.474,203.809],"sphereRadius":86.5067,"t":[0,0,0]},{"direction":[-0.0484225,0.423624,-0.767545],"id":2,"palmNormal":[-0.552428,-0.69538,-0.166111],"palmPosition":[295.916,375.118,189.61],"palmVelocity":[-4.35163,-127.877,134.035],"r":[[1,0,0],[0,1,0],[0,0,1]],"s":1,"sphereCenter":[288.321,358.267,210.572],"sphereRadius":82.8048,"t":[-0.588483,-0.194491,-0.808822]}],"id":234416,"pointables":[],"r":[[0.592,0.805909,-0.00673643],[0.798978,-0.587964,-0.12622],[-0.105683,0.0693403,-0.991979]],"s":1074.4,"t":[-2807.62,-15720.3,3950.93],"timestamp":46342619472},
{"hands":[{"direction":[-0.0528869,0.898724,-0.226838],"id":5,"palmNormal":[0.29669,-0.0936338,-0.892946],"palmPosition":[-139.396,456.807,231.568],"palmVelocity":[-152.683,-1008.01,597.405],"r":[[1,0,0],[0,1,0],[0,0,1]],"s":1,"sphereCenter":[-125.797,465.632,197.396],"sphereRadius":86.9718,"t":[-0.277822,-1.83418,1.08704]},{"direction":[0.00823616,0.488171,-0.742074],"id":2,"palmNormal":[-0.541921,-0.620679,-0.348447],"palmPosition":[295.271,374.74,187.569],"palmVelocity":[-70.8664,-41.5082,-224.391],"r":[[1,0,0],[0,1,0],[0,0,1]],"s":1,"sphereCenter":[291.043,358.285,211.539],"sphereRadius":80.1198,"t":[-0.81571,-0.219137,-1.22824]}],"id":234418,"pointables":[],"r":[[0.591606,0.806161,-0.0103112],[0.799084,-0.588015,-0.12531],[-0.107083,0.0658943,-0.992064]],"s":1074.4,"t":[-2810.7,-15720.1,3951.77],"timestamp":46342628570},
{"hands":[{"direction":[-0.0679001,0.916035,-0.210468],"id":5,"palmNormal":[0.245642,-0.106058,-0.922367],"palmPosition":[-138.556,459.479,228.839],"palmVelocity":[89.5696,284.907,-291.015],"r":[[1,0,0],[0,1,0],[0,0,1]],"s":1,"sphereCenter":[-128.987,465.209,196.775],"sphereRadius":83.6711,"t":[-0.332065,-2.7671,1.41078]},{"direction":[0.0370125,0.588568,-0.631728],"id":2,"palmNormal":[-0.377144,-0.484211,-0.558359],"palmPosition":[299.778,383.028,186.395],"palmVelocity":[480.578,883.617,-125.108],"r":[[1,0,0],[0,1,0],[0,0,1]],"s":1,"sphereCenter":[298.345,370.982,218.931],"sphereRadius":83.6607,"t":[-0.0960235,1.41863,-1.79845]}],"id":234420,"pointables":[],"r":[[0.589147,0.80794,-0.0117992],[0.800836,-0.585786,-0.124566],[-0.107554,0.0639386,-0.992141]],"s":1074.4,"t":[-2812.64,-15718.8,3952.06],"timestamp":46342637949},
{"hands":[{"direction":[-0.0669538,0.916503,-0.248427],"id":5,"palmNormal":[0.386241,-0.155157,-0.848614],"palmPosition":[-136.476,447.171,231.999],"palmVelocity":[218.918,-1295.6,332.676],"r":[[1,0,0],[0,1,0],[0,0,1]],"s":1,"sphereCenter":[-125.394,455.146,204.406],"sphereRadius":79.095,"t":[0.0404836,-5.97508,2.30186]},{"direction":[-0.129644,0.596865,-0.538592],"id":2,"palmNormal":[-0.276356,-0.44605,-0.681318],"palmPosition":[298.645,378.774,185.527],"palmVelocity":[-119.234,-447.775,-91.4257],"r":[[1,0,0],[0,1,0],[0,0,1]],"s":1,"sphereCenter":[304.171,378.792,220.328],"sphereRadius":85.6702,"t":[0.253181,1.87808,-2.42833]}],"id":234422,"pointables":[],"r":[[0.584241,0.811454,-0.0143037],[0.804295,-0.581263,-0.12346],[-0.108496,0.0606258,-0.992247]],"s":1074.39,"t":[-2814.1,-15719.4,3952.52],"timestamp":46342647449},
{"hands":[{"direction":[0.0220991,0.883517,-0.310608],"id":5,"palmNormal":[0.431901,-0.318904,-0.75136],"palmPosition":[-136.607,455.301,228.993],"palmVelocity":[-14.1973,887.454,-328.164],"r":[[1,0,0],[0,1,0],[0,0,1]],"s":1,"sphereCenter":[-126.51,455.754,210.678],"sphereRadius":74.3574,"t":[0.312511,-6.91546,2.41346]},{"direction":[-0.0360749,0.668868,-0.402615],"id":2,"palmNormal":[-0.119983,-0.282001,-0.779802],"palmPosition":[295.527,369.762,170.87],"palmVelocity":[-340.418,-983.672,-1599.95],"r":[[1,0,0],[0,1,0],[0,0,1]],"s":1,"sphereCenter":[297.922,362.988,197.294],"sphereRadius":85.0103,"t":[-0.0911697,0.44335,-5.86366]}],"id":234424,"pointables":[],"r":[[0.586062,0.809967,-0.0220322],[0.802484,-0.583978,-0.122433],[-0.112033,0.0540731,-0.992232]],"s":1074.39,"t":[-2815.58,-15720,3951.12],"timestamp":46342656610},
{"hands":[{"direction":[-0.0471512,0.712709,-0.409827],"id":6,"palmNormal":[0.523735,-0.252921,-0.676337],"palmPosition":[-138.556,482.952,228.193],"palmVelocity":[-0.646411,-278.338,57.0815],"r":[[1,0,0],[0,1,0],[0,0,1]],"s":1,"sphereCenter":[-145.926,482.258,228.941],"sphereRadius":85.9637,"t":[0,0,0]},{"direction":[-0.0276473,0.588152,-0.519174],"id":2,"palmNormal":[-0.23974,-0.467972,-0.603727],"palmPosition":[294.164,370.895,179.202],"palmVelocity":[-142.331,118.222,870.058],"r":[[1,0,0],[0,1,0],[0,0,1]],"s":1,"sphereCenter":[299.117,365.684,201.845],"sphereRadius":82.1287,"t":[-0.63927,-0.477991,-6.94542]}],"id":234426,"pointables":[],"r":[[0.582074,0.81275,-0.0250305],[0.805205,-0.580413,-0.121512],[-0.113287,0.0505746,-0.992274]],"s":1074.39,"t":[-2816.91,-15721.9,3951.16],"timestamp":46342666187},
{"hands":[{"direction":[-0.00926862,0.898886,-0.300475],"id":5,"palmNormal":[0.393471,-0.282995,-0.809293],"palmPosition":[-137.27,460.517,228.75],"palmVelocity":[-35.3846,277.999,-12.9679],"r":[[1,0,0],[0,1,0],[0,0,1]],"s":1,"sphereCenter":[-128.833,458.204,208.445],"sphereRadius":73.4312,"t":[0,0,0]},{"direction":[-0.0698874,0.668611,-0.422964],"id":2,"palmNormal":[-0.2722,-0.357701,-0.713102],"palmPosition":[294.746,371.84,178.214],"palmVelocity":[63.427,102.892,-107.538],"r":[[1,0,0],[0,1,0],[0,0,1]],"s":1,"sphereCenter":[300.324,363.759,205.077],"sphereRadius":79.7032,"t":[-0.96121,-1.02601,-8.00842]}],"id":234428,"pointables":[],"r":[[0.580278,0.813944,-0.0277843],[0.806328,-0.578976,-0.12092],[-0.114508,0.0477637,-0.992273]],"s":1074.39,"t":[-2817.99,-15722.9,3951.06],"timestamp":46342675374},
{"hands":[{"direction":[-0.0596081,0.770186,-0.350823],"id":6,"palmNormal":[0.414199,-0.204018,-0.776164],"palmPosition":[-138.331,492.826,225.708],"palmVelocity":[12.0841,531.456,-133.754],"r":[[1,0,0],[0,1,0],[0,0,1]],"s":1,"sphereCenter":[-154.225,489.572,223.225],"sphereRadius":87.2339,"t":[0,0,0]},{"direction":[0.00384616,0.646259,-0.497494],"id":2,"palmNormal":[-0.346115,-0.442189,-0.681854],"palmPosition":[299.158,378.66,182.501],"palmVelocity":[469.656,726.136,456.48],"r":[[1,0,0],[0,1,0],[0,0,1]],"s":1,"sphereCenter":[304.697,372.531,206.679],"sphereRadius":77.7115,"t":[-0.33656,-0.100451,-8.00136]}],"id":234430,"pointables":[],"r":[[0.579874,0.814256,-0.0270713],[0.80663,-0.578476,-0.121298],[-0.114428,0.0485013,-0.992247]],"s":1074.39,"t":[-2818.38,-15721.9,3951.16],"timestamp":46342684766},
{"hands":[{"direction":[0.000831945,0.532544,-0.601941],"id":2,"palmNormal":[-0.447807,-0.547212,-0.478306],"palmPosition":[298.74,377.267,187.909],"palmVelocity":[-43.7872,-146.004,566.689],"r":[[1,0,0],[0,1,0],[0,0,1]],"s":1,"sphereCenter":[304.253,372.173,209.84],"sphereRadius":75.2039,"t":[0.079597,0.361362,-6.91425]}],"id":234432,"pointables":[],"r":[[0.579551,0.814505,-0.0265172],[0.806871,-0.578078,-0.121593],[-0.114367,0.0490731,-0.992226]],"s":1074.39,"t":[-2818.78,-15721.4,3952.33],"timestamp":46342694308},
{"hands":[{"direction":[-0.0206313,0.574048,-0.617514],"id":2,"palmNormal":[-0.369306,-0.591505,-0.553105],"palmPosition":[299.635,377.586,189.611],"palmVelocity":[95.4917,34.1124,181.584],"r":[[1,0,0],[0,1,0],[0,0,1]],"s":1,"sphereCenter":[310.514,374.661,216.15],"sphereRadius":81.2003,"t":[0.591588,0.79478,-5.70405]}],"id":234434,"pointables":[],"r":[[0.579292,0.814702,-0.026084],[0.807064,-0.577761,-0.121822],[-0.114319,0.0495192,-0.992209]],"s":1074.39,"t":[-2818.92,-15721,3953.6],"timestamp":46342703684},
{"hands":[{"direction":[0.0045905,0.811527,-0.261683],"id":6,"palmNormal":[0.267544,-0.108596,-0.849851],"palmPosition":[-139.083,486.724,227.75],"palmVelocity":[-26.7024,-216.668,72.4792],"r":[[1,0,0],[0,1,0],[0,0,1]],"s":1,"sphereCenter":[-156.133,486.804,238.207],"sphereRadius":88.0612,"t":[0,0,0]},{"direction":[-0.0270477,0.537197,-0.680209],"id":2,"palmNormal":[-0.271934,-0.69992,-0.500034],"palmPosition":[299.959,378.344,180.033],"palmVelocity":[35.0026,81.9023,-1035.74],"r":[[1,0,0],[0,1,0],[0,0,1]],"s":1,"sphereCenter":[307.332,374.324,200.57],"sphereRadius":73.1654,"t":[1.06592,1.293,-6.65159]}],"id":234436,"pointables":[],"r":[[0.576078,0.816837,-0.0301683],[0.809139,-0.575104,-0.120619],[-0.115876,0.0450755,-0.99224]],"s":1074.39,"t":[-2819.08,-15721.2,3953.86],"timestamp":46342712932},
{"hands":[{"direction":[-0.0265287,0.919283,-0.236916],"id":5,"palmNormal":[0.323194,-0.182162,-0.867365],"palmPosition":[-138.525,466.649,231.221],"palmVelocity":[-26.8478,131.185,52.8791],"r":[[1,0,0],[0,1,0],[0,0,1]],"s":1,"sphereCenter":[-137.15,473.173,212.74],"sphereRadius":74.882,"t":[0,0,0]},{"direction":[-0.151083,0.335694,-0.677094],"id":2,"palmNormal":[-0.129021,-0.764728,-0.191856],"palmPosition":[305.631,388.381,180.481],"palmVelocity":[617.519,1092.83,48.7612],"r":[[1,0,0],[0,1,0],[0,0,1]],"s":1,"sphereCenter":[308.224,382.71,208.082],"sphereRadius":78.6272,"t":[2.57977,3.6991,-7.32005]}],"id":234438,"pointables":[],"r":[[0.571638,0.819815,-0.0336496],[0.812105,-0.571163,-0.119409],[-0.117113,0.0409318,-0.992275]],"s":1074.4,"t":[-2818.76,-15719.7,3954.37],"timestamp":46342722117},
{"hands":[{"direction":[-0.0550406,0.910797,-0.281445],"id":5,"palmNormal":[0.411769,-0.214585,-0.831191],"palmPosition":[-137.672,455.345,232.889],"palmVelocity":[89.6543,-1187.44,175.154],"r":[[1,0,0],[0,1,0],[0,0,1]],"s":1,"sphereCenter":[-132.857,460.075,217.812],"sphereRadius":71.1434,"t":[0.170702,-2.26088,0.333492]},{"direction":[-0.113741,0.414772,-0.68236],"id":2,"palmNormal":[-0.111457,-0.742694,-0.365593],"palmPosition":[308.005,388.106,184.887],"palmVelocity":[249.446,-28.9341,462.876],"r":[[1,0,0],[0,1,0],[0,0,1]],"s":1,"sphereCenter":[311.634,384.304,202.414],"sphereRadius":78.1267,"t":[4.2658,5.5689,-6.9735]}],"id":234440,"pointables":[],"r":[[0.564236,0.824889,-0.0345927],[0.81727,-0.563985,-0.118278],[-0.117076,0.038465,-0.992378]],"s":1074.4,"t":[-2818.18,-15719.7,3955.38],"timestamp":46342731637},
{"hands":[],"id":234442,"pointables":[],"r":[[0.558284,0.828897,-0.0353481],[0.821354,-0.55821,-0.117388],[-0.117034,0.0365027,-0.992457]],"s":1074.4,"t":[-2817.72,-15719.7,3956.18],"timestamp":46342741062},
{"hands":[],"id":234444,"pointables":[],"r":[[0.553503,0.832071,-0.0359527],[0.824589,-0.553568,-0.116686],[-0.116993,0.0349399,-0.992518]],"s":1074.4,"t":[-2817.35,-15719.7,3956.83],"timestamp":46342750312},
{"hands":[],"id":234446,"pointables":[],"r":[[0.549666,0.834589,-0.0364367],[0.827157,-0.549841,-0.116131],[-0.116956,0.0336942,-0.992565]],"s":1074.4,"t":[-2817.06,-15719.7,3957.35],"timestamp":46342759684},
{"hands":[{"direction":[0.0520862,0.675739,-0.404604],"id":5,"palmNormal":[0.335363,-0.45406,-0.446859],"palmPosition":[-135.694,444.63,228.547],"palmVelocity":[53.0908,-287.662,-116.56],"r":[[1,0,0],[0,1,0],[0,0,1]],"s":1,"sphereCenter":[-128.959,447.447,219.479],"sphereRadius":68.3496,"t":[0,0,0]}],"id":234448,"pointables":[],"r":[[0.546589,0.836591,-0.036824],[0.829198,-0.546851,-0.11569],[-0.116923,0.0327006,-0.992603]],"s":1074.4,"t":[-2816.42,-15721.8,3956.89],"timestamp":46342768884},
{"hands":[{"direction":[0.0727157,0.59889,-0.516974],"id":5,"palmNormal":[0.326816,-0.608732,-0.382197],"palmPosition":[-135.486,443.784,228.689],"palmVelocity":[22.7168,-92.0349,15.4601],"r":[[1,0,0],[0,1,0],[0,0,1]],"s":1,"sphereCenter":[-129.244,445.634,220.184],"sphereRadius":65.177,"t":[0.0417626,-0.169197,0.0284219]},{"direction":[-0.00287886,0.509468,-0.598789],"id":2,"palmNormal":[-0.193516,-0.539175,-0.552586],"palmPosition":[305.749,382.046,171.099],"palmVelocity":[-48.5875,-130.5,-296.915],"r":[[1,0,0],[0,1,0],[0,0,1]],"s":1,"sphereCenter":[309.862,374.985,184.636],"sphereRadius":70.8439,"t":[0,0,0]}],"id":234450,"pointables":[],"r":[[0.545432,0.837021,-0.0435769],[0.829549,-0.546533,-0.114673],[-0.1198,0.026397,-0.992447]],"s":1074.4,"t":[-2816.12,-15724.2,3955.16],"timestamp":46342778076},
{"hands":[{"direction":[-0.00689973,0.656065,-0.48931],"id":5,"palmNormal":[0.343117,-0.492666,-0.551779],"palmPosition":[-135.981,446.039,231.579],"palmVelocity":[-51.5478,234.77,300.953],"r":[[1,0,0],[0,1,0],[0,0,1]],"s":1,"sphereCenter":[-131.01,444.303,223.899],"sphereRadius":62.6815,"t":[-0.02383,0.146344,0.629171]}],"id":234452,"pointables":[],"r":[[0.544494,0.837335,-0.0489615],[0.829832,-0.546273,-0.113864],[-0.122089,0.0213685,-0.992289]],"s":1074.4,"t":[-2815.98,-15725.7,3954.36],"timestamp":46342787679},
{"hands":[],"id":234454,"pointables":[],"r":[[0.543734,0.837566,-0.0532579],[0.830059,-0.546061,-0.113221],[-0.123912,0.017355,-0.992141]],"s":1074.41,"t":[-2815.87,-15726.8,3953.72],"timestamp":46342797079},
{"hands":[{"direction":[-0.0883026,0.824326,-0.252785],"id":6,"palmNormal":[0.315155,-0.0803169,-0.87059],"palmPosition":[-139.443,480.294,233.654],"palmVelocity":[-3.85485,-68.8952,63.2625],"r":[[1,0,0],[0,1,0],[0,0,1]],"s":1,"sphereCenter":[-156.437,485.744,249.641],"sphereRadius":85.1284,"t":[0,0,0]},{"direction":[0.0205981,0.295715,-0.652781],"id":2,"palmNormal":[-0.180508,-0.646058,-0.204196],"palmPosition":[302.585,377.246,181.354],"palmVelocity":[-112.237,-170.29,363.833],"r":[[1,0,0],[0,1,0],[0,0,1]],"s":1,"sphereCenter":[301.389,373.671,177.455],"sphereRadius":80.0137,"t":[0,0,0]}],"id":234456,"pointables":[],"r":[[0.542995,0.837936,-0.0549547],[0.830421,-0.545541,-0.113075],[-0.12473,0.0157637,-0.992066]],"s":1074.4,"t":[-2816.13,-15728.9,3954.82],"timestamp":46342806263},
{"hands":[{"direction":[0.0493411,0.666652,-0.524848],"id":5,"palmNormal":[0.445922,-0.539339,-0.508073],"palmPosition":[-135.908,451.291,232.408],"palmVelocity":[2.58068,187.597,29.5865],"r":[[1,0,0],[0,1,0],[0,0,1]],"s":1,"sphereCenter":[-130.938,447.08,228.023],"sphereRadius":62.1873,"t":[0,0,0]},{"direction":[-0.0205328,0.424464,-0.595733],"id":2,"palmNormal":[-0.215368,-0.569649,-0.424561],"palmPosition":[303.346,379.741,189.332],"palmVelocity":[80.7599,265.044,847.317],"r":[[1,0,0],[0,1,0],[0,0,1]],"s":1,"sphereCenter":[306.664,375.906,192.433],"sphereRadius":80.346,"t":[0.152071,0.499078,1.5955]}],"id":234458,"pointables":[],"r":[[0.543769,0.83754,-0.0533012],[0.829994,-0.546095,-0.113532],[-0.124195,0.0174956,-0.992104]],"s":1074.4,"t":[-2816.26,-15729.8,3956.58],"timestamp":46342815678},
{"hands":[{"direction":[0.0286384,0.656692,-0.579296],"id":5,"palmNormal":[0.440546,-0.591449,-0.530887],"palmPosition":[-135.491,450.981,231.458],"palmVelocity":[44.4562,-33.0444,-101.269],"r":[[1,0,0],[0,1,0],[0,0,1]],"s":1,"sphereCenter":[-129.711,446.876,227.046],"sphereRadius":61.0968,"t":[0.0833909,-0.0619847,-0.18996]},{"direction":[0.0545385,0.465785,-0.619389],"id":2,"palmNormal":[-0.242233,-0.594637,-0.518481],"palmPosition":[306.674,383.112,191.586],"palmVelocity":[354.893,359.449,240.395],"r":[[1,0,0],[0,1,0],[0,0,1]],"s":1,"sphereCenter":[310.649,375.731,189.696],"sphereRadius":80.1963,"t":[0.939437,1.57259,3.32283]}],"id":234460,"pointables":[],"r":[[0.543074,0.838179,-0.0502677],[0.830628,-0.545022,-0.114057],[-0.122997,0.0201875,-0.992202]],"s":1074.4,"t":[-2815.98,-15730.2,3958.12],"timestamp":46342825057},
{"hands":[{"direction":[-0.0987446,0.859047,-0.209439],"id":6,"palmNormal":[0.274821,-0.0598834,-0.907428],"palmPosition":[-139.178,473.611,235.22],"palmVelocity":[9.46948,-238.594,55.9191],"r":[[1,0,0],[0,1,0],[0,0,1]],"s":1,"sphereCenter":[-159.113,483.915,256.258],"sphereRadius":83.7778,"t":[0,0,0]}],"id":234462,"pointables":[],"r":[[0.542515,0.838682,-0.0478427],[0.831134,-0.544163,-0.114473],[-0.12204,0.0223395,-0.992274]],"s":1074.4,"t":[-2815.71,-15731.8,3959.66],"timestamp":46342834271},
{"hands":[{"direction":[-0.0549179,0.217054,-0.598407],"id":2,"palmNormal":[-0.140387,-0.60053,-0.0812924],"palmPosition":[313.222,391.973,193.526],"palmVelocity":[348.407,471.466,103.207],"r":[[1,0,0],[0,1,0],[0,0,1]],"s":1,"sphereCenter":[307.389,353.658,211.377],"sphereRadius":98.7517,"t":[0,0,0]}],"id":234464,"pointables":[],"r":[[0.542067,0.839081,-0.045904],[0.831538,-0.543474,-0.114803],[-0.121277,0.0240601,-0.992327]],"s":1074.4,"t":[-2814.18,-15731.4,3961.29],"timestamp":46342843850},
{"hands":[{"direction":[-0.141631,0.0999931,-0.644311],"id":2,"palmNormal":[-0.0932063,-0.708617,0.0741763],"palmPosition":[314.173,392.991,197.711],"palmVelocity":[103.342,110.625,454.625],"r":[[1,0,0],[0,1,0],[0,0,1]],"s":1,"sphereCenter":[317.096,370.04,206.125],"sphereRadius":97.8641,"t":[0.190274,0.203683,0.837056]}],"id":234466,"pointables":[],"r":[[0.541706,0.839397,-0.0443537],[0.831862,-0.542924,-0.115066],[-0.120667,0.0254361,-0.992367]],"s":1074.4,"t":[-2812.77,-15730.8,3963.42],"timestamp":46342853056},
{"hands":[{"direction":[-0.160927,0.198939,-0.674472],"id":2,"palmNormal":[-0.14853,-0.744957,-0.122965],"palmPosition":[308.928,385.113,195.011],"palmVelocity":[-559.53,-840.328,-288.035],"r":[[1,0,0],[0,1,0],[0,0,1]],"s":1,"sphereCenter":[318.868,374.049,199.89],"sphereRadius":94.3482,"t":[-0.706627,-1.20899,0.966636]}],"id":234468,"pointables":[],"r":[[0.541417,0.839648,-0.0431141],[0.83212,-0.542483,-0.115276],[-0.12018,0.0265364,-0.992397]],"s":1074.4,"t":[-2812.69,-15731.9,3964.59],"timestamp":46342862431},
{"hands":[{"direction":[-0.0472401,0.715154,-0.484384],"id":5,"palmNormal":[0.435527,-0.384515,-0.6559],"palmPosition":[-135.166,456.262,232.841],"palmVelocity":[6.98231,113.453,29.7218],"r":[[1,0,0],[0,1,0],[0,0,1]],"s":1,"sphereCenter":[-124.172,450.831,214.933],"sphereRadius":68.111,"t":[0,0,0]},{"direction":[-0.190156,0.00148055,-0.659375],"id":2,"palmNormal":[-0.0906379,-0.709022,0.175805],"palmPosition":[303.688,380.632,187.944],"palmVelocity":[-571.41,-488.758,-770.737],"r":[[1,0,0],[0,1,0],[0,0,1]],"s":1,"sphereCenter":[323.424,378.222,194.832],"sphereRadius":94.3918,"t":[-2.472,-3.23541,-0.343077]}],"id":234470,"pointables":[],"r":[[0.544629,0.837382,-0.0465796],[0.829795,-0.546092,-0.114995],[-0.121731,0.023978,-0.992273]],"s":1074.4,"t":[-2813.12,-15732.7,3964.96],"timestamp":46342871600},
{"hands":[],"id":234472,"pointables":[],"r":[[0.547189,0.835553,-0.0493497],[0.827926,-0.548972,-0.114758],[-0.122978,0.0219364,-0.992167]],"s":1074.4,"t":[-2813.46,-15733.4,3965.25],"timestamp":46342881031},
{"hands":[{"direction":[-0.0728626,0.763695,-0.44078],"id":5,"palmNormal":[0.465126,-0.306703,-0.716846],"palmPosition":[-133.077,452.026,231.074],"palmVelocity":[112.07,-227.179,-94.7762],"r":[[1,0,0],[0,1,0],[0,0,1]],"s":1,"sphereCenter":[-126.952,454.054,215.45],"sphereRadius":68.329,"t":[0,0,0]},{"direction":[-0.244644,-0.126566,-0.658576],"id":2,"palmNormal":[-0.0123849,-0.730484,0.323688],"palmPosition":[314.463,397.087,192.334],"palmVelocity":[577.967,882.643,235.455],"r":[[1,0,0],[0,1,0],[0,0,1]],"s":1,"sphereCenter":[332.318,389.276,184.322],"sphereRadius":100.857,"t":[0,0,0]}],"id":234474,"pointables":[],"r":[[0.54174,0.839204,-0.04748],[0.831663,-0.543349,-0.114489],[-0.121878,0.0225359,-0.992289]],"s":1074.4,"t":[-2812.45,-15732.7,3965.75],"timestamp":46342890243},
{"hands":[{"direction":[-0.154524,0.874277,-0.163664],"id":6,"palmNormal":[0.292237,0.00559529,-0.916739],"palmPosition":[-138.883,475.107,238.613],"palmVelocity":[4.51049,22.8618,51.8545],"r":[[1,0,0],[0,1,0],[0,0,1]],"s":1,"sphereCenter":[-153.095,492.714,236.398],"sphereRadius":89.478,"t":[0,0,0]}],"id":234476,"pointables":[],"r":[[0.537362,0.842097,-0.0459864],[0.834626,-0.538834,-0.114264],[-0.121,0.0230196,-0.992386]],"s":1074.4,"t":[-2811.58,-15731.8,3966.83],"timestamp":46342899700},
{"hands":[{"direction":[-0.0709376,0.723435,-0.520054],"id":5,"palmNormal":[0.206508,-0.468573,-0.65415],"palmPosition":[-132.86,448.508,227.797],"palmVelocity":[11.4647,-185.742,-173.008],"r":[[1,0,0],[0,1,0],[0,0,1]],"s":1,"sphereCenter":[-126.744,459.416,199.495],"sphereRadius":78.1707,"t":[0,0,0]},{"direction":[-0.243765,-0.0806186,-0.723328],"id":2,"palmNormal":[0.0299494,-0.815952,0.17455],"palmPosition":[321.374,402.438,200.175],"palmVelocity":[364.808,282.508,413.98],"r":[[1,0,0],[0,1,0],[0,0,1]],"s":1,"sphereCenter":[342.468,395.065,200.765],"sphereRadius":104.524,"t":[0,0,0]}],"id":234478,"pointables":[],"r":[[0.530988,0.846465,-0.0393487],[0.839149,-0.53172,-0.114471],[-0.117818,0.0277634,-0.992647]],"s":1074.41,"t":[-2810.17,-15731,3968.14],"timestamp":46342909185},
{"hands":[{"direction":[-0.0217142,0.649624,-0.602851],"id":5,"palmNormal":[0.255388,-0.608494,-0.535265],"palmPosition":[-132.128,443.13,228.946],"palmVelocity":[78.7665,-578.817,123.651],"r":[[1,0,0],[0,1,0],[0,0,1]],"s":1,"sphereCenter":[-123.956,454.316,201.499],"sphereRadius":75.5597,"t":[0.14638,-1.07567,0.229794]},{"direction":[-0.191898,-0.161574,-0.757372],"id":2,"palmNormal":[0.041575,-0.838447,0.271573],"palmPosition":[325.668,405.702,202.827],"palmVelocity":[462.119,351.283,285.381],"r":[[1,0,0],[0,1,0],[0,0,1]],"s":1,"sphereCenter":[339.667,402.225,213.168],"sphereRadius":100.773,"t":[0.858802,0.652824,0.530351]}],"id":234480,"pointables":[],"r":[[0.522672,0.8519,-0.0328631],[0.844772,-0.522718,-0.114574],[-0.114783,0.0321226,-0.992871]],"s":1074.41,"t":[-2808.54,-15730.5,3969.58],"timestamp":46342918477},
{"hands":[{"direction":[-0.0725624,0.687593,-0.57943],"id":5,"palmNormal":[0.14288,-0.581141,-0.639286],"palmPosition":[-132.377,443.492,229.909],"palmVelocity":[-26.3656,38.3229,101.767],"r":[[1,0,0],[0,1,0],[0,0,1]],"s":1,"sphereCenter":[-127.081,460.442,191.4],"sphereRadius":83.5633,"t":[0.213615,-1.86373,0.60611]}],"id":234482,"pointables":[],"r":[[0.515966,0.856162,-0.0276746],[0.849205,-0.515478,-0.114601],[-0.112382,0.0356286,-0.993026]],"s":1074.42,"t":[-2807.29,-15730,3970.92],"timestamp":46342927934},
{"hands":[{"direction":[-0.194026,0.885379,-0.0969963],"id":6,"palmNormal":[0.269419,0.0836293,-0.926149],"palmPosition":[-138.629,476.593,242.362],"palmVelocity":[6.79023,39.7384,100.286],"r":[[1,0,0],[0,1,0],[0,0,1]],"s":1,"sphereCenter":[-159.398,487.218,266.348],"sphereRadius":100.726,"t":[0,0,0]}],"id":234484,"pointables":[],"r":[[0.510568,0.859516,-0.0235242],[0.852711,-0.509661,-0.114587],[-0.110479,0.0384451,-0.993135]],"s":1074.42,"t":[-2806.23,-15729.4,3972.74],"timestamp":46342937085},
{"hands":[{"direction":[-0.196379,0.904833,-0.0678294],"id":6,"palmNormal":[0.129941,0.0593786,-0.947179],"palmPosition":[-137.585,477.312,240.997],"palmVelocity":[110.186,75.9628,-144.115],"r":[[1,0,0],[0,1,0],[0,0,1]],"s":1,"sphereCenter":[-170.657,494.118,258.33],"sphereRadius":105.16,"t":[0.208847,0.14398,-0.273156]},{"direction":[-0.14189,-0.206419,-0.792858],"id":2,"palmNormal":[-0.115605,-0.840592,0.288009],"palmPosition":[313.79,392.341,193.51],"palmVelocity":[-422.903,-475.741,-331.74],"r":[[1,0,0],[0,1,0],[0,0,1]],"s":1,"sphereCenter":[329.422,393.58,212.015],"sphereRadius":90.1059,"t":[0,0,0]}],"id":234486,"pointables":[],"r":[[0.511786,0.858751,-0.0249169],[0.851926,-0.511035,-0.114307],[-0.110895,0.0372735,-0.993133]],"s":1074.41,"t":[-2806.47,-15730.1,3973.13],"timestamp":46342946562},
{"hands":[{"direction":[-0.133326,0.865272,-0.198654],"id":6,"palmNormal":[0.219462,-0.183063,-0.84173],"palmPosition":[-134.939,469.542,237.096],"palmVelocity":[282.01,-828.208,-415.763],"r":[[1,0,0],[0,1,0],[0,0,1]],"s":1,"sphereCenter":[-156.533,484.808,247.191],"sphereRadius":93.523,"t":[0.905089,-1.29489,-1.27182]},{"direction":[-0.119694,-0.304155,-0.781873],"id":2,"palmNormal":[-0.0328241,-0.806231,0.413111],"palmPosition":[325.266,402.707,200.148],"palmVelocity":[1223.16,1104.95,707.53],"r":[[1,0,0],[0,1,0],[0,0,1]],"s":1,"sphereCenter":[327.673,411.47,234.895],"sphereRadius":110.863,"t":[2.29513,2.07332,1.32761]}],"id":234488,"pointables":[],"r":[[0.506301,0.862116,-0.0203643],[0.855472,-0.505097,-0.114209],[-0.108748,0.0404033,-0.993248]],"s":1074.41,"t":[-2805.25,-15730.4,3973.71],"timestamp":46342955944},
{"hands":[{"direction":[-0.0872309,0.878348,-0.233462],"id":6,"palmNormal":[0.279085,-0.244574,-0.841478],"palmPosition":[-134.879,471.587,237.535],"palmVelocity":[6.32603,218.3,46.8457],"r":[[1,0,0],[0,1,0],[0,0,1]],"s":1,"sphereCenter":[-149.941,489.733,238.563],"sphereRadius":88.201,"t":[1.47394,-2.03693,-1.98297]}],"id":234490,"pointables":[],"r":[[0.501891,0.864769,-0.0167238],[0.858282,-0.500332,-0.114106],[-0.107043,0.042915,-0.993328]],"s":1074.41,"t":[-2804.27,-15730.3,3974.27],"timestamp":46342965313},
{"hands":[],"id":234492,"pointables":[],"r":[[0.498347,0.866868,-0.0138126],[0.860512,-0.49651,-0.114007],[-0.105687,0.0449291,-0.993384]],"s":1074.41,"t":[-2803.47,-15730.2,3974.71],"timestamp":46342974378},
{"hands":[{"direction":[-0.129878,-0.111626,-0.780156],"id":2,"palmNormal":[0.125766,-0.755724,0.0697425],"palmPosition":[331.226,411.661,205.626],"palmVelocity":[214.56,322.327,197.183],"r":[[1,0,0],[0,1,0],[0,0,1]],"s":1,"sphereCenter":[345.479,405.896,254.023],"sphereRadius":125.038,"t":[0,0,0]}],"id":234494,"pointables":[],"r":[[0.495503,0.86853,-0.0114845],[0.862284,-0.493446,-0.113917],[-0.104608,0.0465436,-0.993424]],"s":1074.41,"t":[-2801.65,-15728.3,3976.16],"timestamp":46342983723},
{"hands":[{"direction":[-0.0317078,-0.209983,-0.771944],"id":2,"palmNormal":[0.0873698,-0.765463,0.252858],"palmPosition":[310.98,381.997,189.088],"palmVelocity":[-2091.36,-3064.23,-1708.23],"r":[[1,0,0],[0,1,0],[0,0,1]],"s":1,"sphereCenter":[326.78,367.496,253.129],"sphereRadius":131.097,"t":[-4.04928,-5.93296,-3.30748]}],"id":234496,"pointables":[],"r":[[0.493222,0.86985,-0.00962257],[0.863695,-0.490991,-0.113839],[-0.103748,0.0478371,-0.993453]],"s":1074.41,"t":[-2804.24,-15732.7,3974.02],"timestamp":46342993404},
{"hands":[],"id":234498,"pointables":[],"r":[[0.491394,0.8709,-0.00813341],[0.864818,-0.489025,-0.113772],[-0.103062,0.0488731,-0.993474]],"s":1074.41,"t":[-2806.31,-15736.2,3972.3],"timestamp":46343002356},
{"hands":[{"direction":[-0.0438402,0.857497,-0.313809],"id":6,"palmNormal":[0.474949,-0.291927,-0.667613],"palmPosition":[-132.931,469.408,238.463],"palmVelocity":[41.7992,-46.7388,19.9016],"r":[[1,0,0],[0,1,0],[0,0,1]],"s":1,"sphereCenter":[-139.094,488.611,223.139],"sphereRadius":91.8439,"t":[0,0,0]},{"direction":[-0.123759,-0.264162,-0.767025],"id":2,"palmNormal":[0.139828,-0.804972,0.301645],"palmPosition":[319.178,387.213,183.126],"palmVelocity":[442.363,281.453,-321.709],"r":[[1,0,0],[0,1,0],[0,0,1]],"s":1,"sphereCenter":[334.881,347.285,247.176],"sphereRadius":133.556,"t":[0,0,0]}],"id":234500,"pointables":[],"r":[[0.486543,0.873609,-0.00910962],[0.867563,-0.484352,-0.112862],[-0.103009,0.0470088,-0.993569]],"s":1074.42,"t":[-2806.96,-15738.8,3970.42],"timestamp":46343011937},
{"hands":[{"direction":[-0.101342,0.854849,-0.338419],"id":6,"palmNormal":[0.505067,-0.260006,-0.712364],"palmPosition":[-133.507,472.841,242.644],"palmVelocity":[-54.7592,326.313,397.492],"r":[[1,0,0],[0,1,0],[0,0,1]],"s":1,"sphereCenter":[-144.715,492.854,232.376],"sphereRadius":86.6079,"t":[-0.115191,0.686432,0.836163]}],"id":234502,"pointables":[],"r":[[0.482651,0.875757,-0.00989454],[0.86974,-0.480602,-0.112137],[-0.10296,0.0455175,-0.993643]],"s":1074.42,"t":[-2807.58,-15740.1,3969.76],"timestamp":46343022455},
{"hands":[{"direction":[-0.157348,0.846655,-0.361131],"id":6,"palmNormal":[0.514728,-0.24256,-0.748233],"palmPosition":[-132.476,470.897,241.19],"palmVelocity":[125.304,-236.413,-176.843],"r":[[1,0,0],[0,1,0],[0,0,1]],"s":1,"sphereCenter":[-142.279,491.701,234.124],"sphereRadius":81.5289,"t":[-0.00129399,0.84682,1.21429]}],"id":234504,"pointables":[],"r":[[0.479532,0.877461,-0.010525],[0.871469,-0.477595,-0.11156],[-0.102917,0.0443245,-0.993702]],"s":1074.42,"t":[-2807.88,-15741.6,3968.93],"timestamp":46343030677},
{"hands":[],"id":234506,"pointables":[],"r":[[0.477031,0.878817,-0.011031],[0.872844,-0.475184,-0.111101],[-0.102879,0.0433701,-0.993748]],"s":1074.42,"t":[-2808.12,-15742.7,3968.27],"timestamp":46343039859},
{"hands":[],"id":234508,"pointables":[],"r":[[0.475029,0.879896,-0.0114368],[0.87394,-0.473252,-0.110734],[-0.102847,0.0426067,-0.993784]],"s":1074.42,"t":[-2808.31,-15743.7,3967.75],"timestamp":46343049309},
{"hands":[],"id":234510,"pointables":[],"r":[[0.473425,0.880756,-0.0117621],[0.874813,-0.471705,-0.110441],[-0.10282,0.041996,-0.993813]],"s":1074.42,"t":[-2808.46,-15744.4,3967.33],"timestamp":46343058513},
{"hands":[{"direction":[-0.128356,0.809097,-0.441642],"id":6,"palmNormal":[0.568156,-0.342194,-0.666242],"palmPosition":[-132.05,465.228,243.604],"palmVelocity":[11.3915,-151.657,64.589],"r":[[1,0,0],[0,1,0],[0,0,1]],"s":1,"sphereCenter":[-138.22,482.502,238.591],"sphereRadius":75.3489,"t":[0,0,0]},{"direction":[-0.167404,-0.355892,-0.738643],"id":2,"palmNormal":[0.159692,-0.772123,0.427747],"palmPosition":[341.372,414.301,190.598],"palmVelocity":[395.457,482.681,133.139],"r":[[1,0,0],[0,1,0],[0,0,1]],"s":1,"sphereCenter":[361.613,284.504,315.279],"sphereRadius":220.998,"t":[0,0,0]}],"id":234512,"pointables":[],"r":[[0.459754,0.888015,-0.00739454],[0.882384,-0.457746,-0.108934],[-0.10012,0.043558,-0.994021]],"s":1074.43,"t":[-2806.32,-15742.9,3967.98],"timestamp":46343068058},
{"hands":[{"direction":[-0.113023,0.846062,-0.383385],"id":6,"palmNormal":[0.398918,-0.281669,-0.772869],"palmPosition":[-131.382,466.153,240.612],"palmVelocity":[71.2356,98.6087,-319.009],"r":[[1,0,0],[0,1,0],[0,0,1]],"s":1,"sphereCenter":[-135.575,482.002,229.208],"sphereRadius":73.7754,"t":[0.133638,0.18499,-0.59846]},{"direction":[-0.206112,-0.102959,-0.667223],"id":2,"palmNormal":[0.0658584,-0.668967,-0.00886213],"palmPosition":[329.328,401.395,193.112],"palmVelocity":[-1283.94,-1375.96,268.011],"r":[[1,0,0],[0,1,0],[0,0,1]],"s":1,"sphereCenter":[354.348,308.899,283.953],"sphereRadius":183.604,"t":[-2.40867,-2.5813,0.502788]}],"id":234514,"pointables":[],"r":[[0.454737,0.890621,-0.00289574],[0.885218,-0.452332,-0.108563],[-0.0979981,0.0468042,-0.994085]],"s":1074.44,"t":[-2805.75,-15742.8,3968.45],"timestamp":46343077438},
{"hands":[{"direction":[-0.13265,0.0354304,-0.699242],"id":2,"palmNormal":[0.0450526,-0.722256,-0.193335],"palmPosition":[321.738,391.847,190.505],"palmVelocity":[-837.612,-1053.64,-287.622],"r":[[1,0,0],[0,1,0],[0,0,1]],"s":1,"sphereCenter":[347.497,322.583,264.713],"sphereRadius":157.267,"t":[-5.85369,-6.55596,0.383732]}],"id":234516,"pointables":[],"r":[[0.450706,0.892672,0.000699693],[0.887461,-0.447991,-0.108244],[-0.096313,0.0494072,-0.994124]],"s":1074.44,"t":[-2806.81,-15744.7,3968.31],"timestamp":46343086500},
{"hands":[{"direction":[-0.0237922,0.691934,-0.501261],"id":6,"palmNormal":[0.203319,-0.510775,-0.573688],"palmPosition":[-130.225,460.99,237.041],"palmVelocity":[62.303,-278.029,-192.266],"r":[[1,0,0],[0,1,0],[0,0,1]],"s":1,"sphereCenter":[-131.681,490.043,199.965],"sphereRadius":92.3821,"t":[0,0,0]}],"id":234518,"pointables":[],"r":[[0.44747,0.894292,0.00357362],[0.889241,-0.444512,-0.107975],[-0.0949728,0.0514935,-0.994147]],"s":1074.44,"t":[-2807.42,-15747.2,3967.48],"timestamp":46343096007},
{"hands":[{"direction":[-0.124809,-0.0848877,-0.728533],"id":2,"palmNormal":[0.0609,-0.762804,0.048384],"palmPosition":[323.757,393.376,184.48],"palmVelocity":[107.404,81.3662,-320.555],"r":[[1,0,0],[0,1,0],[0,0,1]],"s":1,"sphereCenter":[345.095,331.071,248.301],"sphereRadius":139.67,"t":[0,0,0]}],"id":234520,"pointables":[],"r":[[0.444875,0.895574,0.00587117],[0.890656,-0.441726,-0.107751],[-0.0939057,0.053165,-0.994161]],"s":1074.44,"t":[-2807.51,-15749,3965.61],"timestamp":46343105298},
{"hands":[{"direction":[-0.0957975,-0.137405,-0.773507],"id":2,"palmNormal":[0.108115,-0.816087,0.142646],"palmPosition":[334.929,407.241,194.091],"palmVelocity":[1179.95,1464.38,1015.15],"r":[[1,0,0],[0,1,0],[0,0,1]],"s":1,"sphereCenter":[345.079,357.568,222.791],"sphereRadius":129.211,"t":[2.23435,2.77294,1.92228]}],"id":234522,"pointables":[],"r":[[0.442794,0.89659,0.00770815],[0.891782,-0.439494,-0.107566],[-0.0930554,0.0545037,-0.994168]],"s":1074.44,"t":[-2805.35,-15747.6,3966.04],"timestamp":46343114766},
{"hands":[{"direction":[-0.0624288,0.702469,-0.52993],"id":6,"palmNormal":[0.376996,-0.448029,-0.586257],"palmPosition":[-128.602,469.911,237.596],"palmVelocity":[58.2363,320.076,19.8819],"r":[[1,0,0],[0,1,0],[0,0,1]],"s":1,"sphereCenter":[-129.696,490.837,204.102],"sphereRadius":86.7297,"t":[0,0,0]}],"id":234524,"pointables":[],"r":[[0.441126,0.897398,0.00917705],[0.892678,-0.437707,-0.107415],[-0.0923772,0.0555757,-0.994172]],"s":1074.44,"t":[-2803.29,-15744.7,3966.49],"timestamp":46343123879},
{"hands":[{"direction":[-0.129705,0.726242,-0.509902],"id":6,"palmNormal":[0.422126,-0.36668,-0.669234],"palmPosition":[-127.032,475.547,235.076],"palmVelocity":[164.398,590.098,-263.832],"r":[[1,0,0],[0,1,0],[0,0,1]],"s":1,"sphereCenter":[-129.068,491.604,213.954],"sphereRadius":82.4581,"t":[0.314033,1.1272,-0.503973]},{"direction":[-0.135373,-0.271132,-0.73013],"id":2,"palmNormal":[0.0836957,-0.743681,0.362401],"palmPosition":[330.279,408.512,189.774],"palmVelocity":[-249.113,68.1324,-231.303],"r":[[1,0,0],[0,1,0],[0,0,1]],"s":1,"sphereCenter":[339.134,361.151,215.681],"sphereRadius":116.516,"t":[0,0,0]}],"id":234526,"pointables":[],"r":[[0.441695,0.897119,0.0090935],[0.8924,-0.438284,-0.107377],[-0.0923441,0.0555428,-0.994177]],"s":1074.43,"t":[-2801.96,-15741.7,3966.17],"timestamp":46343133430},
{"hands":[{"direction":[-0.144188,0.708885,-0.558114],"id":6,"palmNormal":[0.470548,-0.42457,-0.653568],"palmPosition":[-125.624,460.791,235.087],"palmVelocity":[150.094,-1572.84,1.2446],"r":[[1,0,0],[0,1,0],[0,0,1]],"s":1,"sphereCenter":[-126.657,475.008,222.996],"sphereRadius":75.5775,"t":[0.846897,-0.922311,-0.904816]}],"id":234528,"pointables":[],"r":[[0.442151,0.896895,0.00902669],[0.892177,-0.438745,-0.107346],[-0.0923177,0.0555165,-0.994181]],"s":1074.43,"t":[-2800.6,-15742.2,3965.92],"timestamp":46343142812},
{"hands":[{"direction":[-0.105916,0.647489,-0.631752],"id":6,"palmNormal":[0.49627,-0.539759,-0.545454],"palmPosition":[-126.023,457.413,238.55],"palmVelocity":[-43.2789,-366.61,375.818],"r":[[1,0,0],[0,1,0],[0,0,1]],"s":1,"sphereCenter":[-125.75,470.318,228.58],"sphereRadius":69.8166,"t":[1.19344,-3.23744,-0.533008]},{"direction":[-0.208956,-0.307389,-0.735086],"id":2,"palmNormal":[-0.0264502,-0.748521,0.443267],"palmPosition":[312.925,388.113,184.945],"palmVelocity":[-933.267,-1097.06,-259.679],"r":[[1,0,0],[0,1,0],[0,0,1]],"s":1,"sphereCenter":[318.661,344.743,224.231],"sphereRadius":120.666,"t":[0,0,0]}],"id":234530,"pointables":[],"r":[[0.449796,0.893124,0.00352613],[0.888113,-0.446847,-0.107624],[-0.0945456,0.0515402,-0.994185]],"s":1074.42,"t":[-2801.3,-15745,3965.58],"timestamp":46343152025},
