[
{"hands":[{"direction":[-0.439316,0.294659,-0.848292],"id":1,"palmNormal":[-0.244062,-0.9481,-0.202486],"palmPosition":[-27.3682,125.895,35.9133],"palmVelocity":[-115.348,24.9864,-130.575],"r":[[0.998289,-0.0582497,0.00516246],[0.0584742,0.993322,-0.0994547],[0.000665221,0.0995864,0.995029]],"s":1.00047,"sphereCenter":[-40.507,104.686,12.4272],"sphereRadius":64.4365,"t":[-12.243,6.86414,-81.9566]}],"id":44427,"pointables":[{"direction":[-0.176339,-0.226359,-0.957949],"handId":1,"id":2,"length":4.49327,"tipPosition":[-47.838,116.059,-55.4733],"tipVelocity":[-87.3366,0.342298,1.68417],"tool":false},{"direction":[-0.417144,-0.408527,-0.811847],"handId":1,"id":5,"length":26.7819,"tipPosition":[-81.9774,140.184,-30.5088],"tipVelocity":[-90.4505,-12.4101,7.12052],"tool":false},{"direction":[-0.548021,0.157729,-0.821458],"handId":1,"id":4,"length":44.7116,"tipPosition":[-95.9157,136.845,17.0283],"tipVelocity":[-83.3878,-16.0936,-2.61237],"tool":false}],"r":[[-0.929233,-0.160941,-0.332603],[0.0346186,0.858275,-0.512021],[0.36787,-0.487301,-0.791965]],"s":53.3128,"t":[920.388,-3038.85,178.874],"timestamp":257080158},
{"hands":[{"direction":[-0.442351,0.291613,-0.847729],"id":1,"palmNormal":[-0.240133,-0.949456,-0.20066],"palmPosition":[-28.2575,125.942,35.4967],"palmVelocity":[-93.5396,4.92852,-43.822],"r":[[0.998288,-0.058071,0.0069669],[0.0584771,0.993245,-0.100226],[-0.00109963,0.100462,0.99494]],"s":1.00045,"sphereCenter":[-41.0524,104.86,12.4304],"sphereRadius":64.3708,"t":[-12.9493,6.78101,-81.903]}],"id":44429,"pointables":[{"direction":[-0.170398,-0.2497,-0.953213],"handId":1,"id":2,"length":4.48776,"tipPosition":[-48.534,115.994,-55.5179],"tipVelocity":[-73.2117,-6.88374,-4.69105],"tool":false},{"direction":[-0.421633,-0.406667,-0.810462],"handId":1,"id":5,"length":26.6993,"tipPosition":[-82.5305,140.163,-30.235],"tipVelocity":[-58.1781,-2.18781,28.7979],"tool":false},{"direction":[-0.548266,0.156478,-0.821534],"handId":1,"id":4,"length":44.6478,"tipPosition":[-96.5296,136.677,17.1057],"tipVelocity":[-64.5735,-17.7057,8.13765],"tool":false}],"r":[[-0.928564,-0.161826,-0.334038],[0.0343303,0.858651,-0.511409],[0.369581,-0.486344,-0.791757]],"s":53.3128,"t":[919.681,-3038.93,178.927],"timestamp":257089665},
{"hands":[{"direction":[-0.445694,0.290924,-0.846201],"id":1,"palmNormal":[-0.235798,-0.950234,-0.201968],"palmPosition":[-28.8259,125.917,35.7314],"palmVelocity":[-62.2691,-2.69885,25.7129],"r":[[0.998284,-0.0578462,0.00906939],[0.0584682,0.993136,-0.101308],[-0.00314688,0.101664,0.994814]],"s":1.00079,"sphereCenter":[-41.5237,104.965,12.5329],"sphereRadius":64.3941,"t":[-13.5525,6.73703,-81.7577]}],"id":44431,"pointables":[{"direction":[-0.15952,-0.282968,-0.945771],"handId":1,"id":2,"length":4.498,"tipPosition":[-49.1848,115.989,-55.6223],"tipVelocity":[-71.2875,-0.528634,-11.439],"tool":false},{"direction":[-0.423315,-0.40984,-0.807983],"handId":1,"id":5,"length":26.6671,"tipPosition":[-83.0276,140.21,-29.9979],"tipVelocity":[-54.4546,5.17937,25.9776],"tool":false},{"direction":[-0.548069,0.154868,-0.821971],"handId":1,"id":4,"length":44.6072,"tipPosition":[-97.0297,136.559,17.3436],"tipVelocity":[-54.7814,-12.9516,26.0615],"tool":false}],"r":[[-0.92778,-0.162844,-0.335717],[0.0339378,0.859181,-0.510546],[0.371581,-0.485068,-0.791604]],"s":53.3131,"t":[919.078,-3038.98,179.073],"timestamp":257098793},
{"hands":[{"direction":[-0.448905,0.289371,-0.845023],"id":1,"palmNormal":[-0.23276,-0.951098,-0.201473],"palmPosition":[-29.4337,125.998,35.4403],"palmVelocity":[-65.007,8.6333,-31.1392],"r":[[0.998265,-0.0578123,0.0111786],[0.0586566,0.992977,-0.102745],[-0.00516019,0.103223,0.994645]],"s":1.00102,"sphereCenter":[-42.0758,105.161,12.4857],"sphereRadius":64.2763,"t":[-14.0955,6.72302,-81.6178]}],"id":44433,"pointables":[{"direction":[-0.168237,-0.240666,-0.955917],"handId":1,"id":2,"length":4.4729,"tipPosition":[-49.7487,116.061,-55.6541],"tipVelocity":[-60.3141,7.68181,-3.39872],"tool":false},{"direction":[-0.426031,-0.4111,-0.805912],"handId":1,"id":5,"length":26.5525,"tipPosition":[-83.5106,140.226,-29.8318],"tipVelocity":[-51.6575,1.7056,17.7659],"tool":false},{"direction":[-0.548482,0.15347,-0.821958],"handId":1,"id":4,"length":44.5554,"tipPosition":[-97.4777,136.381,17.4781],"tipVelocity":[-47.9151,-19.0326,14.3821],"tool":false}],"r":[[-0.927003,-0.164019,-0.337288],[0.0332293,0.859851,-0.509462],[0.373579,-0.483481,-0.791634]],"s":53.3134,"t":[918.535,-3038.99,179.213],"timestamp":257108143},
{"hands":[{"direction":[-0.450056,0.288391,-0.844786],"id":1,"palmNormal":[-0.228702,-0.951839,-0.202531],"palmPosition":[-29.8616,125.91,35.7622],"palmVelocity":[-45.1652,-9.28074,33.9853],"r":[[0.998221,-0.0581277,0.0132648],[0.0591973,0.992778,-0.104343],[-0.00710379,0.104942,0.994453]],"s":1.00143,"sphereCenter":[-42.4664,105.274,12.4821],"sphereRadius":64.2824,"t":[-14.6262,6.64362,-81.5808]}],"id":44435,"pointables":[{"direction":[-0.163472,-0.263361,-0.950746],"handId":1,"id":2,"length":4.48863,"tipPosition":[-50.267,116.151,-55.7201],"tipVelocity":[-54.7177,9.47443,-6.96822],"tool":false},{"direction":[-0.42398,-0.412085,-0.80649],"handId":1,"id":5,"length":26.5837,"tipPosition":[-84.1761,140.081,-30.003],"tipVelocity":[-70.254,-15.2822,-18.077],"tool":false},{"direction":[-0.548006,0.151006,-0.822731],"handId":1,"id":4,"length":44.4728,"tipPosition":[-97.8827,136.179,17.5501],"tipVelocity":[-42.7577,-21.2374,7.60674],"tool":false}],"r":[[-0.926256,-0.165462,-0.338634],[0.0321324,0.860542,-0.508365],[0.375524,-0.481757,-0.791765]],"s":53.3138,"t":[918.005,-3039.07,179.25],"timestamp":257117616},
{"hands":[{"direction":[-0.451785,0.28796,-0.844038],"id":1,"palmNormal":[-0.225122,-0.952388,-0.203935],"palmPosition":[-30.3206,125.925,35.8692],"palmVelocity":[-49.8417,1.65466,11.6172],"r":[[0.998167,-0.0585592,0.0152517],[0.0598485,0.992583,-0.105821],[-0.00894178,0.10654,0.994268]],"s":1.00214,"sphereCenter":[-42.9007,105.351,12.4534],"sphereRadius":64.2545,"t":[-15.1099,6.53365,-81.55]}],"id":44437,"pointables":[{"direction":[-0.161806,-0.254772,-0.953368],"handId":1,"id":2,"length":4.47617,"tipPosition":[-50.7035,116.158,-55.6954],"tipVelocity":[-47.3953,0.75512,2.68196],"tool":false},{"direction":[-0.422481,-0.412671,-0.806978],"handId":1,"id":5,"length":26.479,"tipPosition":[-84.7272,139.941,-30.1135],"tipVelocity":[-59.8346,-15.2602,-12.0007],"tool":false},{"direction":[-0.547718,0.150048,-0.823098],"handId":1,"id":4,"length":44.4683,"tipPosition":[-98.2346,136.039,17.7242],"tipVelocity":[-38.2047,-15.2937,18.8965],"tool":false}],"r":[[-0.925549,-0.166942,-0.339837],[0.0309764,0.861155,-0.507398],[0.377359,-0.480149,-0.79187]],"s":53.3145,"t":[917.521,-3039.18,179.28],"timestamp":257126826},
{"hands":[{"direction":[-0.454914,0.285382,-0.843202],"id":1,"palmNormal":[-0.22098,-0.95356,-0.202891],"palmPosition":[-30.7966,125.914,35.6856],"palmVelocity":[-50.743,-1.25335,-19.5708],"r":[[0.998111,-0.0590188,0.0170853],[0.0605193,0.992359,-0.107524],[-0.0106089,0.108355,0.994056]],"s":1.00239,"sphereCenter":[-43.3288,105.488,12.4214],"sphereRadius":64.2339,"t":[-15.546,6.48694,-81.5054]}],"id":44439,"pointables":[{"direction":[-0.161658,-0.242415,-0.956609],"handId":1,"id":2,"length":4.48983,"tipPosition":[-51.1386,116.234,-55.7556],"tipVelocity":[-46.3805,8.09712,-6.41366],"tool":false},{"direction":[-0.42539,-0.412106,-0.805737],"handId":1,"id":5,"length":26.4311,"tipPosition":[-85.0049,139.957,-29.907],"tipVelocity":[-29.6071,1.76232,22.0145],"tool":false},{"direction":[-0.549297,0.151522,-0.821775],"handId":1,"id":4,"length":44.39,"tipPosition":[-98.6233,135.9,17.7824],"tipVelocity":[-41.4396,-14.7727,6.21191],"tool":false}],"r":[[-0.924898,-0.168357,-0.34091],[0.0297185,0.861871,-0.506257],[0.379052,-0.478367,-0.792139]],"s":53.3147,"t":[917.085,-3039.23,179.325],"timestamp":257136206},
{"hands":[{"direction":[-0.458874,0.283568,-0.84162],"id":1,"palmNormal":[-0.216507,-0.954548,-0.202959],"palmPosition":[-30.8406,125.79,36.2445],"palmVelocity":[-4.59485,-12.8964,58.3551],"r":[[0.99804,-0.0597716,0.0185475],[0.0614463,0.99212,-0.109193],[-0.0118747,0.110119,0.993847]],"s":1.00234,"sphereCenter":[-43.6642,105.608,12.4295],"sphereRadius":64.2052,"t":[-15.9593,6.3949,-81.4947]}],"id":44441,"pointables":[{"direction":[-0.164196,-0.233889,-0.958298],"handId":1,"id":2,"length":4.47677,"tipPosition":[-51.5251,116.354,-55.7428],"tipVelocity":[-40.3631,12.5702,1.3369],"tool":false},{"direction":[-0.421274,-0.415676,-0.806066],"handId":1,"id":5,"length":26.3657,"tipPosition":[-85.4997,139.78,-30.0301],"tipVelocity":[-51.6711,-18.4704,-12.8534],"tool":false},{"direction":[-0.549801,0.150927,-0.821547],"handId":1,"id":4,"length":44.3724,"tipPosition":[-99.0138,135.763,17.7594],"tipVelocity":[-40.7763,-14.3428,-2.40149],"tool":false}],"r":[[-0.924403,-0.169796,-0.341537],[0.0282335,0.862526,-0.505224],[0.38037,-0.476673,-0.792528]],"s":53.3147,"t":[916.671,-3039.32,179.336],"timestamp":257145782},
{"hands":[{"direction":[-0.460952,0.281498,-0.841192],"id":1,"palmNormal":[-0.213392,-0.955448,-0.202091],"palmPosition":[-31.106,125.705,36.2308],"palmVelocity":[-29.0185,-9.28624,-1.493],"r":[[0.997965,-0.0606522,0.01969],[0.0624679,0.991882,-0.110762],[-0.0128122,0.111766,0.993652]],"s":1.00235,"sphereCenter":[-43.9824,105.749,12.3815],"sphereRadius":64.2015,"t":[-16.3437,6.29257,-81.4897]}],"id":44443,"pointables":[{"direction":[-0.166971,-0.233875,-0.957822],"handId":1,"id":2,"length":4.51817,"tipPosition":[-51.8477,116.393,-55.7324],"tipVelocity":[-35.2638,4.22961,1.13673],"tool":false},{"direction":[-0.41993,-0.417102,-0.806031],"handId":1,"id":5,"length":26.3493,"tipPosition":[-85.9452,139.668,-30.1097],"tipVelocity":[-48.7033,-12.3121,-8.70128],"tool":false},{"direction":[-0.550191,0.150393,-0.821384],"handId":1,"id":4,"length":44.3379,"tipPosition":[-99.3691,135.624,17.7586],"tipVelocity":[-38.8462,-15.1417,-0.0904057],"tool":false}],"r":[[-0.924035,-0.171157,-0.341854],[0.0266974,0.863115,-0.504301],[0.381374,-0.475118,-0.79298]],"s":53.3147,"t":[916.287,-3039.42,179.341],"timestamp":257154930},
{"hands":[{"direction":[-0.460363,0.280681,-0.841831],"id":1,"palmNormal":[-0.210596,-0.955929,-0.20285],"palmPosition":[-31.5079,125.642,36.074],"palmVelocity":[-41.8769,-6.57087,-16.3443],"r":[[0.997889,-0.0615595,0.0206718],[0.0635028,0.991625,-0.112462],[-0.0135755,0.113538,0.993441]],"s":1.00217,"sphereCenter":[-44.3136,105.715,12.3338],"sphereRadius":64.256,"t":[-16.6797,6.2217,-81.4919]}],"id":44445,"pointables":[{"direction":[-0.175907,-0.206791,-0.962442],"handId":1,"id":2,"length":4.52322,"tipPosition":[-52.1435,116.389,-55.7417],"tipVelocity":[-30.82,-0.371378,-0.973441],"tool":false},{"direction":[-0.416954,-0.420055,-0.806042],"handId":1,"id":5,"length":26.3622,"tipPosition":[-86.2198,139.628,-30.0072],"tipVelocity":[-28.6103,-4.10786,10.6878],"tool":false},{"direction":[-0.549268,0.148057,-0.822425],"handId":1,"id":4,"length":44.342,"tipPosition":[-99.6569,135.399,17.7489],"tipVelocity":[-29.991,-23.5046,-1.01566],"tool":false}],"r":[[-0.923728,-0.172447,-0.342036],[0.0250993,0.863762,-0.503274],[0.382226,-0.473473,-0.793553]],"s":53.3145,"t":[915.951,-3039.49,179.338],"timestamp":257164526},
{"hands":[{"direction":[-0.461785,0.278422,-0.841816],"id":1,"palmNormal":[-0.206836,-0.95688,-0.202209],"palmPosition":[-31.9522,125.6,35.8292],"palmVelocity":[-48.47,-4.62362,-26.7011],"r":[[0.997812,-0.0625022,0.0215605],[0.0645665,0.991349,-0.114274],[-0.0142316,0.115416,0.993215]],"s":1.00167,"sphereCenter":[-44.5943,105.774,12.3427],"sphereRadius":64.2105,"t":[-16.9929,6.1303,-81.5005]}],"id":44447,"pointables":[{"direction":[-0.175139,-0.217995,-0.960107],"handId":1,"id":2,"length":4.51307,"tipPosition":[-52.44,116.413,-55.7828],"tipVelocity":[-32.3465,2.59744,-4.48687],"tool":false},{"direction":[-0.416324,-0.423479,-0.804575],"handId":1,"id":5,"length":26.3329,"tipPosition":[-86.4581,139.517,-29.8623],"tipVelocity":[-26.0017,-12.2064,15.803],"tool":false},{"direction":[-0.549438,0.146091,-0.822664],"handId":1,"id":4,"length":44.3129,"tipPosition":[-99.9471,135.199,17.7338],"tipVelocity":[-31.6554,-21.7308,-1.64344],"tool":false}],"r":[[-0.923456,-0.173713,-0.342129],[0.0234323,0.864454,-0.502165],[0.382988,-0.471744,-0.794215]],"s":53.314,"t":[915.638,-3039.58,179.33],"timestamp":257173694},
{"hands":[{"direction":[-0.464292,0.277103,-0.840876],"id":1,"palmNormal":[-0.202916,-0.957595,-0.20276],"palmPosition":[-32.2004,125.483,36.0026],"palmVelocity":[-26.6846,-12.582,18.6482],"r":[[0.997732,-0.0636266,0.0219853],[0.0657551,0.991093,-0.115808],[-0.0144209,0.116991,0.993028]],"s":1.00118,"sphereCenter":[-44.8515,105.765,12.3264],"sphereRadius":64.2127,"t":[-17.3229,5.98095,-81.5735]}],"id":44449,"pointables":[{"direction":[-0.171064,-0.235697,-0.956652],"handId":1,"id":2,"length":4.5176,"tipPosition":[-52.6988,116.362,-55.7355],"tipVelocity":[-27.8256,-5.52024,5.09253],"tool":false},{"direction":[-0.414983,-0.421073,-0.806528],"handId":1,"id":5,"length":26.2642,"tipPosition":[-86.9741,139.283,-30.0429],"tipVelocity":[-55.4787,-25.0747,-19.4252],"tool":false},{"direction":[-0.550607,0.146182,-0.821865],"handId":1,"id":4,"length":44.3139,"tipPosition":[-100.294,134.992,17.5965],"tipVelocity":[-37.293,-22.2929,-14.7652],"tool":false}],"r":[[-0.923371,-0.174861,-0.341775],[0.0217515,0.86499,-0.501317],[0.383293,-0.470335,-0.794903]],"s":53.3135,"t":[915.308,-3039.73,179.257],"timestamp":257182994},
{"hands":[{"direction":[-0.464748,0.27578,-0.841093],"id":1,"palmNormal":[-0.201513,-0.958092,-0.202004],"palmPosition":[-32.4477,125.507,35.7234],"palmVelocity":[-25.9089,2.52279,-29.2424],"r":[[0.997639,-0.0647709,0.0228306],[0.0670148,0.990822,-0.117394],[-0.0150173,0.118647,0.992823]],"s":1.0012,"sphereCenter":[-45.1501,105.849,12.2347],"sphereRadius":64.1159,"t":[-17.6454,5.80913,-81.6195]}],"id":44451,"pointables":[{"direction":[-0.166906,-0.240621,-0.956161],"handId":1,"id":2,"length":4.53817,"tipPosition":[-53.0139,116.327,-55.7545],"tipVelocity":[-33.0089,-3.59124,-1.9967],"tool":false},{"direction":[-0.413859,-0.419618,-0.807862],"handId":1,"id":5,"length":26.1999,"tipPosition":[-87.454,139.089,-30.1644],"tipVelocity":[-50.2726,-20.3512,-12.7211],"tool":false},{"direction":[-0.551954,0.147151,-0.820789],"handId":1,"id":4,"length":44.3111,"tipPosition":[-100.443,134.728,17.7201],"tipVelocity":[-15.5971,-27.7146,12.9463],"tool":false}],"r":[[-0.923126,-0.176264,-0.341716],[0.0199847,0.865535,-0.500449],[0.383979,-0.468806,-0.795475]],"s":53.3135,"t":[914.985,-3039.9,179.211],"timestamp":257192540},
{"hands":[{"direction":[-0.463934,0.274605,-0.841952],"id":1,"palmNormal":[-0.199189,-0.958587,-0.202078],"palmPosition":[-32.8171,125.496,35.3866],"palmVelocity":[-39.604,-1.21557,-36.1173],"r":[[0.997538,-0.0657522,0.0243662],[0.0682019,0.990522,-0.119222],[-0.0162962,0.120591,0.992569]],"s":1.0018,"sphereCenter":[-45.4571,105.834,12.1308],"sphereRadius":64.0732,"t":[-17.9715,5.70276,-81.5915]}],"id":44453,"pointables":[{"direction":[-0.1685,-0.243671,-0.955109],"handId":1,"id":2,"length":4.56474,"tipPosition":[-53.3435,116.286,-55.7226],"tipVelocity":[-35.339,-4.38809,3.42234],"tool":false},{"direction":[-0.4134,-0.424985,-0.805288],"handId":1,"id":5,"length":26.1896,"tipPosition":[-87.8376,139.105,-30.0624],"tipVelocity":[-41.1255,1.67664,10.9295],"tool":false},{"direction":[-0.55253,0.14679,-0.820466],"handId":1,"id":4,"length":44.3041,"tipPosition":[-100.48,134.442,18.0181],"tipVelocity":[-4.02305,-30.6286,31.9502],"tool":false}],"r":[[-0.922606,-0.177929,-0.342257],[0.0181945,0.866204,-0.499359],[0.385315,-0.466939,-0.795927]],"s":53.3141,"t":[914.659,-3040.01,179.239],"timestamp":257201867},
{"hands":[{"direction":[-0.463054,0.273164,-0.842923],"id":1,"palmNormal":[-0.197888,-0.959062,-0.201255],"palmPosition":[-32.9913,125.34,35.6055],"palmVelocity":[-19.0549,-17.0147,23.9487],"r":[[0.997427,-0.066669,0.0263456],[0.0693831,0.990228,-0.120977],[-0.0180228,0.122494,0.992306]],"s":1.00299,"sphereCenter":[-45.6057,105.937,12.0137],"sphereRadius":64.0004,"t":[-18.3131,5.59339,-81.5247]}],"id":44455,"pointables":[{"direction":[-0.160849,-0.273278,-0.948392],"handId":1,"id":2,"length":4.62106,"tipPosition":[-53.7006,116.174,-55.617],"tipVelocity":[-39.0577,-12.2896,11.5501],"tool":false},{"direction":[-0.413119,-0.420569,-0.807746],"handId":1,"id":5,"length":26.1684,"tipPosition":[-88.4506,138.998,-30.1949],"tipVelocity":[-67.0475,-11.692,-14.4905],"tool":false},{"direction":[-0.553004,0.145258,-0.820419],"handId":1,"id":4,"length":44.3425,"tipPosition":[-100.531,134.134,18.2738],"tipVelocity":[-5.5393,-33.6559,27.9747],"tool":false}],"r":[[-0.921909,-0.179793,-0.343158],[0.0164369,0.866834,-0.498325],[0.387056,-0.465051,-0.796188]],"s":53.3153,"t":[914.318,-3040.12,179.306],"timestamp":257211010},
{"hands":[{"direction":[-0.463535,0.271419,-0.84324],"id":1,"palmNormal":[-0.194608,-0.959771,-0.201063],"palmPosition":[-33.2556,125.256,35.4673],"palmVelocity":[-28.3624,-8.98826,-14.839],"r":[[0.997315,-0.0673894,0.0286441],[0.0704148,0.989946,-0.122675],[-0.0200891,0.124363,0.992033]],"s":1.00431,"sphereCenter":[-45.7365,106.418,12.1058],"sphereRadius":63.8672,"t":[-18.6921,5.47834,-81.4161]}],"id":44457,"pointables":[{"direction":[-0.161123,-0.272429,-0.948589],"handId":1,"id":2,"length":4.66056,"tipPosition":[-54.1171,116.053,-55.4665],"tipVelocity":[-44.7034,-12.9591,16.1521],"tool":false},{"direction":[-0.406202,-0.435031,-0.803584],"handId":1,"id":5,"length":26.3493,"tipPosition":[-89.0205,139.031,-30.1526],"tipVelocity":[-61.1702,3.60508,4.53734],"tool":false},{"direction":[-0.552758,0.144955,-0.820638],"handId":1,"id":4,"length":44.3631,"tipPosition":[-100.623,133.868,18.5074],"tipVelocity":[-9.88771,-28.5384,25.0652],"tool":false}],"r":[[-0.921074,-0.18168,-0.344406],[0.0148394,0.86746,-0.497285],[0.389105,-0.463147,-0.796299]],"s":53.3167,"t":[913.939,-3040.23,179.414],"timestamp":257220327},
{"hands":[{"direction":[-0.462915,0.2699,-0.844083],"id":1,"palmNormal":[-0.192197,-0.960339,-0.200746],"palmPosition":[-33.39,125.117,35.6018],"palmVelocity":[-14.0746,-14.6198,14.0846],"r":[[0.99721,-0.06785,0.0311176],[0.0712126,0.989709,-0.124113],[-0.0223763,0.125983,0.99178]],"s":1.00515,"sphereCenter":[-45.8096,106.677,12.0986],"sphereRadius":63.7845,"t":[-19.0963,5.3178,-81.241]}],"id":44459,"pointables":[{"direction":[-0.162952,-0.274375,-0.947716],"handId":1,"id":2,"length":4.73595,"tipPosition":[-54.5464,115.847,-55.225],"tipVelocity":[-44.9668,-21.5779,25.3003],"tool":false},{"direction":[-0.40044,-0.446132,-0.800383],"handId":1,"id":5,"length":26.6148,"tipPosition":[-89.465,138.868,-29.9758],"tipVelocity":[-46.5555,-17.1075,18.521],"tool":false},{"direction":[-0.555556,0.148117,-0.81818],"handId":1,"id":4,"length":44.3759,"tipPosition":[-100.712,133.614,18.7609],"tipVelocity":[-9.32947,-26.6116,26.5598],"tool":false}],"r":[[-0.920149,-0.183455,-0.345934],[0.0135572,0.868001,-0.496378],[0.391334,-0.461432,-0.796203]],"s":53.3175,"t":[913.534,-3040.39,179.589],"timestamp":257229875},
{"hands":[{"direction":[-0.465678,0.268335,-0.843042],"id":1,"palmNormal":[-0.189016,-0.961004,-0.200572],"palmPosition":[-33.4483,124.959,35.9337],"palmVelocity":[-6.20613,-16.741,35.2942],"r":[[0.997099,-0.068117,0.0339777],[0.0718672,0.989519,-0.125247],[-0.0250901,0.127326,0.991544]],"s":1.00578,"sphereCenter":[-45.9388,106.927,12.0476],"sphereRadius":63.6407,"t":[-19.5416,5.11117,-81.0658]}],"id":44461,"pointables":[{"direction":[-0.161625,-0.278388,-0.946772],"handId":1,"id":2,"length":4.77911,"tipPosition":[-55.0329,115.624,-55.0496],"tipVelocity":[-51.7284,-23.7021,18.646],"tool":false},{"direction":[-0.398205,-0.451145,-0.798687],"handId":1,"id":5,"length":26.8424,"tipPosition":[-90.0285,138.548,-29.927],"tipVelocity":[-59.9162,-34.037,5.19107],"tool":false},{"direction":[-0.55952,0.153639,-0.814452],"handId":1,"id":4,"length":44.391,"tipPosition":[-100.774,133.361,19.0379],"tipVelocity":[-6.52948,-26.8723,29.448],"tool":false}],"r":[[-0.919056,-0.185293,-0.347855],[0.0125222,0.86842,-0.49567],[0.393928,-0.459905,-0.795807]],"s":53.3181,"t":[913.089,-3040.6,179.765],"timestamp":257239279},
{"hands":[{"direction":[-0.468343,0.266231,-0.842211],"id":1,"palmNormal":[-0.186701,-0.961744,-0.199232],"palmPosition":[-33.5746,124.8,35.9864],"palmVelocity":[-13.5889,-17.1695,5.6819],"r":[[0.996999,-0.0682239,0.0365919],[0.0723296,0.989381,-0.126067],[-0.0276026,0.128335,0.991347]],"s":1.00489,"sphereCenter":[-46.2647,106.752,11.8707],"sphereRadius":63.5827,"t":[-19.9637,4.89803,-80.8594]}],"id":44463,"pointables":[{"direction":[-0.156453,-0.304645,-0.939529],"handId":1,"id":2,"length":4.83184,"tipPosition":[-55.5433,115.405,-54.8121],"tipVelocity":[-54.9525,-23.6508,25.5693],"tool":false},{"direction":[-0.399707,-0.452603,-0.79711],"handId":1,"id":5,"length":26.9304,"tipPosition":[-90.4273,138.186,-29.6209],"tipVelocity":[-42.9419,-38.9914,32.959],"tool":false},{"direction":[-0.563021,0.158394,-0.811122],"handId":1,"id":4,"length":44.319,"tipPosition":[-100.994,133.152,19.0392],"tipVelocity":[-23.6886,-22.5609,0.144195],"tool":false}],"r":[[-0.918041,-0.186862,-0.349689],[0.0117841,0.868725,-0.495155],[0.396309,-0.458694,-0.795323]],"s":53.3172,"t":[912.667,-3040.81,179.971],"timestamp":257248567},
{"hands":[{"direction":[-0.472445,0.263212,-0.840782],"id":1,"palmNormal":[-0.18331,-0.962766,-0.19733],"palmPosition":[-33.7002,124.59,36.1178],"palmVelocity":[-13.5336,-22.616,14.1529],"r":[[0.99691,-0.0680272,0.0392856],[0.072501,0.989284,-0.126733],[-0.0302433,0.12919,0.991159]],"s":1.00265,"sphereCenter":[-46.4077,106.67,11.9762],"sphereRadius":63.5396,"t":[-20.3171,4.68313,-80.643]}],"id":44465,"pointables":[{"direction":[-0.156826,-0.309405,-0.93791],"handId":1,"id":2,"length":4.92244,"tipPosition":[-56.1007,115.188,-54.5856],"tipVelocity":[-60.055,-23.3413,24.4088],"tool":false},{"direction":[-0.401772,-0.453081,-0.7958],"handId":1,"id":5,"length":26.9944,"tipPosition":[-90.7121,137.885,-29.0652],"tipVelocity":[-30.68,-32.3847,59.8651],"tool":false},{"direction":[-0.566743,0.16269,-0.807672],"handId":1,"id":4,"length":44.3222,"tipPosition":[-101.163,132.974,19.0996],"tipVelocity":[-18.2106,-19.1598,6.50558],"tool":false}],"r":[[-0.916971,-0.188231,-0.351759],[0.0113747,0.869007,-0.494669],[0.398793,-0.457598,-0.794713]],"s":53.315,"t":[912.314,-3041.03,180.187],"timestamp":257257849},
{"hands":[{"direction":[-0.476801,0.260328,-0.839134],"id":1,"palmNormal":[-0.181207,-0.963674,-0.194809],"palmPosition":[-34.0469,124.479,35.7886],"palmVelocity":[-37.1792,-11.8646,-35.2961],"r":[[0.996828,-0.0676519,0.041924],[0.0724768,0.98926,-0.126934],[-0.0328864,0.12957,0.991025]],"s":0.999079,"sphereCenter":[-46.6215,106.443,12.2061],"sphereRadius":63.5432,"t":[-20.6618,4.46189,-80.3753]}],"id":44467,"pointables":[{"direction":[-0.159639,-0.316936,-0.934916],"handId":1,"id":2,"length":5.03514,"tipPosition":[-56.6559,114.96,-54.2666],"tipVelocity":[-59.5327,-24.4025,34.1965],"tool":false},{"direction":[-0.406852,-0.448174,-0.795997],"handId":1,"id":5,"length":26.9275,"tipPosition":[-91.0481,137.321,-28.5954],"tipVelocity":[-36.0273,-60.5294,50.3731],"tool":false},{"direction":[-0.57087,0.167974,-0.803674],"handId":1,"id":4,"length":44.2351,"tipPosition":[-101.327,132.865,19.1539],"tipVelocity":[-17.6441,-11.7472,5.82356],"tool":false}],"r":[[-0.915904,-0.189423,-0.353891],[0.0113223,0.869105,-0.494499],[0.401238,-0.45692,-0.793872]],"s":53.3114,"t":[911.969,-3041.25,180.455],"timestamp":257267175},
{"hands":[{"direction":[-0.477981,0.257045,-0.839476],"id":1,"palmNormal":[-0.180971,-0.964477,-0.190933],"palmPosition":[-34.4134,124.338,35.4599],"palmVelocity":[-38.7093,-14.9297,-34.7203],"r":[[0.996726,-0.0672993,0.0448152],[0.0724923,0.989294,-0.126656],[-0.0358115,0.129491,0.990934]],"s":0.994858,"sphereCenter":[-46.9386,105.925,12.2377],"sphereRadius":63.6585,"t":[-21.1399,4.27595,-80.1315]}],"id":44469,"pointables":[{"direction":[-0.162558,-0.32849,-0.930414],"handId":1,"id":2,"length":5.1668,"tipPosition":[-57.2673,114.81,-53.9385],"tipVelocity":[-64.5785,-15.9128,34.6583],"tool":false},{"direction":[-0.415073,-0.432213,-0.800566],"handId":1,"id":5,"length":26.7661,"tipPosition":[-91.662,136.596,-28.3756],"tipVelocity":[-64.8525,-76.549,23.2145],"tool":false},{"direction":[-0.573853,0.17168,-0.800762],"handId":1,"id":4,"length":44.1813,"tipPosition":[-101.419,132.785,19.2598],"tipVelocity":[-9.73912,-8.43855,11.1884],"tool":false}],"r":[[-0.914731,-0.190776,-0.356191],[0.0114119,0.868972,-0.494729],[0.403903,-0.456609,-0.792699]],"s":53.3072,"t":[911.491,-3041.44,180.699],"timestamp":257276642},
{"hands":[{"direction":[-0.481465,0.253108,-0.838614],"id":1,"palmNormal":[-0.181337,-0.965381,-0.185639],"palmPosition":[-34.6802,124.189,35.082],"palmVelocity":[-29.6116,-16.4872,-41.9447],"r":[[0.996608,-0.0667188,0.0481798],[0.0723337,0.989368,-0.126171],[-0.0392496,0.129228,0.990838]],"s":0.98962,"sphereCenter":[-47.3512,105.387,12.3253],"sphereRadius":63.738,"t":[-21.6272,4.12141,-79.8317]}],"id":44471,"pointables":[{"direction":[-0.167157,-0.327186,-0.930058],"handId":1,"id":2,"length":5.31592,"tipPosition":[-57.9691,114.687,-53.5827],"tipVelocity":[-77.8869,-13.6652,39.4966],"tool":false},{"direction":[-0.422392,-0.426931,-0.799572],"handId":1,"id":5,"length":26.498,"tipPosition":[-92.1587,136.104,-27.8335],"tipVelocity":[-55.1243,-54.588,60.1672],"tool":false},{"direction":[-0.575609,0.17338,-0.799133],"handId":1,"id":4,"length":44.0833,"tipPosition":[-101.457,132.739,19.346],"tipVelocity":[-4.21251,-5.02018,9.56028],"tool":false}],"r":[[-0.913345,-0.192212,-0.358964],[0.0117419,0.868772,-0.495072],[0.407017,-0.456387,-0.791232]],"s":53.302,"t":[911.004,-3041.59,180.999],"timestamp":257285652},
{"hands":[{"direction":[-0.484619,0.249587,-0.837816],"id":1,"palmNormal":[-0.180717,-0.966262,-0.181543],"palmPosition":[-34.7117,123.91,35.4636],"palmVelocity":[-3.26946,-28.9758,39.6271],"r":[[0.996496,-0.0659103,0.051492],[0.0718946,0.989593,-0.124646],[-0.0427407,0.127911,0.990864]],"s":0.98349,"sphereCenter":[-47.5799,104.893,12.5337],"sphereRadius":63.9062,"t":[-22.2679,3.95044,-79.5365]}],"id":44473,"pointables":[{"direction":[-0.164811,-0.347586,-0.92305],"handId":1,"id":2,"length":5.50516,"tipPosition":[-58.7666,114.499,-53.1413],"tipVelocity":[-82.8261,-19.463,45.8356],"tool":false},{"direction":[-0.416664,-0.428092,-0.801953],"handId":1,"id":5,"length":25.9762,"tipPosition":[-92.9527,135.379,-27.5429],"tipVelocity":[-82.4587,-75.3032,30.1796],"tool":false},{"direction":[-0.578987,0.178031,-0.795663],"handId":1,"id":4,"length":44.0013,"tipPosition":[-101.675,132.942,19.2874],"tipVelocity":[-22.6153,21.0351,-6.07892],"tool":false}],"r":[[-0.911955,-0.193434,-0.361831],[0.0127224,0.868133,-0.496168],[0.410093,-0.457086,-0.789238]],"s":53.2958,"t":[910.363,-3041.76,181.294],"timestamp":257295281},
{"hands":[{"direction":[-0.490525,0.244882,-0.835564],"id":1,"palmNormal":[-0.180408,-0.96736,-0.175457],"palmPosition":[-34.8654,123.655,35.6975],"palmVelocity":[-16.8526,-27.9812,25.6409],"r":[[0.99634,-0.0643604,0.056254],[0.0708626,0.989937,-0.122489],[-0.0478045,0.126027,0.990874]],"s":0.977762,"sphereCenter":[-47.9091,104.466,12.7926],"sphereRadius":63.9265,"t":[-22.9903,3.74414,-79.1258]}],"id":44475,"pointables":[{"direction":[-0.174116,-0.347149,-0.921505],"handId":1,"id":2,"length":5.68502,"tipPosition":[-59.7125,114.258,-52.615],"tipVelocity":[-103.683,-26.4853,57.6937],"tool":false},{"direction":[-0.423486,-0.422243,-0.80148],"handId":1,"id":5,"length":25.4143,"tipPosition":[-93.7567,134.88,-27.0099],"tipVelocity":[-88.1308,-54.7478,58.4218],"tool":false},{"direction":[-0.580172,0.179762,-0.794409],"handId":1,"id":4,"length":43.9118,"tipPosition":[-101.486,133.139,19.7782],"tipVelocity":[20.7661,21.5924,53.797],"tool":false}],"r":[[-0.909913,-0.194875,-0.366173],[0.0144936,0.867295,-0.497584],[0.414547,-0.458065,-0.786338]],"s":53.2901,"t":[909.641,-3041.97,181.705],"timestamp":257304404},
{"hands":[{"direction":[-0.494301,0.23869,-0.834995],"id":1,"palmNormal":[-0.182767,-0.968315,-0.166008],"palmPosition":[-35.2715,123.426,35.6549],"palmVelocity":[-42.2281,-23.7688,-4.42803],"r":[[0.99616,-0.0617595,0.0620627],[0.0688289,0.990493,-0.119109],[-0.0541165,0.122923,0.99094]],"s":0.972612,"sphereCenter":[-48.3342,103.924,13.1134],"sphereRadius":63.9828,"t":[-23.9025,3.53288,-78.6928]}],"id":44477,"pointables":[{"direction":[-0.18555,-0.342311,-0.921083],"handId":1,"id":2,"length":5.91025,"tipPosition":[-60.8542,113.9,-51.9655],"tipVelocity":[-118.729,-37.1909,67.5401],"tool":false},{"direction":[-0.421803,-0.436596,-0.794648],"handId":1,"id":5,"length":24.7847,"tipPosition":[-94.8588,134.663,-26.5548],"tipVelocity":[-114.611,-22.4857,47.3288],"tool":false},{"direction":[-0.580954,0.179784,-0.793833],"handId":1,"id":4,"length":43.8502,"tipPosition":[-101.422,133.59,20.1838],"tipVelocity":[6.67423,46.9225,42.182],"tool":false}],"r":[[-0.907342,-0.196055,-0.371878],[0.0176573,0.866042,-0.49966],[0.420023,-0.459928,-0.782334]],"s":53.2849,"t":[908.728,-3042.18,182.138],"timestamp":257314020},
{"hands":[{"direction":[-0.495377,0.23349,-0.835811],"id":1,"palmNormal":[-0.189579,-0.968313,-0.15544],"palmPosition":[-35.5695,123.262,35.9518],"palmVelocity":[-32.2019,-17.8008,32.076],"r":[[0.995881,-0.0576155,0.070013],[0.0653878,0.991288,-0.114335],[-0.0628156,0.118442,0.990972]],"s":0.970573,"sphereCenter":[-48.7925,103.523,13.4046],"sphereRadius":63.9479,"t":[-25.026,3.50457,-78.0921]}],"id":44479,"pointables":[{"direction":[-0.19166,-0.35201,-0.916164],"handId":1,"id":2,"length":6.18802,"tipPosition":[-62.189,113.356,-51.1971],"tipVelocity":[-144.246,-58.8371,83.0379],"tool":false},{"direction":[-0.411569,-0.45025,-0.792393],"handId":1,"id":5,"length":24.265,"tipPosition":[-96.5188,134.818,-26.3672],"tipVelocity":[-179.374,16.7106,20.2762],"tool":false},{"direction":[-0.580059,0.177758,-0.794943],"handId":1,"id":4,"length":43.7768,"tipPosition":[-101.008,134.179,21.1022],"tipVelocity":[44.6318,63.6424,99.2399],"tool":false}],"r":[[-0.903721,-0.197188,-0.380007],[0.0226559,0.864343,-0.502393],[0.427523,-0.462632,-0.776657]],"s":53.2829,"t":[907.605,-3042.21,182.738],"timestamp":257323274},
{"hands":[{"direction":[-0.503136,0.227461,-0.832479],"id":1,"palmNormal":[-0.196961,-0.968267,-0.141693],"palmPosition":[-35.8116,123.021,36.2404],"palmVelocity":[-25.8814,-25.7463,30.8548],"r":[[0.99552,-0.0510155,0.0796087],[0.0594335,0.992456,-0.107232],[-0.0735376,0.111483,0.991042]],"s":0.968068,"sphereCenter":[-49.4576,102.885,14.0886],"sphereRadius":64.071,"t":[-25.9253,3.61589,-77.3407]}],"id":44481,"pointables":[{"direction":[-0.20779,-0.349541,-0.913589],"handId":1,"id":2,"length":6.45099,"tipPosition":[-63.736,112.726,-50.3045],"tipVelocity":[-165.376,-67.2667,95.4231],"tool":false},{"direction":[-0.581452,0.182053,-0.792951],"handId":1,"id":4,"length":43.5482,"tipPosition":[-100.812,135.31,22.014],"tipVelocity":[21.0576,120.921,97.4732],"tool":false}],"r":[[-0.899129,-0.197247,-0.390719],[0.0308656,0.861898,-0.506141],[0.436594,-0.467145,-0.76887]],"s":53.2804,"t":[906.705,-3042.1,183.49],"timestamp":257332628},
{"hands":[{"direction":[-0.507137,0.222308,-0.831407],"id":1,"palmNormal":[-0.207422,-0.967214,-0.127841],"palmPosition":[-35.9306,122.758,36.6825],"palmVelocity":[-12.781,-28.1769,47.469],"r":[[0.995181,-0.04153,0.0888294],[0.0499818,0.994208,-0.0951423],[-0.0843636,0.0991236,0.991492]],"s":0.965862,"sphereCenter":[-50.2773,102.403,14.9463],"sphereRadius":64.159,"t":[-26.6214,3.69998,-76.3533]}],"id":44483,"pointables":[{"direction":[-0.238078,-0.331913,-0.912772],"handId":1,"id":2,"length":7.46563,"tipPosition":[-64.8463,111.197,-48.7841],"tipVelocity":[-119.216,-164.226,163.234],"tool":false},{"direction":[-0.582008,0.185846,-0.791662],"handId":1,"id":4,"length":43.349,"tipPosition":[-100.687,136.954,22.9406],"tipVelocity":[13.3456,176.439,99.4843],"tool":false}],"r":[[-0.894329,-0.194737,-0.402806],[0.0441683,0.857482,-0.512615],[0.445224,-0.476238,-0.75827]],"s":53.2782,"t":[906.009,-3042.01,184.477],"timestamp":257341942},
{"hands":[{"direction":[-0.51371,0.218653,-0.828204],"id":1,"palmNormal":[-0.220652,-0.965109,-0.112724],"palmPosition":[-35.9872,122.461,37.3232],"palmVelocity":[-6.20581,-32.5563,70.2032],"r":[[0.994545,-0.0294454,0.10007],[0.0375888,0.996046,-0.0804913],[-0.0973039,0.0838137,0.991719]],"s":0.963268,"sphereCenter":[-51.0799,102.52,15.8821],"sphereRadius":64.0351,"t":[-27.4056,4.22599,-75.2342]}],"id":44485,"pointables":[{"direction":[-0.273873,-0.310523,-0.910258],"handId":1,"id":2,"length":7.93547,"tipPosition":[-66.8102,110.864,-47.3929],"tipVelocity":[-215.168,-36.4063,152.431],"tool":false},{"direction":[-0.582844,0.192655,-0.789416],"handId":1,"id":4,"length":43.036,"tipPosition":[-100.468,139.222,24.0507],"tipVelocity":[24.0348,248.508,121.632],"tool":false}],"r":[[-0.888209,-0.191225,-0.417754],[0.061126,0.851999,-0.519963],[0.455356,-0.487371,-0.745064]],"s":53.2756,"t":[905.225,-3041.49,185.596],"timestamp":257351069},
{"hands":[{"direction":[-0.516847,0.212489,-0.827824],"id":1,"palmNormal":[-0.23771,-0.961244,-0.0928998],"palmPosition":[-36.3313,122.391,37.4577],"palmVelocity":[-35.8756,-7.33686,14.0154],"r":[[0.993215,-0.0146489,0.11537],[0.0222445,0.997649,-0.0648274],[-0.114149,0.0669539,0.991205]],"s":0.962112,"sphereCenter":[-52.6021,101.743,16.859],"sphereRadius":64.3877,"t":[-28.2049,5.24997,-74.0681]}],"id":44487,"pointables":[{"direction":[-0.310908,-0.306922,-0.899519],"handId":1,"id":2,"length":8.40658,"tipPosition":[-69.1259,111.132,-46.4465],"tipVelocity":[-241.477,27.8639,98.6876],"tool":false},{"direction":[-0.579635,0.192034,-0.791925],"handId":1,"id":4,"length":42.6222,"tipPosition":[-99.781,141.998,25.5306],"tipVelocity":[71.6237,289.537,154.312],"tool":false}],"r":[[-0.879654,-0.187748,-0.436988],[0.0811574,0.846061,-0.526872],[0.468638,-0.49893,-0.729004]],"s":53.2744,"t":[904.426,-3040.46,186.762],"timestamp":257360659},
{"hands":[{"direction":[-0.529375,0.217413,-0.817496],"id":1,"palmNormal":[-0.262458,-0.953657,-0.0744303],"palmPosition":[-35.8453,122.874,39.2691],"palmVelocity":[17.252,17.1481,64.2989],"r":[[0.990393,0.00790507,0.138057],[-0.0023795,0.999191,-0.0401432],[-0.138263,0.039429,0.98961]],"s":0.965002,"sphereCenter":[-53.5272,103.324,17.8549],"sphereRadius":63.9955,"t":[-28.6336,7.56755,-72.7631]}],"id":44491,"pointables":[{"direction":[-0.384122,-0.276234,-0.880991],"handId":1,"id":2,"length":9.6586,"tipPosition":[-71.8857,111.221,-45.0015],"tipVelocity":[-97.9615,3.16431,51.2922],"tool":false},{"direction":[-0.581304,0.223096,-0.782505],"handId":1,"id":4,"length":41.1208,"tipPosition":[-97.137,149.132,26.9733],"tipVelocity":[93.8503,253.202,51.2124],"tool":false}],"r":[[-0.866111,-0.181889,-0.465583],[0.113084,0.835992,-0.536963],[0.486891,-0.517719,-0.703494]],"s":53.2773,"t":[903.997,-3038.15,188.067],"timestamp":257388831},
{"hands":[{"direction":[-0.531628,0.212693,-0.817467],"id":1,"palmNormal":[-0.179686,-0.93607,-0.12067],"palmPosition":[-34.1236,119.455,37.8699],"palmVelocity":[74.369,-147.676,-60.4414],"r":[[0.987335,0.0254527,0.156592],[-0.0224609,0.99953,-0.0208459],[-0.157049,0.0170647,0.987443]],"s":0.967027,"sphereCenter":[-53.6459,108.078,18.1666],"sphereRadius":63.7907,"t":[-28.6321,8.73787,-71.9989]}],"id":44494,"pointables":[],"r":[[-0.85446,-0.177695,-0.488182],[0.138735,0.827513,-0.544036],[0.50065,-0.532585,-0.682424]],"s":53.2794,"t":[903.999,-3036.97,188.831],"timestamp":257411981},
{"hands":[{"direction":[-0.535339,0.209656,-0.816003],"id":1,"palmNormal":[-0.0950403,-0.907371,-0.169533],"palmPosition":[-32.6204,115.631,36.0318],"palmVelocity":[160.361,-408.013,-196.077],"r":[[0.984379,0.0391606,0.17165],[-0.0387549,0.999232,-0.00571515],[-0.171742,-0.00102638,0.985141]],"s":0.968444,"sphereCenter":[-58.1841,117.671,23.8013],"sphereRadius":70.7364,"t":[-28.3303,8.90918,-71.7552]}],"id":44496,"pointables":[],"r":[[-0.844626,-0.174657,-0.506064],[0.159306,0.820468,-0.549049],[0.511105,-0.54436,-0.665165]],"s":53.2808,"t":[904.3,-3036.8,189.075],"timestamp":257421355},
{"hands":[{"direction":[-0.538062,0.21222,-0.813726],"id":1,"palmNormal":[-0.020604,-0.877909,-0.216447],"palmPosition":[-30.9511,112.545,34.656],"palmVelocity":[179.901,-332.507,-148.27],"r":[[0.98169,0.0499092,0.183833],[-0.0519284,0.998632,0.00618354],[-0.183273,-0.0156165,0.982938]],"s":0.969437,"sphereCenter":[-62.7837,127.357,30.0274],"sphereRadius":78.5424,"t":[-29.4344,8.39452,-68.8389]}],"id":44498,"pointables":[{"direction":[-0.495754,-0.132485,-0.858298],"handId":1,"id":2,"length":10.1946,"tipPosition":[-74.3958,110.02,-39.4124],"tipVelocity":[-60.0449,-28.7216,133.699],"tool":false}],"r":[[-0.836436,-0.172429,-0.520233],[0.175782,0.814669,-0.552643],[0.51911,-0.553699,-0.651109]],"s":53.2818,"t":[903.196,-3037.32,191.992],"timestamp":257430634},
{"hands":[{"direction":[-0.53902,0.216428,-0.81213],"id":1,"palmNormal":[0.0431543,-0.852847,-0.257222],"palmPosition":[-29.0665,110.374,33.4609],"palmVelocity":[202.928,-233.848,-128.694],"r":[[0.979331,0.0583656,0.193662],[-0.0625516,0.99792,0.015566],[-0.192351,-0.0273581,0.980945]],"s":0.970131,"sphereCenter":[-65.3034,135.175,34.3537],"sphereRadius":83.7999,"t":[-30.7709,7.77983,-64.8206]}],"id":44500,"pointables":[{"direction":[-0.593034,0.00897731,-0.805127],"handId":1,"id":2,"length":10.9916,"tipPosition":[-75.9646,109.305,-34.2922],"tipVelocity":[-168.928,-76.9581,551.331],"tool":false}],"r":[[-0.82968,-0.170776,-0.531476],[0.188971,0.80993,-0.555251],[0.525282,-0.561114,-0.639711]],"s":53.2825,"t":[901.86,-3037.93,196.01],"timestamp":257439921},
{"hands":[{"direction":[-0.540354,0.220744,-0.810197],"id":1,"palmNormal":[0.0973979,-0.831635,-0.293279],"palmPosition":[-28.4881,110.452,29.1153],"palmVelocity":[60.3791,8.1694,-453.611],"r":[[0.977311,0.065038,0.201576],[-0.071102,0.997204,0.0229821],[-0.199518,-0.0367931,0.979203]],"s":0.970618,"sphereCenter":[-63.9386,137.312,31.2418],"sphereRadius":81.6633,"t":[-28.4143,6.80201,-78.2799]}],"id":44502,"pointables":[{"direction":[-0.557834,0.215736,-0.801423],"handId":1,"id":4,"length":39.3578,"tipPosition":[-91.0874,147.791,-3.9636],"tipVelocity":[99.7139,-22.1023,-509.921],"tool":false}],"r":[[-0.824146,-0.169536,-0.540408],[0.199525,0.806075,-0.557165],[0.530069,-0.56701,-0.630497]],"s":53.283,"t":[904.216,-3038.91,182.55],"timestamp":257449501},
{"hands":[{"direction":[-0.536355,0.225397,-0.811605],"id":1,"palmNormal":[0.144297,-0.816386,-0.321002],"palmPosition":[-27.2875,110.838,23.8555],"palmVelocity":[129.441,41.618,-567.091],"r":[[0.975611,0.0703157,0.207938],[-0.0779743,0.996538,0.0288563],[-0.205189,-0.0443664,0.977716]],"s":0.970958,"sphereCenter":[-59.938,135.734,25.5456],"sphereRadius":78.1282,"t":[-23.118,5.04488,-106.673]}],"id":44504,"pointables":[{"direction":[-0.533801,0.193585,-0.823153],"handId":1,"id":4,"length":37.6706,"tipPosition":[-82.8513,145.254,-47.2914],"tipVelocity":[887.99,-273.471,-4671.46],"tool":false}],"r":[[-0.819637,-0.168598,-0.547513],[0.207967,0.802952,-0.558586],[0.533802,-0.571702,-0.623066]],"s":53.2833,"t":[909.513,-3040.67,154.157],"timestamp":257458776},
{"hands":[{"direction":[-0.525307,0.230805,-0.8167],"id":1,"palmNormal":[0.184044,-0.807234,-0.340307],"palmPosition":[-24.9821,110.636,19.0119],"palmVelocity":[249.048,-21.8554,-523.24],"r":[[0.974198,0.074499,0.213047],[-0.083492,0.995945,0.0335176],[-0.209686,-0.0504405,0.976467]],"s":0.971197,"sphereCenter":[-54.8213,132.93,19.6686],"sphereRadius":75.3325,"t":[-15.359,2.32544,-131.17]}],"id":44506,"pointables":[{"direction":[-0.504961,0.180522,-0.844054],"handId":1,"id":4,"length":36.0216,"tipPosition":[-72.6296,141.572,-67.89],"tipVelocity":[1104.21,-397.726,-2225.19],"tool":false}],"r":[[-0.815978,-0.167881,-0.553169],[0.21472,0.800428,-0.559653],[0.536727,-0.57544,-0.617084]],"s":53.2835,"t":[917.272,-3043.39,129.661],"timestamp":257468033},
