[
{"hands":[{"direction":[-0.41167,0.345568,-0.842345],"id":1,"palmNormal":[-0.39135,-0.901987,-0.1805],"palmPosition":[11.5022,119.257,63.323],"palmVelocity":[-38.9447,19.5781,-41.4554],"r":[[1,0,0],[0,1,0],[0,0,1]],"s":1,"sphereCenter":[-13.508,108.713,30.031],"sphereRadius":63.0719,"t":[-25.4279,-16.6267,-57.2381]}],"id":33307,"pointables":[{"direction":[-0.468769,0.188644,-0.862942],"handId":1,"id":2,"length":46.8673,"tipPosition":[-61.3114,154.155,23.8234],"tipVelocity":[-35.1709,-4.63358,-23.8555],"tool":false}],"r":[[0.581116,0.424711,-0.694208],[-0.460974,-0.531203,-0.710863],[-0.670677,0.733106,-0.11291]],"s":46.5714,"t":[486.18,-2746.32,-5.07544],"timestamp":199673012},
{"hands":[{"direction":[-0.409774,0.349972,-0.841463],"id":1,"palmNormal":[-0.391217,-0.900836,-0.18611],"palmPosition":[11.4535,119.301,63.5689],"palmVelocity":[-5.15403,4.68725,26.0149],"r":[[1,0,0],[0,1,0],[0,0,1]],"s":1,"sphereCenter":[-14.0156,108.75,29.545],"sphereRadius":62.986,"t":[-25.7405,-16.6793,-57.4289]}],"id":33309,"pointables":[{"direction":[-0.4707,0.191717,-0.861212],"handId":1,"id":2,"length":46.7916,"tipPosition":[-61.6195,154.076,23.6168],"tipVelocity":[-32.6056,-8.31341,-21.8605],"tool":false}],"r":[[0.581116,0.424711,-0.694208],[-0.460974,-0.531203,-0.710863],[-0.670677,0.733106,-0.11291]],"s":46.5714,"t":[485.867,-2746.37,-5.26623],"timestamp":199682462},
{"hands":[{"direction":[-0.411134,0.354259,-0.839003],"id":1,"palmNormal":[-0.389137,-0.900486,-0.19173],"palmPosition":[11.4685,119.25,64.008],"palmVelocity":[1.641,-5.5626,47.8994],"r":[[1,0,0],[0,1,0],[0,0,1]],"s":1,"sphereCenter":[-14.1777,108.886,29.2794],"sphereRadius":62.9857,"t":[-26.0353,-16.7657,-57.6254]}],"id":33311,"pointables":[{"direction":[-0.473058,0.19661,-0.858814],"handId":1,"id":2,"length":46.7278,"tipPosition":[-61.8965,153.956,23.4146],"tipVelocity":[-30.2093,-13.1173,-22.0537],"tool":false}],"r":[[0.581116,0.424711,-0.694208],[-0.460974,-0.531203,-0.710863],[-0.670677,0.733106,-0.11291]],"s":46.5714,"t":[485.572,-2746.45,-5.46271],"timestamp":199691629},
{"hands":[{"direction":[-0.409071,0.357335,-0.838761],"id":1,"palmNormal":[-0.389335,-0.899578,-0.195604],"palmPosition":[11.1859,119.296,63.8463],"palmVelocity":[-29.6303,4.77493,-16.9439],"r":[[1,0,0],[0,1,0],[0,0,1]],"s":1,"sphereCenter":[-14.5391,109.021,28.8975],"sphereRadius":62.9438,"t":[-26.3134,-16.8621,-57.8043]}],"id":33313,"pointables":[{"direction":[-0.475019,0.19942,-0.857082],"handId":1,"id":2,"length":46.709,"tipPosition":[-62.1578,153.849,23.2532],"tipVelocity":[-27.3978,-11.1579,-16.9268],"tool":false}],"r":[[0.581116,0.424711,-0.694208],[-0.460974,-0.531203,-0.710863],[-0.670677,0.733106,-0.11291]],"s":46.5714,"t":[485.294,-2746.55,-5.64168],"timestamp":199701168},
{"hands":[{"direction":[-0.408534,0.358826,-0.838481],"id":1,"palmNormal":[-0.390296,-0.898991,-0.196655],"palmPosition":[10.7269,119.489,63.3702],"palmVelocity":[-48.3908,20.3876,-50.1992],"r":[[1,0,0],[0,1,0],[0,0,1]],"s":1,"sphereCenter":[-14.9647,109.108,28.586],"sphereRadius":62.8937,"t":[-26.6014,-16.9348,-57.9528]}],"id":33315,"pointables":[{"direction":[-0.476386,0.201839,-0.855755],"handId":1,"id":2,"length":46.6854,"tipPosition":[-62.4557,153.8,23.1352],"tipVelocity":[-31.4053,-5.16883,-12.439],"tool":false}],"r":[[0.581116,0.424711,-0.694208],[-0.460974,-0.531203,-0.710863],[-0.670677,0.733106,-0.11291]],"s":46.5714,"t":[485.006,-2746.62,-5.79016],"timestamp":199710653},
{"hands":[{"direction":[-0.408278,0.358646,-0.838776],"id":1,"palmNormal":[-0.389712,-0.899305,-0.19664],"palmPosition":[10.4154,119.663,62.9168],"palmVelocity":[-33.5847,18.7036,-48.8961],"r":[[1,0,0],[0,1,0],[0,0,1]],"s":1,"sphereCenter":[-15.424,109.152,28.267],"sphereRadius":62.8693,"t":[-26.8875,-17.0583,-58.0957]}],"id":33317,"pointables":[{"direction":[-0.477457,0.202978,-0.854889],"handId":1,"id":2,"length":46.688,"tipPosition":[-62.7401,153.626,22.9979],"tipVelocity":[-30.6655,-18.7955,-14.8042],"tool":false}],"r":[[0.581116,0.424711,-0.694208],[-0.460974,-0.531203,-0.710863],[-0.670677,0.733106,-0.11291]],"s":46.5714,"t":[484.72,-2746.75,-5.93304],"timestamp":199719926},
{"hands":[{"direction":[-0.410348,0.359814,-0.837315],"id":1,"palmNormal":[-0.388449,-0.89962,-0.19788],"palmPosition":[10.1589,119.64,62.3264],"palmVelocity":[-27.7627,-2.43141,-63.8811],"r":[[1,0,0],[0,1,0],[0,0,1]],"s":1,"sphereCenter":[-15.8724,109.292,28.1086],"sphereRadius":62.9087,"t":[-27.1936,-17.1695,-58.1937]}],"id":33319,"pointables":[{"direction":[-0.479097,0.207196,-0.852957],"handId":1,"id":2,"length":46.6014,"tipPosition":[-63.0661,153.527,22.9447],"tipVelocity":[-35.2733,-10.7018,-5.75686],"tool":false}],"r":[[0.581116,0.424711,-0.694208],[-0.460974,-0.531203,-0.710863],[-0.670677,0.733106,-0.11291]],"s":46.5714,"t":[484.414,-2746.86,-6.03108],"timestamp":199729168},
{"hands":[{"direction":[-0.40841,0.360646,-0.83796],"id":1,"palmNormal":[-0.387572,-0.899599,-0.19982],"palmPosition":[9.9242,119.635,61.9152],"palmVelocity":[-25.4452,-0.574222,-44.584],"r":[[1,0,0],[0,1,0],[0,0,1]],"s":1,"sphereCenter":[-16.2817,109.3,27.8831],"sphereRadius":62.921,"t":[-27.4963,-17.3233,-58.2546]}],"id":33321,"pointables":[{"direction":[-0.481358,0.211864,-0.850534],"handId":1,"id":2,"length":46.6256,"tipPosition":[-63.3654,153.331,22.9209],"tipVelocity":[-32.4589,-21.303,-2.57578],"tool":false}],"r":[[0.581116,0.424711,-0.694208],[-0.460974,-0.531203,-0.710863],[-0.670677,0.733106,-0.11291]],"s":46.5714,"t":[484.111,-2747.01,-6.09198],"timestamp":199738390},
{"hands":[{"direction":[-0.407053,0.360573,-0.838711],"id":1,"palmNormal":[-0.386052,-0.900038,-0.200917],"palmPosition":[9.4061,119.961,61.414],"palmVelocity":[-53.5724,33.7185,-51.8276],"r":[[1,0,0],[0,1,0],[0,0,1]],"s":1,"sphereCenter":[-16.4169,109.261,27.7124],"sphereRadius":62.9091,"t":[-27.7995,-17.5431,-58.303]}],"id":33323,"pointables":[{"direction":[-0.483111,0.213146,-0.849219],"handId":1,"id":2,"length":46.6823,"tipPosition":[-63.669,153.045,22.885],"tipVelocity":[-31.3915,-29.5459,-3.71235],"tool":false}],"r":[[0.581116,0.424711,-0.694208],[-0.460974,-0.531203,-0.710863],[-0.670677,0.733106,-0.11291]],"s":46.5714,"t":[483.808,-2747.23,-6.14038],"timestamp":199748061},
{"hands":[{"direction":[-0.408003,0.360602,-0.838295],"id":1,"palmNormal":[-0.385212,-0.900417,-0.200988],"palmPosition":[9.23783,119.904,61.2737],"palmVelocity":[-18.3519,-6.26146,-15.3075],"r":[[1,0,0],[0,1,0],[0,0,1]],"s":1,"sphereCenter":[-16.6467,109.262,27.5435],"sphereRadius":62.8819,"t":[-28.1369,-17.7317,-58.308]}],"id":33325,"pointables":[{"direction":[-0.485437,0.216544,-0.84703],"handId":1,"id":2,"length":46.6926,"tipPosition":[-64.0408,152.888,22.9235],"tipVelocity":[-40.5517,-17.1755,4.19156],"tool":false}],"r":[[0.581116,0.424711,-0.694208],[-0.460974,-0.531203,-0.710863],[-0.670677,0.733106,-0.11291]],"s":46.5714,"t":[483.471,-2747.42,-6.14536],"timestamp":199757230},
{"hands":[{"direction":[-0.410265,0.359961,-0.837495],"id":1,"palmNormal":[-0.382262,-0.901624,-0.201197],"palmPosition":[9.07021,119.843,61.2382],"palmVelocity":[-17.7888,-6.38824,-3.76661],"r":[[1,0,0],[0,1,0],[0,0,1]],"s":1,"sphereCenter":[-16.7328,109.265,27.5028],"sphereRadius":62.9172,"t":[-28.3246,-18.0739,-58.0889]}],"id":33327,"pointables":[{"direction":[-0.486844,0.216678,-0.846187],"handId":1,"id":2,"length":46.7309,"tipPosition":[-64.0787,152.392,23.3667],"tipVelocity":[-4.01843,-52.5955,47.0367],"tool":false}],"r":[[0.581116,0.424711,-0.694208],[-0.460974,-0.531203,-0.710863],[-0.670677,0.733106,-0.11291]],"s":46.5714,"t":[483.283,-2747.76,-5.92624],"timestamp":199766653},
{"hands":[{"direction":[-0.410635,0.358017,-0.838181],"id":1,"palmNormal":[-0.380547,-0.902681,-0.199754],"palmPosition":[8.59365,120.02,60.3889],"palmVelocity":[-51.3644,19.031,-91.5359],"r":[[1,0,0],[0,1,0],[0,0,1]],"s":1,"sphereCenter":[-17.2153,109.045,27.3225],"sphereRadius":62.9366,"t":[-28.699,-18.3229,-58.1149]}],"id":33329,"pointables":[{"direction":[-0.489234,0.2189,-0.844235],"handId":1,"id":2,"length":46.7374,"tipPosition":[-64.6398,152.236,23.0956],"tipVelocity":[-60.4794,-16.8055,-29.2183],"tool":false}],"r":[[0.581116,0.424711,-0.694208],[-0.460974,-0.531203,-0.710863],[-0.670677,0.733106,-0.11291]],"s":46.5714,"t":[482.909,-2748.01,-5.95223],"timestamp":199775931},
{"hands":[{"direction":[-0.412966,0.357881,-0.837112],"id":1,"palmNormal":[-0.375893,-0.904136,-0.201674],"palmPosition":[8.58752,119.947,60.7035],"palmVelocity":[-0.661691,-7.85103,33.9507],"r":[[1,0,0],[0,1,0],[0,0,1]],"s":1,"sphereCenter":[-17.3624,108.817,27.2976],"sphereRadius":63.0272,"t":[-29.0674,-18.5732,-58.0845]}],"id":33331,"pointables":[{"direction":[-0.491934,0.221885,-0.841884],"handId":1,"id":2,"length":46.7842,"tipPosition":[-65.0021,151.984,23.1824],"tipVelocity":[-39.096,-27.1498,9.36292],"tool":false}],"r":[[0.581116,0.424711,-0.694208],[-0.460974,-0.531203,-0.710863],[-0.670677,0.733106,-0.11291]],"s":46.5714,"t":[482.54,-2748.26,-5.92184],"timestamp":199785197},
{"hands":[{"direction":[-0.412737,0.35667,-0.837779],"id":1,"palmNormal":[-0.374914,-0.904755,-0.200872],"palmPosition":[8.31255,119.911,60.3385],"palmVelocity":[-28.5976,-3.74427,-37.9547],"r":[[1,0,0],[0,1,0],[0,0,1]],"s":1,"sphereCenter":[-17.7489,108.619,27.2232],"sphereRadius":63.0951,"t":[-29.5022,-18.803,-58.1291]}],"id":33333,"pointables":[{"direction":[-0.494481,0.224925,-0.839581],"handId":1,"id":2,"length":46.8207,"tipPosition":[-65.5033,151.775,23.0628],"tipVelocity":[-52.1335,-21.7752,-12.4333],"tool":false}],"r":[[0.581116,0.424711,-0.694208],[-0.460974,-0.531203,-0.710863],[-0.670677,0.733106,-0.11291]],"s":46.5714,"t":[482.105,-2748.49,-5.96642],"timestamp":199794812},
{"hands":[{"direction":[-0.414114,0.352821,-0.838695],"id":1,"palmNormal":[-0.37302,-0.906335,-0.197063],"palmPosition":[7.83708,119.946,59.5798],"palmVelocity":[-52.3301,3.81141,-83.5054],"r":[[1,0,0],[0,1,0],[0,0,1]],"s":1,"sphereCenter":[-18.1866,108.253,27.2397],"sphereRadius":63.1961,"t":[-29.9173,-19.0861,-58.139]}],"id":33335,"pointables":[{"direction":[-0.496866,0.226516,-0.837744],"handId":1,"id":2,"length":46.7915,"tipPosition":[-65.8987,151.439,23.0875],"tipVelocity":[-43.5185,-37.0146,2.71276],"tool":false}],"r":[[0.581116,0.424711,-0.694208],[-0.460974,-0.531203,-0.710863],[-0.670677,0.733106,-0.11291]],"s":46.5714,"t":[481.69,-2748.77,-5.97638],"timestamp":199803898},
{"hands":[{"direction":[-0.418067,0.353035,-0.8366],"id":1,"palmNormal":[-0.368579,-0.907694,-0.198932],"palmPosition":[7.78495,119.788,60.1045],"palmVelocity":[-5.57068,-16.925,56.0702],"r":[[1,0,0],[0,1,0],[0,0,1]],"s":1,"sphereCenter":[-18.171,107.949,27.4294],"sphereRadius":63.3488,"t":[-30.3594,-19.3941,-58.2231]}],"id":33337,"pointables":[{"direction":[-0.49865,0.22661,-0.836658],"handId":1,"id":2,"length":46.8148,"tipPosition":[-66.368,151.106,22.9292],"tipVelocity":[-50.1459,-35.5849,-16.9133],"tool":false}],"r":[[0.581116,0.424711,-0.694208],[-0.460974,-0.531203,-0.710863],[-0.670677,0.733106,-0.11291]],"s":46.5714,"t":[481.248,-2749.08,-6.0605],"timestamp":199813256},
{"hands":[{"direction":[-0.420282,0.351114,-0.836312],"id":1,"palmNormal":[-0.365489,-0.909168,-0.197907],"palmPosition":[7.53557,119.777,60.1564],"palmVelocity":[-26.381,-1.07197,5.48479],"r":[[1,0,0],[0,1,0],[0,0,1]],"s":1,"sphereCenter":[-18.276,107.601,27.5523],"sphereRadius":63.455,"t":[-30.7959,-19.715,-58.2715]}],"id":33339,"pointables":[{"direction":[-0.500719,0.225602,-0.835694],"handId":1,"id":2,"length":46.8639,"tipPosition":[-66.7987,150.772,22.9165],"tipVelocity":[-45.5582,-35.3045,-1.34044],"tool":false}],"r":[[0.581116,0.424711,-0.694208],[-0.460974,-0.531203,-0.710863],[-0.670677,0.733106,-0.11291]],"s":46.5714,"t":[480.812,-2749.4,-6.1089],"timestamp":199822709},
{"hands":[{"direction":[-0.420903,0.349269,-0.836803],"id":1,"palmNormal":[-0.36405,-0.910088,-0.19646],"palmPosition":[7.29778,119.698,60.0065],"palmVelocity":[-25.5164,-8.49261,-16.0867],"r":[[1,0,0],[0,1,0],[0,0,1]],"s":1,"sphereCenter":[-18.653,107.179,27.6608],"sphereRadius":63.4926,"t":[-31.0954,-20.0372,-58.0314]}],"id":33341,"pointables":[{"direction":[-0.502475,0.223736,-0.835141],"handId":1,"id":2,"length":46.9239,"tipPosition":[-66.9612,150.449,23.4451],"tipVelocity":[-17.4436,-34.7059,56.7236],"tool":false}],"r":[[0.581116,0.424711,-0.694208],[-0.460974,-0.531203,-0.710863],[-0.670677,0.733106,-0.11291]],"s":46.5714,"t":[480.512,-2749.73,-5.86879],"timestamp":199832028},
{"hands":[{"direction":[-0.425619,0.346882,-0.835325],"id":1,"palmNormal":[-0.360412,-0.911912,-0.194566],"palmPosition":[7.29303,119.521,60.3143],"palmVelocity":[-0.500362,-18.6835,32.4144],"r":[[1,0,0],[0,1,0],[0,0,1]],"s":1,"sphereCenter":[-18.7424,106.754,27.868],"sphereRadius":63.7043,"t":[-31.2612,-20.3586,-57.5442]}],"id":33343,"pointables":[{"direction":[-0.503809,0.219792,-0.835385],"handId":1,"id":2,"length":46.8638,"tipPosition":[-66.9935,150.128,24.1795],"tipVelocity":[-3.39497,-33.7584,77.3241],"tool":false}],"r":[[0.581116,0.424711,-0.694208],[-0.460974,-0.531203,-0.710863],[-0.670677,0.733106,-0.11291]],"s":46.5714,"t":[480.346,-2750.05,-5.38153],"timestamp":199841526},
{"hands":[{"direction":[-0.425632,0.343829,-0.836588],"id":1,"palmNormal":[-0.359842,-0.912813,-0.191405],"palmPosition":[7.03723,119.471,60.0049],"palmVelocity":[-27.6751,-5.38983,-33.477],"r":[[1,0,0],[0,1,0],[0,0,1]],"s":1,"sphereCenter":[-19.3216,106.179,27.9556],"sphereRadius":63.8452,"t":[-31.342,-20.6219,-56.8777]}],"id":33345,"pointables":[{"direction":[-0.504524,0.214964,-0.836209],"handId":1,"id":2,"length":46.7336,"tipPosition":[-66.9891,149.923,25.0253],"tipVelocity":[0.473058,-22.2126,91.4981],"tool":false}],"r":[[0.581116,0.424711,-0.694208],[-0.460974,-0.531203,-0.710863],[-0.670677,0.733106,-0.11291]],"s":46.5714,"t":[480.266,-2750.31,-4.71504],"timestamp":199850769},
{"hands":[{"direction":[-0.432106,0.341447,-0.834063],"id":1,"palmNormal":[-0.356102,-0.914712,-0.189154],"palmPosition":[6.92481,119.4,60.1665],"palmVelocity":[-11.9669,-7.58979,17.1983],"r":[[1,0,0],[0,1,0],[0,0,1]],"s":1,"sphereCenter":[-19.322,105.957,28.4008],"sphereRadius":63.884,"t":[-31.492,-20.653,-56.2587]}],"id":33347,"pointables":[{"direction":[-0.506221,0.21266,-0.835773],"handId":1,"id":2,"length":46.632,"tipPosition":[-67.2085,150.124,25.5967],"tipVelocity":[-23.3551,21.4264,60.832],"tool":false}],"r":[[0.581116,0.424711,-0.694208],[-0.460974,-0.531203,-0.710863],[-0.670677,0.733106,-0.11291]],"s":46.5714,"t":[480.116,-2750.34,-4.09607],"timestamp":199860163},
{"hands":[{"direction":[-0.441164,0.339379,-0.82978],"id":1,"palmNormal":[-0.355828,-0.915804,-0.184094],"palmPosition":[7.12858,119.045,60.9901],"palmVelocity":[21.8469,-38.0111,88.3103],"r":[[1,0,0],[0,1,0],[0,0,1]],"s":1,"sphereCenter":[-19.3845,106.101,28.7945],"sphereRadius":63.8206,"t":[-31.6673,-20.3926,-55.6522]}],"id":33349,"pointables":[{"direction":[-0.507753,0.21457,-0.834354],"handId":1,"id":2,"length":46.5187,"tipPosition":[-67.4088,150.676,26.1907],"tipVelocity":[-21.4804,59.1649,63.6892],"tool":false}],"r":[[0.581116,0.424711,-0.694208],[-0.460974,-0.531203,-0.710863],[-0.670677,0.733106,-0.11291]],"s":46.5714,"t":[479.94,-2750.08,-3.48956],"timestamp":199869490},
{"hands":[{"direction":[-0.451528,0.336064,-0.825054],"id":1,"palmNormal":[-0.354682,-0.917404,-0.177714],"palmPosition":[7.23361,118.891,61.5102],"palmVelocity":[11.3519,-16.7098,56.2065],"r":[[1,0,0],[0,1,0],[0,0,1]],"s":1,"sphereCenter":[-19.6658,106.135,29.1715],"sphereRadius":63.7959,"t":[-31.8615,-19.7955,-55.1469]}],"id":33351,"pointables":[{"direction":[-0.509897,0.219201,-0.831839],"handId":1,"id":2,"length":46.3936,"tipPosition":[-67.6222,151.609,26.5949],"tipVelocity":[-23.0597,100.915,43.6864],"tool":false}],"r":[[0.581116,0.424711,-0.694208],[-0.460974,-0.531203,-0.710863],[-0.670677,0.733106,-0.11291]],"s":46.5714,"t":[479.746,-2749.48,-2.98422],"timestamp":199878742},
{"hands":[{"direction":[-0.456662,0.332884,-0.823531],"id":1,"palmNormal":[-0.360249,-0.916639,-0.168378],"palmPosition":[7.26141,118.84,61.9257],"palmVelocity":[2.95622,-5.40797,44.1785],"r":[[1,0,0],[0,1,0],[0,0,1]],"s":1,"sphereCenter":[-20.5857,105.581,29.4796],"sphereRadius":63.9751,"t":[-31.8823,-18.8223,-54.433]}],"id":33353,"pointables":[{"direction":[-0.513844,0.225702,-0.827661],"handId":1,"id":2,"length":46.2075,"tipPosition":[-67.4694,152.959,27.5173],"tipVelocity":[16.2451,143.467,98.0648],"tool":false}],"r":[[0.581116,0.424711,-0.694208],[-0.460974,-0.531203,-0.710863],[-0.670677,0.733106,-0.11291]],"s":46.5714,"t":[479.725,-2748.51,-2.27035],"timestamp":199888148},
{"hands":[{"direction":[-0.461159,0.328669,-0.822731],"id":1,"palmNormal":[-0.365724,-0.915932,-0.158079],"palmPosition":[7.48805,118.802,62.5352],"palmVelocity":[24.1879,-4.04343,65.0444],"r":[[1,0,0],[0,1,0],[0,0,1]],"s":1,"sphereCenter":[-21.5425,105.038,29.8772],"sphereRadius":64.2565,"t":[-31.6126,-17.5558,-53.4808]}],"id":33355,"pointables":[{"direction":[-0.51666,0.228402,-0.825164],"handId":1,"id":2,"length":46.0374,"tipPosition":[-66.9092,154.519,28.7077],"tipVelocity":[59.7843,166.465,127.045],"tool":false}],"r":[[0.581116,0.424711,-0.694208],[-0.460974,-0.531203,-0.710863],[-0.670677,0.733106,-0.11291]],"s":46.5714,"t":[479.995,-2747.24,-1.31821],"timestamp":199897518},
{"hands":[{"direction":[-0.469561,0.32887,-0.817642],"id":1,"palmNormal":[-0.369101,-0.915459,-0.153107],"palmPosition":[7.95639,118.652,63.5054],"palmVelocity":[33.4027,-10.6652,69.1974],"r":[[1,0,0],[0,1,0],[0,0,1]],"s":1,"sphereCenter":[-22.3269,104.783,30.3836],"sphereRadius":64.5302,"t":[-31.1744,-15.8733,-52.5899]}],"id":33357,"pointables":[{"direction":[-0.518494,0.231059,-0.823271],"handId":1,"id":2,"length":45.7714,"tipPosition":[-66.3026,156.617,29.5374],"tipVelocity":[43.2644,149.662,59.1731],"tool":false}],"r":[[0.581116,0.424711,-0.694208],[-0.460974,-0.531203,-0.710863],[-0.670677,0.733106,-0.11291]],"s":46.5714,"t":[480.433,-2745.56,-0.427303],"timestamp":199911539},
{"hands":[{"direction":[-0.477523,0.323099,-0.815086],"id":1,"palmNormal":[-0.375605,-0.914394,-0.138194],"palmPosition":[7.94882,118.916,63.1627],"palmVelocity":[-0.816447,28.4133,-36.9539],"r":[[1,0,0],[0,1,0],[0,0,1]],"s":1,"sphereCenter":[-23.8979,104.229,31.0893],"sphereRadius":65.2152,"t":[-30.1787,-13.4492,-51.51]}],"id":33359,"pointables":[{"direction":[-0.518253,0.235922,-0.822043],"handId":1,"id":2,"length":45.5498,"tipPosition":[-64.7494,159.783,30.8064],"tipVelocity":[167.475,341.358,136.836],"tool":false}],"r":[[0.581116,0.424711,-0.694208],[-0.460974,-0.531203,-0.710863],[-0.670677,0.733106,-0.11291]],"s":46.5714,"t":[481.429,-2743.14,0.652655],"timestamp":199920813},
{"hands":[{"direction":[-0.48307,0.321402,-0.81255],"id":1,"palmNormal":[-0.379902,-0.913674,-0.131194],"palmPosition":[8.44048,119.057,63.5004],"palmVelocity":[51.8736,14.8936,35.6317],"r":[[1,0,0],[0,1,0],[0,0,1]],"s":1,"sphereCenter":[-24.4515,104.571,31.59],"sphereRadius":65.5461,"t":[-28.8396,-10.4353,-50.7314]}],"id":33361,"pointables":[{"direction":[-0.515969,0.23864,-0.822695],"handId":1,"id":2,"length":45.1338,"tipPosition":[-63.0668,163.387,31.2835],"tipVelocity":[177.532,380.226,50.3394],"tool":false}],"r":[[0.581116,0.424711,-0.694208],[-0.460974,-0.531203,-0.710863],[-0.670677,0.733106,-0.11291]],"s":46.5714,"t":[482.768,-2740.12,1.43119],"timestamp":199930291},
{"hands":[{"direction":[-0.486607,0.321803,-0.810437],"id":1,"palmNormal":[-0.385553,-0.912027,-0.126522],"palmPosition":[9.2023,119.174,64.0711],"palmVelocity":[84.4028,12.9396,63.2251],"r":[[1,0,0],[0,1,0],[0,0,1]],"s":1,"sphereCenter":[-26.5327,103.773,32.6929],"sphereRadius":66.2303,"t":[-26.9973,-7.0095,-50.2788]}],"id":33363,"pointables":[{"direction":[-0.515503,0.245023,-0.821109],"handId":1,"id":2,"length":44.7417,"tipPosition":[-60.7214,167.224,31.4103],"tipVelocity":[259.844,425.17,14.039],"tool":false}],"r":[[0.581116,0.424711,-0.694208],[-0.460974,-0.531203,-0.710863],[-0.670677,0.733106,-0.11291]],"s":46.5714,"t":[484.61,-2736.7,1.88382],"timestamp":199939317},
{"hands":[{"direction":[-0.484486,0.329323,-0.808617],"id":1,"palmNormal":[-0.396604,-0.906664,-0.128736],"palmPosition":[10.1365,119.134,64.7568],"palmVelocity":[98.1816,-4.12722,72.0684],"r":[[1,0,0],[0,1,0],[0,0,1]],"s":1,"sphereCenter":[-27.0479,106.047,32.1936],"sphereRadius":65.055,"t":[-24.3904,-3.25287,-50.0326]}],"id":33365,"pointables":[{"direction":[-0.514649,0.251963,-0.819543],"handId":1,"id":2,"length":44.2885,"tipPosition":[-57.3499,171.312,31.4501],"tipVelocity":[354.34,429.585,4.18303],"tool":false}],"r":[[0.581116,0.424711,-0.694208],[-0.460974,-0.531203,-0.710863],[-0.670677,0.733106,-0.11291]],"s":46.5714,"t":[487.217,-2732.94,2.13003],"timestamp":199948832},
{"hands":[{"direction":[-0.489959,0.337887,-0.801282],"id":1,"palmNormal":[-0.408853,-0.90109,-0.126977],"palmPosition":[11.2199,119.156,64.6968],"palmVelocity":[115.259,2.29015,-6.38367],"r":[[1,0,0],[0,1,0],[0,0,1]],"s":1,"sphereCenter":[-26.728,110.038,30.6094],"sphereRadius":64.4011,"t":[-22.0882,-0.243263,-49.8476]}],"id":33367,"pointables":[],"r":[[0.581116,0.424711,-0.694208],[-0.460974,-0.531203,-0.710863],[-0.670677,0.733106,-0.11291]],"s":46.5714,"t":[489.519,-2729.93,2.315],"timestamp":199958232},
{"hands":[{"direction":[-0.489781,0.348323,-0.796608],"id":1,"palmNormal":[-0.415548,-0.896747,-0.134928],"palmPosition":[12.1916,118.787,63.3674],"palmVelocity":[103.544,-39.3625,-141.667],"r":[[1,0,0],[0,1,0],[0,0,1]],"s":1,"sphereCenter":[-25.4419,111.944,29.8802],"sphereRadius":63.663,"t":[-20.0521,2.09055,-49.9655]}],"id":33369,"pointables":[],"r":[[0.581116,0.424711,-0.694208],[-0.460974,-0.531203,-0.710863],[-0.670677,0.733106,-0.11291]],"s":46.5714,"t":[491.555,-2727.6,2.1971],"timestamp":199967616},
{"hands":[{"direction":[-0.488608,0.335838,-0.802142],"id":1,"palmNormal":[-0.360142,-0.904714,-0.154564],"palmPosition":[12.4209,117.253,58.5132],"palmVelocity":[24.7016,-165.161,-522.916],"r":[[1,0,0],[0,1,0],[0,0,1]],"s":1,"sphereCenter":[-23.3353,112.557,26.4232],"sphereRadius":61.8543,"t":[-17.2606,-11.9463,-59.3068]}],"id":33371,"pointables":[{"direction":[-0.535737,0.206526,-0.818738],"handId":1,"id":2,"length":42.2596,"tipPosition":[-53.8029,140.904,12.8853],"tipVelocity":[126.376,-1083.39,-661.443],"tool":false}],"r":[[0.581116,0.424711,-0.694208],[-0.460974,-0.531203,-0.710863],[-0.670677,0.733106,-0.11291]],"s":46.5714,"t":[494.347,-2741.64,-7.14421],"timestamp":199976899},
{"hands":[{"direction":[-0.488351,0.333663,-0.803556],"id":1,"palmNormal":[-0.284191,-0.897629,-0.195104],"palmPosition":[14.3289,113.823,55.323],"palmVelocity":[81.6207,-146.739,-136.471],"r":[[1,0,0],[0,1,0],[0,0,1]],"s":1,"sphereCenter":[-26.1157,122.809,28.9345],"sphereRadius":68.1549,"t":[-13.6797,-30.3489,-69.7592]}],"id":33374,"pointables":[{"direction":[-0.563664,0.180244,-0.806098],"handId":1,"id":2,"length":40.761,"tipPosition":[-49.4327,118.136,1.32199],"tipVelocity":[186.953,-974.002,-494.668],"tool":false}],"r":[[0.581116,0.424711,-0.694208],[-0.460974,-0.531203,-0.710863],[-0.670677,0.733106,-0.11291]],"s":46.5714,"t":[497.928,-2760.04,-17.5965],"timestamp":200000275},
{"hands":[{"direction":[-0.490414,0.331779,-0.80338],"id":1,"palmNormal":[-0.216077,-0.889216,-0.232403],"palmPosition":[13.9833,111.93,43.6663],"palmVelocity":[-24.6526,-135.076,-831.491],"r":[[1,0,0],[0,1,0],[0,0,1]],"s":1,"sphereCenter":[-21.7111,119.852,23.1007],"sphereRadius":66.4771,"t":[-10.0647,-43.8244,-78.4547]}],"id":33376,"pointables":[{"direction":[-0.582631,0.205323,-0.786374],"handId":1,"id":2,"length":39.4583,"tipPosition":[-45.7835,109.587,-5.6167],"tipVelocity":[260.304,-609.785,-494.95],"tool":false}],"r":[[0.581116,0.424711,-0.694208],[-0.460974,-0.531203,-0.710863],[-0.670677,0.733106,-0.11291]],"s":46.5714,"t":[501.543,-2773.51,-26.2921],"timestamp":200014294},
{"hands":[{"direction":[-0.48987,0.321994,-0.807468],"id":1,"palmNormal":[-0.16993,-0.892688,-0.24886],"palmPosition":[15.6997,109.599,35.759],"palmVelocity":[187.677,-254.857,-864.566],"r":[[1,0,0],[0,1,0],[0,0,1]],"s":1,"sphereCenter":[-16.5924,116.72,17.6389],"sphereRadius":65.3714,"t":[-5.80779,-52.0142,-85.3268]}],"id":33378,"pointables":[{"direction":[-0.589112,0.227635,-0.775325],"handId":1,"id":2,"length":38.2263,"tipPosition":[-40.8848,106.683,-10.6653],"tipVelocity":[535.61,-317.521,-552.002],"tool":false}],"r":[[0.581116,0.424711,-0.694208],[-0.460974,-0.531203,-0.710863],[-0.670677,0.733106,-0.11291]],"s":46.5714,"t":[505.8,-2781.7,-33.1641],"timestamp":200023440},
{"hands":[{"direction":[-0.489405,0.315663,-0.810346],"id":1,"palmNormal":[-0.122967,-0.891804,-0.268789],"palmPosition":[17.5855,107.532,28.0787],"palmVelocity":[200.847,-220.165,-818.011],"r":[[1,0,0],[0,1,0],[0,0,1]],"s":1,"sphereCenter":[-14.7803,120.828,15.0533],"sphereRadius":65.7174,"t":[-1.07545,-57.2429,-90.8557]}],"id":33380,"pointables":[{"direction":[-0.582964,0.265073,-0.768042],"handId":1,"id":2,"length":37.0663,"tipPosition":[-35.677,104.416,-14.8512],"tipVelocity":[554.671,-241.507,-445.83],"tool":false}],"r":[[0.581116,0.424711,-0.694208],[-0.460974,-0.531203,-0.710863],[-0.670677,0.733106,-0.11291]],"s":46.5714,"t":[510.532,-2786.93,-38.6931],"timestamp":200032829},
{"hands":[{"direction":[-0.480876,0.309529,-0.817369],"id":1,"palmNormal":[-0.0879053,-0.894972,-0.279758],"palmPosition":[20.8142,104.862,24.9601],"palmVelocity":[337.128,-278.747,-325.632],"r":[[1,0,0],[0,1,0],[0,0,1]],"s":1,"sphereCenter":[-11.5453,122.301,11.7149],"sphereRadius":64.8907,"t":[4.34471,-60.8124,-95.5829]}],"id":33382,"pointables":[{"direction":[-0.58071,0.26483,-0.769832],"handId":1,"id":2,"length":35.8917,"tipPosition":[-29.569,102.506,-18.7765],"tipVelocity":[637.778,-199.468,-409.865],"tool":false}],"r":[[0.581116,0.424711,-0.694208],[-0.460974,-0.531203,-0.710863],[-0.670677,0.733106,-0.11291]],"s":46.5714,"t":[515.952,-2790.5,-43.4202],"timestamp":200042406},
{"hands":[{"direction":[-0.467601,0.300424,-0.827158],"id":1,"palmNormal":[-0.0608459,-0.900784,-0.282323],"palmPosition":[24.4905,102.191,21.824],"palmVelocity":[407.299,-295.875,-347.456],"r":[[1,0,0],[0,1,0],[0,0,1]],"s":1,"sphereCenter":[-7.05878,121.54,8.39961],"sphereRadius":63.5912,"t":[10.4528,-63.7873,-100.028]}],"id":33384,"pointables":[{"direction":[-0.571018,0.261897,-0.778042],"handId":1,"id":2,"length":34.7205,"tipPosition":[-22.7729,100.125,-22.9405],"tipVelocity":[752.947,-263.724,-461.33],"tool":false}],"r":[[0.581116,0.424711,-0.694208],[-0.460974,-0.531203,-0.710863],[-0.670677,0.733106,-0.11291]],"s":46.5714,"t":[522.06,-2793.48,-47.8658],"timestamp":200051432},
{"hands":[{"direction":[-0.446246,0.287837,-0.840294],"id":1,"palmNormal":[-0.0416923,-0.908723,-0.276293],"palmPosition":[29.0645,99.0442,20.9171],"palmVelocity":[480.616,-330.694,-95.2939],"r":[[1,0,0],[0,1,0],[0,0,1]],"s":1,"sphereCenter":[-1.72009,118.884,4.83267],"sphereRadius":62.1806,"t":[17.2252,-66.8507,-104.509]}],"id":33386,"pointables":[{"direction":[-0.553957,0.257743,-0.791644],"handId":1,"id":2,"length":33.5851,"tipPosition":[-15.3364,96.9732,-27.4566],"tipVelocity":[781.394,-331.186,-474.531],"tool":false}],"r":[[0.581116,0.424711,-0.694208],[-0.460974,-0.531203,-0.710863],[-0.670677,0.733106,-0.11291]],"s":46.5714,"t":[528.833,-2796.54,-52.3466],"timestamp":200060949},
{"hands":[{"direction":[-0.418482,0.268238,-0.85562],"id":1,"palmNormal":[-0.0302249,-0.918181,-0.259901],"palmPosition":[33.9349,95.7922,18.481],"palmVelocity":[522.966,-349.19,-261.575],"r":[[1,0,0],[0,1,0],[0,0,1]],"s":1,"sphereCenter":[3.51036,116.42,1.35845],"sphereRadius":60.63,"t":[24.7636,-70.2733,-108.99]}],"id":33388,"pointables":[{"direction":[-0.53131,0.249663,-0.809554],"handId":1,"id":2,"length":32.5585,"tipPosition":[-7.03186,93.1915,-31.9373],"tipVelocity":[891.71,-406.074,-481.128],"tool":false}],"r":[[0.581116,0.424711,-0.694208],[-0.460974,-0.531203,-0.710863],[-0.670677,0.733106,-0.11291]],"s":46.5714,"t":[536.371,-2799.96,-56.8274],"timestamp":200070262},
{"hands":[{"direction":[-0.404221,0.247682,-0.86679],"id":1,"palmNormal":[-0.0109014,-0.925636,-0.245715],"palmPosition":[42.9982,92.1139,29.4224],"palmVelocity":[385.396,-156.411,465.254],"r":[[1,0,0],[0,1,0],[0,0,1]],"s":1,"sphereCenter":[12.7619,107.704,1.25743],"sphereRadius":62.0672,"t":[35.9346,-73.7029,-114.282]}],"id":33391,"pointables":[{"direction":[-0.53464,0.14756,-0.832097],"handId":1,"id":2,"length":31.85,"tipPosition":[7.77168,89.7549,-38.0406],"tipVelocity":[629.482,-146.133,-259.527],"tool":false}],"r":[[0.581116,0.424711,-0.694208],[-0.460974,-0.531203,-0.710863],[-0.670677,0.733106,-0.11291]],"s":46.5714,"t":[547.542,-2803.39,-62.1194],"timestamp":200093779},
{"hands":[{"direction":[-0.382157,0.180305,-0.873344],"id":1,"palmNormal":[-0.0555496,-0.91532,-0.171274],"palmPosition":[51.7063,89.4956,26.7568],"palmVelocity":[967.346,-290.859,-296.116],"r":[[1,0,0],[0,1,0],[0,0,1]],"s":1,"sphereCenter":[18.4417,110.406,-0.410329],"sphereRadius":63.376,"t":[47.442,-79.7151,-118.805]}],"id":33393,"pointables":[{"direction":[-0.464952,0.154155,-0.871812],"handId":1,"id":2,"length":30.2409,"tipPosition":[19.6155,81.1601,-41.7938],"tipVelocity":[1315.69,-954.764,-416.927],"tool":false}],"r":[[0.581116,0.424711,-0.694208],[-0.460974,-0.531203,-0.710863],[-0.670677,0.733106,-0.11291]],"s":46.5714,"t":[559.05,-2809.4,-66.642],"timestamp":200102781},
{"hands":[{"direction":[-0.300611,0.146149,-0.882026],"id":1,"palmNormal":[-0.161877,-0.811774,-0.186734],"palmPosition":[61.5188,82.9874,31.0365],"palmVelocity":[297.277,-197.171,129.658],"r":[[1,0,0],[0,1,0],[0,0,1]],"s":1,"sphereCenter":[28.8722,107.392,4.74786],"sphereRadius":61.6149,"t":[71.4276,-90.5816,-103.363]}],"id":33397,"pointables":[{"direction":[0.150168,0.0360445,-0.988003],"handId":1,"id":5,"length":31.0912,"tipPosition":[56.6104,87.919,-44.1307],"tipVelocity":[1104.7,-476.273,1072.65],"tool":false},{"direction":[-0.333466,0.121867,-0.934852],"handId":3,"id":2,"length":28.5773,"tipPosition":[42.9493,69.5409,-43.8583],"tipVelocity":[706.914,-352.013,-62.5453],"tool":false}],"r":[[0.601052,0.321773,-0.731573],[-0.333078,-0.731234,-0.595278],[-0.726495,0.601464,-0.332334]],"s":46.4271,"t":[579.753,-2819.25,-60.568],"timestamp":200135789},
{"hands":[{"direction":[-0.206476,0.126678,-0.880729],"id":1,"palmNormal":[-0.243909,-0.689623,-0.222061],"palmPosition":[70.9259,80.0781,30.0087],"palmVelocity":[406.599,-125.746,-44.4261],"r":[[1,0,0],[0,1,0],[0,0,1]],"s":1,"sphereCenter":[37.9048,104.843,8.58563],"sphereRadius":59.6796,"t":[97.5941,-97.253,-86.5683]}],"id":33400,"pointables":[{"direction":[0.00854335,0.232041,-0.972669],"handId":1,"id":2,"length":28.5686,"tipPosition":[71.2966,67.0645,-25.7105],"tipVelocity":[1225.24,-107.033,784.398],"tool":false},{"direction":[0.282652,0.0402589,-0.958377],"handId":9,"id":5,"length":31.1528,"tipPosition":[84.7578,102.117,-10.4971],"tipVelocity":[1216.61,613.695,1453.73],"tool":false}],"r":[[0.662254,0.264842,-0.700912],[-0.163236,-0.861984,-0.479936],[-0.731282,0.432254,-0.527621]],"s":46.5313,"t":[604.228,-2821.24,-44.5856],"timestamp":200158925},
{"hands":[{"direction":[-0.183982,0.0866287,-0.892471],"id":1,"palmNormal":[-0.301545,-0.689549,-0.174595],"palmPosition":[77.8887,84.0234,58.3148],"palmVelocity":[743.332,421.191,3021.9],"r":[[1,0,0],[0,1,0],[0,0,1]],"s":1,"sphereCenter":[43.8578,102.601,18.2742],"sphereRadius":57.1298,"t":[119.92,-101.801,-67.4712]}],"id":33402,"pointables":[],"r":[[0.713729,0.246762,-0.655515],[-0.0187757,-0.928808,-0.370084],[-0.70017,0.276448,-0.658284]],"s":46.6054,"t":[625.201,-2822.04,-26.1385],"timestamp":200168292},
{"hands":[],"id":33406,"pointables":[],"r":[[0.752959,0.25024,-0.608632],[0.0962034,-0.956799,-0.274373],[-0.650997,0.148039,-0.744504]],"s":46.6579,"t":[641.979,-2822.68,-11.3807],"timestamp":200196479},
{"hands":[],"id":33408,"pointables":[],"r":[[0.781222,0.2636,-0.565868],[0.184236,-0.963454,-0.194456],[-0.596447,0.0476602,-0.801237]],"s":46.6949,"t":[655.401,-2823.19,0.425427],"timestamp":200205722},
{"hands":[],"id":33410,"pointables":[],"r":[[0.800986,0.2802,-0.529065],[0.250333,-0.959504,-0.12917],[-0.543834,-0.0289792,-0.838693]],"s":46.7209,"t":[666.139,-2823.61,9.87036],"timestamp":200219787},
{"hands":[],"id":33412,"pointables":[{"direction":[0.365468,0.183822,-0.912493],"handId":3,"id":8,"length":38.5846,"tipPosition":[142.016,143.592,-7.07004],"tipVelocity":[426.695,43.7937,74.1711],"tool":false}],"r":[[0.814622,0.296707,-0.498353],[0.299609,-0.950994,-0.0764482],[-0.496613,-0.0870347,-0.863597]],"s":46.7392,"t":[673.53,-2823.6,14.9441],"timestamp":200229260},
{"hands":[],"id":33414,"pointables":[{"direction":[0.365049,0.182226,-0.91298],"handId":3,"id":8,"length":39.3515,"tipPosition":[145.292,144.104,-6.09724],"tipVelocity":[358.423,55.9173,106.422],"tool":false}],"r":[[0.824003,0.311665,-0.473164],[0.336361,-0.941114,-0.0341321],[-0.455939,-0.131029,-0.880313]],"s":46.7521,"t":[678.863,-2823.35,17.9674],"timestamp":200238401},
{"hands":[],"id":33416,"pointables":[{"direction":[0.367764,0.187481,-0.910824],"handId":3,"id":8,"length":40.1123,"tipPosition":[148.007,144.683,-5.02794],"tipVelocity":[290.713,62.054,114.485],"tool":false}],"r":[[0.830478,0.324587,-0.452714],[0.363898,-0.931439,-0.000274864],[-0.421764,-0.164513,-0.891656]],"s":46.7611,"t":[682.887,-2822.93,20.0137],"timestamp":200247741},
{"hands":[],"id":33418,"pointables":[{"direction":[0.372963,0.185617,-0.90909],"handId":3,"id":8,"length":40.3064,"tipPosition":[150.036,145.255,-3.22482],"tipVelocity":[217.945,61.4694,193.696],"tool":false}],"r":[[0.83498,0.335453,-0.43621],[0.384667,-0.922667,0.0267731],[-0.393496,-0.190151,-0.899446]],"s":46.7674,"t":[685.914,-2822.43,21.9384],"timestamp":200257050},
{"hands":[],"id":33420,"pointables":[{"direction":[0.375342,0.18965,-0.907277],"handId":3,"id":8,"length":41.74,"tipPosition":[152.087,146.098,-2.20692],"tipVelocity":[213.423,87.6757,105.922],"tool":false}],"r":[[0.838143,0.34444,-0.42294],[0.400449,-0.915042,0.0483675],[-0.370348,-0.209905,-0.904866]],"s":46.7718,"t":[688.452,-2821.77,23.4097],"timestamp":200266660},
{"hands":[],"id":33422,"pointables":[{"direction":[0.370002,0.189554,-0.909488],"handId":3,"id":8,"length":42.6022,"tipPosition":[153.699,146.935,-1.15007],"tipVelocity":[173.635,90.1035,113.811],"tool":false}],"r":[[0.840389,0.351797,-0.412293],[0.412528,-0.90858,0.0656052],[-0.351521,-0.225216,-0.908686]],"s":46.7749,"t":[690.528,-2821.01,24.6738],"timestamp":200275946},
{"hands":[],"id":33424,"pointables":[{"direction":[0.373597,0.202809,-0.905149],"handId":3,"id":8,"length":42.9494,"tipPosition":[154.977,147.786,0.0111613],"tipVelocity":[137.149,91.3644,124.649],"tool":false}],"r":[[0.842004,0.357779,-0.403761],[0.421836,-0.903192,0.0793664],[-0.336278,-0.237148,-0.911415]],"s":46.7771,"t":[692.204,-2820.21,25.8865],"timestamp":200285262},
{"hands":[],"id":33426,"pointables":[{"direction":[0.375065,0.211929,-0.902448],"handId":3,"id":8,"length":43.6497,"tipPosition":[155.73,148.464,1.22042],"tipVelocity":[82.4261,74.2915,132.42],"tool":false}],"r":[[0.84318,0.362621,-0.39693],[0.429054,-0.898749,0.0903544],[-0.323976,-0.246489,-0.913391]],"s":46.7786,"t":[693.419,-2819.47,27.0974],"timestamp":200294394},
{"hands":[],"id":33428,"pointables":[{"direction":[0.373125,0.223378,-0.900489],"handId":3,"id":8,"length":44.2179,"tipPosition":[156.161,149.088,2.35582],"tipVelocity":[45.3647,65.6473,119.503],"tool":false}],"r":[[0.844046,0.366528,-0.391463],[0.43468,-0.895113,0.0991302],[-0.31407,-0.253832,-0.914839]],"s":46.7797,"t":[694.242,-2818.79,28.2706],"timestamp":200303895},
{"hands":[],"id":33430,"pointables":[{"direction":[0.358551,0.23139,-0.904378],"handId":3,"id":8,"length":45.0739,"tipPosition":[156.395,149.768,3.39192],"tipVelocity":[25.4926,74.0432,112.829],"tool":false}],"r":[[0.844691,0.369674,-0.387089],[0.439086,-0.892153,0.106141],[-0.306105,-0.259622,-0.915913]],"s":46.7804,"t":[694.77,-2818.11,29.3752],"timestamp":200313078},
{"hands":[],"id":33432,"pointables":[{"direction":[0.346077,0.241025,-0.906718],"handId":3,"id":8,"length":45.6227,"tipPosition":[156.165,150.245,4.54794],"tipVelocity":[-16.045,33.3106,80.7554],"tool":false}],"r":[[0.845177,0.372203,-0.38359],[0.44255,-0.889755,0.111743],[-0.29971,-0.2642,-0.916718]],"s":46.7809,"t":[694.92,-2817.53,30.5056],"timestamp":200327393},
{"hands":[],"id":33434,"pointables":[{"direction":[0.357396,0.273732,-0.892938],"handId":3,"id":8,"length":45.5897,"tipPosition":[155.386,150.568,5.50422],"tipVelocity":[-84.127,34.9255,103.304],"tool":false}],"r":[[0.845546,0.374233,-0.380791],[0.445282,-0.887816,0.11622],[-0.294579,-0.267829,-0.917328]],"s":46.7813,"t":[694.605,-2817.08,31.5489],"timestamp":200336650},
{"hands":[],"id":33436,"pointables":[{"direction":[0.361833,0.304376,-0.881154],"handId":3,"id":8,"length":45.7899,"tipPosition":[154.167,150.597,6.39791],"tipVelocity":[-130.791,3.08071,95.8481],"tool":false}],"r":[[0.845828,0.375863,-0.378552],[0.447442,-0.886253,0.119799],[-0.290465,-0.270709,-0.917794]],"s":46.7816,"t":[693.838,-2816.84,32.5174],"timestamp":200345974},
{"hands":[],"id":33438,"pointables":[{"direction":[0.345645,0.313733,-0.884365],"handId":3,"id":8,"length":46.0166,"tipPosition":[153.069,150.87,7.17819],"tipVelocity":[-117.701,29.2576,83.6764],"tool":false}],"r":[[0.846047,0.377169,-0.376761],[0.449154,-0.884994,0.12266],[-0.287168,-0.273,-0.918153]],"s":46.7817,"t":[692.906,-2816.58,33.3918],"timestamp":200355299},
{"hands":[],"id":33440,"pointables":[{"direction":[0.32888,0.319024,-0.888854],"handId":3,"id":8,"length":46.5934,"tipPosition":[152.083,151.387,7.78736],"tipVelocity":[-103.267,54.2403,63.7945],"tool":false}],"r":[[0.846216,0.378215,-0.375328],[0.450514,-0.883983,0.124948],[-0.284527,-0.274823,-0.918432]],"s":46.7819,"t":[691.947,-2816.19,34.1335],"timestamp":200364848},
{"hands":[],"id":33442,"pointables":[{"direction":[0.335326,0.35721,-0.871755],"handId":3,"id":8,"length":48.8942,"tipPosition":[150.953,151.875,8.21528],"tipVelocity":[-122.555,52.9175,46.4163],"tool":false}],"r":[[0.846348,0.379054,-0.374182],[0.451595,-0.88317,0.126777],[-0.282412,-0.276276,-0.918648]],"s":46.782,"t":[690.902,-2815.76,34.7184],"timestamp":200374067},
{"hands":[],"id":33444,"pointables":[{"direction":[0.295882,0.355519,-0.8866],"handId":3,"id":8,"length":49.0815,"tipPosition":[149.562,152.173,8.29944],"tipVelocity":[-151.41,32.375,9.15599],"tool":false}],"r":[[0.846452,0.379725,-0.373266],[0.452455,-0.882518,0.12824],[-0.280718,-0.277435,-0.918818]],"s":46.782,"t":[689.684,-2815.39,35.0529],"timestamp":200383259},
{"hands":[],"id":33446,"pointables":[{"direction":[0.264857,0.372749,-0.889331],"handId":3,"id":8,"length":48.9001,"tipPosition":[148.358,152.702,7.79475],"tipVelocity":[-129.23,56.7873,-54.1745],"tool":false}],"r":[[0.846534,0.380263,-0.372532],[0.453141,-0.881995,0.12941],[-0.279362,-0.27836,-0.918952]],"s":46.7821,"t":[688.473,-2814.94,34.9678],"timestamp":200392575},
{"hands":[],"id":33448,"pointables":[{"direction":[0.327005,0.427979,-0.842557],"handId":3,"id":8,"length":51.982,"tipPosition":[149.876,154.45,8.94467],"tipVelocity":[158.751,182.81,120.26],"tool":false}],"r":[[0.846598,0.380693,-0.371946],[0.453688,-0.881576,0.130346],[-0.278277,-0.279098,-0.919057]],"s":46.7821,"t":[688.626,-2813.84,35.5002],"timestamp":200402137},
{"hands":[],"id":33450,"pointables":[],"r":[[0.84665,0.381038,-0.371477],[0.454125,-0.881241,0.131094],[-0.277408,-0.279688,-0.919141]],"s":46.7821,"t":[688.749,-2812.96,35.9262],"timestamp":200411607},
{"hands":[],"id":33452,"pointables":[],"r":[[0.84669,0.381313,-0.371101],[0.454473,-0.880972,0.131693],[-0.276713,-0.280159,-0.919207]],"s":46.7821,"t":[688.847,-2812.26,36.2669],"timestamp":200425333},
{"hands":[],"id":33454,"pointables":[],"r":[[0.846722,0.381534,-0.370801],[0.454751,-0.880756,0.132172],[-0.276157,-0.280535,-0.919259]],"s":46.7821,"t":[688.926,-2811.7,36.5395],"timestamp":200434733},
