[
{"hands":[{"direction":[-0.597202,0.162869,-0.782306],"id":15,"palmNormal":[0.00482925,-0.971629,-0.206555],"palmPosition":[-33.9974,99.0256,69.7442],"palmVelocity":[-31.166,55.1083,-101.011],"r":[[1,0,0],[0,1,0],[0,0,1]],"s":1,"sphereCenter":[-44.8501,79.7724,56.0039],"sphereRadius":59.5925,"t":[-20.1571,-4.9466,4.63663]}],"id":39486,"pointables":[{"direction":[-0.577334,0.231281,-0.783068],"handId":15,"id":3,"length":35.6549,"tipPosition":[-99.1608,110.647,59.3163],"tipVelocity":[-44.0857,-54.9041,-56.6019],"tool":false}],"r":[[-0.770734,0.629834,-0.0963271],[0.570774,0.749688,0.334941],[0.283172,0.203169,-0.937302]],"s":52.136,"t":[712.371,-3000.98,197.23],"timestamp":231359804},
{"hands":[{"direction":[-0.593703,0.164898,-0.784809],"id":15,"palmNormal":[0.0166086,-0.969428,-0.216207],"palmPosition":[-34.2832,99.431,68.4926],"palmVelocity":[-30.6203,43.433,-134.103],"r":[[1,0,0],[0,1,0],[0,0,1]],"s":1,"sphereCenter":[-44.5073,79.8839,54.9267],"sphereRadius":59.8766,"t":[-20.4723,-5.52351,4.16627]}],"id":39488,"pointables":[{"direction":[-0.577567,0.228761,-0.783636],"handId":15,"id":3,"length":35.5587,"tipPosition":[-99.359,109.946,58.699],"tipVelocity":[-21.2298,-75.1348,-66.1452],"tool":false}],"r":[[-0.770734,0.629834,-0.0963271],[0.570774,0.749688,0.334941],[0.283172,0.203169,-0.937302]],"s":52.136,"t":[712.056,-3001.56,196.759],"timestamp":231369137},
{"hands":[{"direction":[-0.589979,0.168866,-0.786952],"id":15,"palmNormal":[0.0279577,-0.966414,-0.227776],"palmPosition":[-34.1574,99.764,67.564],"palmVelocity":[13.5553,35.8831,-100.063],"r":[[1,0,0],[0,1,0],[0,0,1]],"s":1,"sphereCenter":[-43.9122,80.2483,53.535],"sphereRadius":60.0353,"t":[-20.6335,-6.24002,3.56662]}],"id":39490,"pointables":[{"direction":[-0.578422,0.224529,-0.784229],"handId":15,"id":3,"length":35.4987,"tipPosition":[-99.3661,109.09,57.97],"tipVelocity":[-0.771994,-92.2518,-78.5517],"tool":false}],"r":[[-0.770734,0.629834,-0.0963271],[0.570774,0.749688,0.334941],[0.283172,0.203169,-0.937302]],"s":52.136,"t":[711.895,-3002.28,196.159],"timestamp":231378417},
{"hands":[{"direction":[-0.58411,0.173084,-0.790425],"id":15,"palmNormal":[0.0406586,-0.962922,-0.239414],"palmPosition":[-33.9027,100.072,66.5927],"palmVelocity":[26.7519,32.32,-102.004],"r":[[1,0,0],[0,1,0],[0,0,1]],"s":1,"sphereCenter":[-43.145,80.3339,51.9467],"sphereRadius":60.376,"t":[-20.6726,-7.07344,2.73476]}],"id":39492,"pointables":[{"direction":[-0.57699,0.217574,-0.787238],"handId":15,"id":3,"length":35.6042,"tipPosition":[-99.2832,108.139,56.906],"tipVelocity":[8.71178,-99.8042,-111.747],"tool":false}],"r":[[-0.770734,0.629834,-0.0963271],[0.570774,0.749688,0.334941],[0.283172,0.203169,-0.937302]],"s":52.136,"t":[711.856,-3003.11,195.328],"timestamp":231387939},
{"hands":[{"direction":[-0.580956,0.176748,-0.792128],"id":15,"palmNormal":[0.0504377,-0.960047,-0.249543],"palmPosition":[-33.5667,100.387,64.7351],"palmVelocity":[23.8482,22.4118,-131.859],"r":[[1,0,0],[0,1,0],[0,0,1]],"s":1,"sphereCenter":[-42.6094,80.5014,49.996],"sphereRadius":60.56,"t":[-20.5783,-7.99585,1.66774]}],"id":39494,"pointables":[{"direction":[-0.575521,0.211359,-0.790002],"handId":15,"id":3,"length":35.7705,"tipPosition":[-99.0554,107.128,55.6038],"tipVelocity":[16.1662,-71.7921,-92.4328],"tool":false}],"r":[[-0.770734,0.629834,-0.0963271],[0.570774,0.749688,0.334941],[0.283172,0.203169,-0.937302]],"s":52.136,"t":[711.95,-3004.03,194.261],"timestamp":231402027},
{"hands":[{"direction":[-0.578372,0.188565,-0.790903],"id":15,"palmNormal":[0.0608766,-0.95266,-0.270008],"palmPosition":[-32.1845,100.409,64.7148],"palmVelocity":[59.6698,0.90848,-0.875125],"r":[[1,0,0],[0,1,0],[0,0,1]],"s":1,"sphereCenter":[-41.2597,82.2313,49.0085],"sphereRadius":60.261,"t":[-20.3362,-8.94145,0.430828]}],"id":39497,"pointables":[{"direction":[-0.589709,0.212422,-0.779179],"handId":15,"id":3,"length":36.0446,"tipPosition":[-98.6656,106.159,54.197],"tipVelocity":[16.8293,-41.8227,-60.7319],"tool":false}],"r":[[-0.770734,0.629834,-0.0963271],[0.570774,0.749688,0.334941],[0.283172,0.203169,-0.937302]],"s":52.136,"t":[712.192,-3004.98,193.024],"timestamp":231425191},
{"hands":[{"direction":[-0.575215,0.201027,-0.789704],"id":15,"palmNormal":[0.07119,-0.944748,-0.290575],"palmPosition":[-31.039,101.037,63.191],"palmVelocity":[119.283,65.4192,-158.688],"r":[[1,0,0],[0,1,0],[0,0,1]],"s":1,"sphereCenter":[-39.9933,82.341,45.8763],"sphereRadius":60.693,"t":[-19.742,-9.95993,-1.31402]}],"id":39499,"pointables":[{"direction":[-0.587563,0.205223,-0.782722],"handId":15,"id":3,"length":36.3969,"tipPosition":[-97.7191,105.068,51.9442],"tipVelocity":[98.557,-113.648,-234.592],"tool":false}],"r":[[-0.770734,0.629834,-0.0963271],[0.570774,0.749688,0.334941],[0.283172,0.203169,-0.937302]],"s":52.136,"t":[712.787,-3006,191.279],"timestamp":231434794},
{"hands":[{"direction":[-0.568949,0.214571,-0.790039],"id":15,"palmNormal":[0.0794609,-0.937488,-0.309472],"palmPosition":[-29.8739,101.532,61.5528],"palmVelocity":[125.746,53.4137,-176.79],"r":[[1,0,0],[0,1,0],[0,0,1]],"s":1,"sphereCenter":[-38.5195,82.2259,42.8544],"sphereRadius":61.3009,"t":[-18.9563,-10.9715,-3.4737]}],"id":39501,"pointables":[{"direction":[-0.586035,0.19834,-0.785636],"handId":15,"id":3,"length":36.753,"tipPosition":[-96.742,104.063,49.3697],"tipVelocity":[105.457,-108.434,-277.845],"tool":false}],"r":[[-0.770734,0.629834,-0.0963271],[0.570774,0.749688,0.334941],[0.283172,0.203169,-0.937302]],"s":52.136,"t":[713.572,-3007.01,189.119],"timestamp":231444060},
{"hands":[{"direction":[-0.563554,0.225491,-0.790642],"id":15,"palmNormal":[0.0890658,-0.930705,-0.326062],"palmPosition":[-28.6563,101.974,59.8949],"palmVelocity":[130.432,47.3335,-177.609],"r":[[1,0,0],[0,1,0],[0,0,1]],"s":1,"sphereCenter":[-37.048,82.2437,39.8126],"sphereRadius":61.826,"t":[-17.9875,-11.9498,-5.88231]}],"id":39503,"pointables":[{"direction":[-0.584606,0.191325,-0.788436],"handId":15,"id":3,"length":37.2188,"tipPosition":[-95.5902,103.118,46.7122],"tipVelocity":[123.38,-101.214,-284.686],"tool":false}],"r":[[-0.770734,0.629834,-0.0963271],[0.570774,0.749688,0.334941],[0.283172,0.203169,-0.937302]],"s":52.136,"t":[714.541,-3007.99,186.711],"timestamp":231453395},
{"hands":[{"direction":[-0.558226,0.236631,-0.790952],"id":15,"palmNormal":[0.0950896,-0.925012,-0.340867],"palmPosition":[-27.6915,102.615,57.0981],"palmVelocity":[101.633,67.5651,-294.612],"r":[[1,0,0],[0,1,0],[0,0,1]],"s":1,"sphereCenter":[-35.7463,82.2044,36.6598],"sphereRadius":62.303,"t":[-16.8945,-12.8855,-8.53703]}],"id":39505,"pointables":[{"direction":[-0.582715,0.183517,-0.791685],"handId":15,"id":3,"length":37.7175,"tipPosition":[-94.3729,102.225,43.8113],"tipVelocity":[128.232,-94.1003,-305.576],"tool":false}],"r":[[-0.770734,0.629834,-0.0963271],[0.570774,0.749688,0.334941],[0.283172,0.203169,-0.937302]],"s":52.136,"t":[715.634,-3008.92,184.056],"timestamp":231462888},
{"hands":[{"direction":[-0.552001,0.24819,-0.791496],"id":15,"palmNormal":[0.100241,-0.919411,-0.355059],"palmPosition":[-26.8082,103.321,53.9403],"palmVelocity":[95.9369,76.6523,-342.979],"r":[[0.999992,-0.00294533,0.00274283],[0.00296441,0.999971,-0.00697957],[-0.00272219,0.00698764,0.999972]],"s":0.998188,"sphereCenter":[-34.4227,82.1849,33.4931],"sphereRadius":62.7583,"t":[-15.9765,-12.6595,-11.3403]}],"id":39507,"pointables":[{"direction":[-0.299351,-0.496718,-0.814653],"handId":15,"id":2,"length":31.8993,"tipPosition":[-60.6074,109.498,-34.6612],"tipVelocity":[80.6863,264.106,-397.006],"tool":false},{"direction":[-0.0582079,-0.611845,-0.788833],"handId":15,"id":1,"length":31.5143,"tipPosition":[-77.4516,103.648,-16.437],"tipVelocity":[3.79189,150.731,-159.828],"tool":false},{"direction":[-0.580491,0.175037,-0.795231],"handId":15,"id":3,"length":38.3258,"tipPosition":[-92.9993,101.337,40.8594],"tipVelocity":[149.196,-96.4434,-320.613],"tool":false}],"r":[[-0.771637,0.62817,-0.0998918],[0.566489,0.750124,0.341181],[0.289251,0.20668,-0.934675]],"s":52.1342,"t":[716.552,-3008.7,181.253],"timestamp":231472095},
{"hands":[{"direction":[-0.541976,0.257793,-0.794951],"id":15,"palmNormal":[0.105199,-0.915651,-0.365066],"palmPosition":[-25.7501,103.964,51.4834],"palmVelocity":[114.919,69.9112,-266.849],"r":[[0.999945,-0.00780337,0.00704809],[0.00793486,0.999791,-0.018826],[-0.00689971,0.0188809,0.999798]],"s":0.996066,"sphereCenter":[-33.0273,82.1667,30.3522],"sphereRadius":63.2233,"t":[-14.9778,-11.8874,-14.2072]}],"id":39509,"pointables":[{"direction":[-0.28714,-0.494655,-0.820285],"handId":15,"id":2,"length":34.6248,"tipPosition":[-59.5279,111.509,-38.0957],"tipVelocity":[117.248,218.365,-373.024],"tool":false},{"direction":[-0.0740186,-0.606802,-0.791399],"handId":15,"id":1,"length":34.156,"tipPosition":[-77.1711,104.966,-18.2264],"tipVelocity":[30.4629,143.17,-194.346],"tool":false},{"direction":[-0.579608,0.168024,-0.797384],"handId":15,"id":3,"length":38.9055,"tipPosition":[-91.5054,100.443,37.9291],"tipVelocity":[162.25,-97.1427,-318.273],"tool":false}],"r":[[-0.773158,0.625367,-0.10556],[0.559196,0.750721,0.351736],[0.299211,0.212919,-0.930128]],"s":52.1321,"t":[717.551,-3007.93,178.386],"timestamp":231481302},
{"hands":[{"direction":[-0.532537,0.266161,-0.798373],"id":15,"palmNormal":[0.108838,-0.912777,-0.373187],"palmPosition":[-24.7348,104.623,49.0388],"palmVelocity":[109.801,71.2717,-264.368],"r":[[0.999831,-0.0136988,0.0122431],[0.014101,0.999343,-0.0333929],[-0.0117776,0.0335599,0.999367]],"s":0.994673,"sphereCenter":[-31.782,82.2504,27.2831],"sphereRadius":63.5432,"t":[-13.9211,-11.0447,-17.1536]}],"id":39511,"pointables":[{"direction":[-0.279042,-0.488144,-0.826953],"handId":15,"id":2,"length":36.7241,"tipPosition":[-58.4131,113.059,-41.5753],"tipVelocity":[120.557,167.626,-376.304],"tool":false},{"direction":[-0.0764386,-0.609004,-0.789475],"handId":15,"id":1,"length":36.5255,"tipPosition":[-76.7634,105.88,-20.4498],"tipVelocity":[44.0846,98.7822,-240.444],"tool":false},{"direction":[-0.579208,0.161093,-0.799104],"handId":15,"id":3,"length":39.4335,"tipPosition":[-90.0839,99.5793,34.903],"tipVelocity":[153.73,-93.3529,-327.258],"tool":false}],"r":[[-0.774967,0.621926,-0.112403],[0.550058,0.751316,0.364637],[0.311227,0.220754,-0.92434]],"s":52.1307,"t":[718.607,-3007.08,175.439],"timestamp":231490549},
{"hands":[{"direction":[-0.525476,0.273173,-0.800811],"id":15,"palmNormal":[0.115386,-0.908937,-0.381833],"palmPosition":[-23.3906,104.881,47.4766],"palmVelocity":[95.9826,18.411,-111.548],"r":[[0.999626,-0.0200926,0.0185362],[0.0209802,0.998578,-0.0490014],[-0.0175253,0.0493719,0.998627]],"s":0.994947,"sphereCenter":[-30.4923,81.8672,24.2584],"sphereRadius":64.1215,"t":[-12.8636,-10.4108,-19.977]}],"id":39513,"pointables":[{"direction":[-0.269539,-0.480566,-0.834509],"handId":15,"id":2,"length":38.5539,"tipPosition":[-57.3549,114.222,-44.8212],"tipVelocity":[75.556,83.0749,-231.761],"tool":false},{"direction":[-0.0892594,-0.603078,-0.792672],"handId":15,"id":1,"length":38.5986,"tipPosition":[-76.234,106.305,-22.8955],"tipVelocity":[37.8012,30.3488,-174.63],"tool":false},{"direction":[-0.577488,0.152595,-0.802012],"handId":15,"id":3,"length":39.971,"tipPosition":[-88.5271,98.7415,32.2027],"tipVelocity":[111.162,-59.819,-192.809],"tool":false}],"r":[[-0.776679,0.618277,-0.120431],[0.539895,0.751911,0.378342],[0.324473,0.22883,-0.917798]],"s":52.131,"t":[719.665,-3006.45,172.616],"timestamp":231504554},
{"hands":[{"direction":[-0.517049,0.278025,-0.804711],"id":15,"palmNormal":[0.119679,-0.907275,-0.386419],"palmPosition":[-22.2234,105.235,45.2909],"palmVelocity":[123.723,37.5218,-231.68],"r":[[0.999333,-0.026534,0.0250869],[0.028108,0.997514,-0.0646223],[-0.0233098,0.0652844,0.997594]],"s":0.995272,"sphereCenter":[-29.2906,81.5938,21.1559],"sphereRadius":64.6094,"t":[-11.8831,-9.99735,-22.8365]}],"id":39515,"pointables":[{"direction":[-0.258389,-0.472118,-0.842816],"handId":15,"id":2,"length":40.089,"tipPosition":[-56.4514,115.177,-47.8905],"tipVelocity":[95.773,101.215,-325.349],"tool":false},{"direction":[-0.0983145,-0.594855,-0.797798],"handId":15,"id":1,"length":40.3115,"tipPosition":[-75.6185,106.498,-25.3433],"tipVelocity":[65.2455,20.4498,-259.473],"tool":false},{"direction":[-0.577215,0.144823,-0.803648],"handId":15,"id":3,"length":40.5481,"tipPosition":[-87.2026,98.092,29.3071],"tipVelocity":[140.397,-68.8508,-306.928],"tool":false}],"r":[[-0.778277,0.614589,-0.128706],[0.529366,0.752435,0.391935],[0.337722,0.236901,-0.910946]],"s":52.1313,"t":[720.645,-3006.04,169.756],"timestamp":231513988},
{"hands":[{"direction":[-0.509693,0.280036,-0.80893],"id":15,"palmNormal":[0.122489,-0.907269,-0.387568],"palmPosition":[-21.3276,105.774,43.0875],"palmVelocity":[96.3637,57.9132,-237.031],"r":[[0.998961,-0.0326679,0.0317621],[0.0351035,0.996223,-0.0794193],[-0.0290476,0.0804518,0.996335]],"s":0.994101,"sphereCenter":[-28.2479,81.248,18.3238],"sphereRadius":65.064,"t":[-11.1238,-9.72348,-25.4955]}],"id":39517,"pointables":[{"direction":[-0.254331,-0.465039,-0.847971],"handId":15,"id":2,"length":41.5882,"tipPosition":[-55.9133,115.829,-50.3491],"tipVelocity":[57.8875,70.1213,-264.482],"tool":false},{"direction":[-0.10842,-0.587101,-0.80222],"handId":15,"id":1,"length":41.6824,"tipPosition":[-75.1814,106.632,-27.491],"tipVelocity":[47.0197,14.4494,-231.036],"tool":false},{"direction":[-0.576261,0.136966,-0.805707],"handId":15,"id":3,"length":41.1623,"tipPosition":[-86.0713,97.651,26.5666],"tipVelocity":[121.698,-47.4438,-294.805],"tool":false}],"r":[[-0.779603,0.611109,-0.136986],[0.519045,0.752872,0.404693],[0.350445,0.244398,-0.904134]],"s":52.1301,"t":[721.405,-3005.76,167.097],"timestamp":231523284},
{"hands":[{"direction":[-0.504428,0.282089,-0.811878],"id":15,"palmNormal":[0.121661,-0.908019,-0.387905],"palmPosition":[-20.5144,106.25,41.2995],"palmVelocity":[85.5436,50.1339,-188.094],"r":[[0.998499,-0.03834,0.0391097],[0.0418346,0.994801,-0.0928451],[-0.0353467,0.0943419,0.994912]],"s":0.991513,"sphereCenter":[-27.4264,81.0315,15.8247],"sphereRadius":65.3772,"t":[-10.6386,-9.47257,-27.6995]}],"id":39519,"pointables":[{"direction":[-0.254074,-0.459039,-0.851311],"handId":15,"id":2,"length":42.6626,"tipPosition":[-55.7022,116.353,-52.0979],"tipVelocity":[22.2021,55.1855,-183.964],"tool":false},{"direction":[-0.118632,-0.579139,-0.806551],"handId":15,"id":1,"length":42.4931,"tipPosition":[-74.9727,106.86,-29.2204],"tipVelocity":[21.9538,23.9812,-181.919],"tool":false},{"direction":[-0.576447,0.130793,-0.806599],"handId":15,"id":3,"length":41.7563,"tipPosition":[-84.9462,97.4742,24.4129],"tipVelocity":[118.356,-18.597,-226.563],"tool":false}],"r":[[-0.780403,0.608056,-0.145733],[0.509243,0.75332,0.416149],[0.362826,0.250551,-0.897542]],"s":52.1276,"t":[721.89,-3005.51,164.893],"timestamp":231532790},
{"hands":[{"direction":[-0.495898,0.280704,-0.817611],"id":15,"palmNormal":[0.108849,-0.913322,-0.378101],"palmPosition":[-20.8462,107.215,36.9945],"palmVelocity":[-14.1209,41.0644,-183.212],"r":[[0.997938,-0.0426966,0.0479325],[0.0474332,0.993604,-0.102475],[-0.0432506,0.104537,0.99358]],"s":0.986476,"sphereCenter":[-27.3849,80.7642,13.4217],"sphereRadius":65.6415,"t":[-10.7055,-9.01742,-29.635]}],"id":39522,"pointables":[{"direction":[-0.245929,-0.448239,-0.859419],"handId":15,"id":2,"length":43.1486,"tipPosition":[-56.5426,116.561,-53.7651],"tipVelocity":[-35.7624,8.83631,-70.9566],"tool":false},{"direction":[-0.138536,-0.572196,-0.808332],"handId":15,"id":1,"length":42.9141,"tipPosition":[-75.5916,107.519,-30.5166],"tipVelocity":[-26.3384,28.0621,-55.165],"tool":false},{"direction":[-0.577056,0.126841,-0.806794],"handId":15,"id":3,"length":42.2915,"tipPosition":[-84.4757,98.2874,22.4836],"tipVelocity":[20.0232,34.6113,-82.107],"tool":false}],"r":[[-0.779948,0.606241,-0.155412],[0.501529,0.753986,0.424233],[0.374366,0.252936,-0.892118]],"s":52.1225,"t":[721.823,-3005.06,162.958],"timestamp":231556287},
{"hands":[{"direction":[-0.488628,0.277037,-0.823276],"id":15,"palmNormal":[0.0902735,-0.919704,-0.363326],"palmPosition":[-21.4802,108.258,32.3743],"palmVelocity":[-70.2947,115.642,-512.276],"r":[[0.997204,-0.0450371,0.0596299],[0.0512023,0.993019,-0.106264],[-0.0544277,0.10902,0.992548]],"s":0.981382,"sphereCenter":[-27.6852,80.5716,11.4714],"sphereRadius":65.8217,"t":[-11.1439,-8.28235,-31.2797]}],"id":39524,"pointables":[{"direction":[-0.207372,-0.450846,-0.868179],"handId":15,"id":2,"length":40.638,"tipPosition":[-57.9731,116.141,-56.4798],"tipVelocity":[-158.611,-46.579,-300.994],"tool":false},{"direction":[-0.157906,-0.567343,-0.808201],"handId":15,"id":1,"length":43.0906,"tipPosition":[-76.4016,108.534,-31.1165],"tipVelocity":[-89.811,112.54,-66.5158],"tool":false},{"direction":[-0.577783,0.125331,-0.80651],"handId":15,"id":3,"length":42.75,"tipPosition":[-84.3384,99.572,21.1299],"tipVelocity":[15.2169,142.428,-150.098],"tool":false}],"r":[[-0.77737,0.606444,-0.167097],[0.497257,0.755124,0.427227],[0.385268,0.249023,-0.88857]],"s":52.1174,"t":[721.385,-3004.32,161.313],"timestamp":231565306},
{"hands":[{"direction":[-0.483432,0.272183,-0.828108],"id":15,"palmNormal":[0.0680985,-0.92606,-0.345662],"palmPosition":[-22.0876,109.108,29.4694],"palmVelocity":[-63.5814,88.9805,-304.046],"r":[[0.996381,-0.0458047,0.0715951],[0.0532412,0.992975,-0.105674],[-0.0662518,0.109103,0.99182]],"s":0.975448,"sphereCenter":[-28.4061,80.4301,9.89179],"sphereRadius":66.0013,"t":[-11.9291,-7.33569,-32.4015]}],"id":39526,"pointables":[{"direction":[-0.217493,-0.440041,-0.871241],"handId":15,"id":2,"length":40.6836,"tipPosition":[-59.2396,116.207,-57.0788],"tipVelocity":[-132.567,6.96692,-62.6926],"tool":false},{"direction":[-0.179553,-0.561877,-0.807499],"handId":15,"id":1,"length":43.1103,"tipPosition":[-77.5336,109.693,-31.4595],"tipVelocity":[-118.482,121.232,-35.9044],"tool":false},{"direction":[-0.580635,0.129021,-0.803876],"handId":15,"id":3,"length":43.0815,"tipPosition":[-84.4735,101.389,20.4941],"tipVelocity":[-14.1351,190.146,-66.5425],"tool":false}],"r":[[-0.773747,0.607827,-0.178498],[0.495871,0.756468,0.42646],[0.394242,0.24146,-0.886719]],"s":52.1115,"t":[720.599,-3003.37,160.191],"timestamp":231574860},
{"hands":[{"direction":[-0.47803,0.265798,-0.833337],"id":15,"palmNormal":[0.0409758,-0.93195,-0.323805],"palmPosition":[-23.0668,109.891,26.325],"palmVelocity":[-104.379,83.4753,-335.193],"r":[[0.995431,-0.0449017,0.0842653],[0.0532852,0.993556,-0.100034],[-0.0792306,0.104067,0.991409]],"s":0.97065,"sphereCenter":[-29.5371,80.551,8.53346],"sphereRadius":65.9929,"t":[-12.9956,-6.18365,-33.0097]}],"id":39528,"pointables":[{"direction":[-0.227049,-0.424924,-0.876292],"handId":15,"id":2,"length":40.4289,"tipPosition":[-60.7542,116.174,-57.5871],"tipVelocity":[-161.456,-3.57499,-54.1891],"tool":false},{"direction":[-0.20274,-0.559768,-0.803465],"handId":15,"id":1,"length":42.8998,"tipPosition":[-78.8813,111.05,-31.554],"tipVelocity":[-143.667,144.698,-10.0722],"tool":false},{"direction":[-0.5816,0.130454,-0.802947],"handId":15,"id":3,"length":43.3269,"tipPosition":[-84.7887,103.727,20.5137],"tipVelocity":[-33.5985,249.224,2.0893],"tool":false}],"r":[[-0.768866,0.610531,-0.18999],[0.497819,0.758045,0.42136],[0.401274,0.229389,-0.886769]],"s":52.1067,"t":[719.533,-3002.22,159.583],"timestamp":231584241},
{"hands":[{"direction":[-0.476239,0.25517,-0.837544],"id":15,"palmNormal":[0.01577,-0.93786,-0.297823],"palmPosition":[-23.6341,110.283,24.7617],"palmVelocity":[-61.6152,42.5908,-169.811],"r":[[0.99432,-0.0422112,0.0977],[0.0509354,0.994764,-0.0885976],[-0.0934487,0.0930708,0.991264]],"s":0.968271,"sphereCenter":[-31.1787,80.8523,7.51624],"sphereRadius":65.9316,"t":[-14.3238,-4.80289,-33.2812]}],"id":39530,"pointables":[{"direction":[-0.21849,-0.406736,-0.887033],"handId":15,"id":2,"length":39.4479,"tipPosition":[-62.4877,116.037,-58.0554],"tipVelocity":[-188.295,-14.9209,-50.8616],"tool":false},{"direction":[-0.232815,-0.550398,-0.801785],"handId":15,"id":1,"length":44.6106,"tipPosition":[-80.4713,112.659,-31.4889],"tipVelocity":[-172.708,174.83,7.07521],"tool":false},{"direction":[-0.584048,0.137802,-0.799937],"handId":15,"id":3,"length":43.5061,"tipPosition":[-85.3415,106.74,21.0281],"tipVelocity":[-60.0557,327.347,55.8719],"tool":false}],"r":[[-0.762614,0.61464,-0.201586],[0.503623,0.759754,0.411263],[0.405935,0.212112,-0.888946]],"s":52.1043,"t":[718.205,-3000.84,159.312],"timestamp":231593447},
{"hands":[{"direction":[-0.47509,0.242189,-0.841694],"id":15,"palmNormal":[-0.0148374,-0.942005,-0.266001],"palmPosition":[-24.3137,110.41,24.3133],"palmVelocity":[-47.8212,8.89892,-31.5506],"r":[[0.992883,-0.0376114,0.113003],[0.0457539,0.996473,-0.0703479],[-0.109958,0.0750175,0.991101]],"s":0.970448,"sphereCenter":[-32.8727,80.9819,6.98029],"sphereRadius":66.1322,"t":[-15.8994,-3.24556,-33.405]}],"id":39532,"pointables":[{"direction":[-0.182103,-0.402472,-0.897137],"handId":15,"id":2,"length":37.791,"tipPosition":[-64.6585,115.539,-59.3845],"tipVelocity":[-152.737,-35.0216,-93.5145],"tool":false},{"direction":[-0.274035,-0.531179,-0.801719],"handId":15,"id":1,"length":45.9172,"tipPosition":[-82.2942,114.393,-31.4649],"tipVelocity":[-128.261,121.994,1.68273],"tool":false},{"direction":[-0.585942,0.144046,-0.797447],"handId":15,"id":3,"length":43.5883,"tipPosition":[-86.0444,110.426,21.8087],"tipVelocity":[-49.4539,259.31,54.9226],"tool":false}],"r":[[-0.754469,0.620376,-0.214265],[0.513851,0.761419,0.39522],[0.408331,0.188081,-0.893248]],"s":52.1065,"t":[716.629,-2999.28,159.188],"timestamp":231607660},
{"hands":[{"direction":[-0.480515,0.228379,-0.842025],"id":15,"palmNormal":[-0.0505741,-0.943092,-0.227768],"palmPosition":[-25.0652,110.343,23.6328],"palmVelocity":[-83.2785,-7.37516,-75.4039],"r":[[0.990759,-0.0335663,0.131417],[0.0398326,0.998177,-0.0453468],[-0.129655,0.0501624,0.990289]],"s":0.977554,"sphereCenter":[-35.2339,81.0955,7.15178],"sphereRadius":66.3938,"t":[-17.3404,-0.629114,-33.1826]}],"id":39534,"pointables":[{"direction":[-0.323042,-0.498422,-0.804499],"handId":15,"id":1,"length":46.9258,"tipPosition":[-84.4206,116.635,-31.5383],"tipVelocity":[-235.639,248.373,-8.13355],"tool":false},{"direction":[-0.585784,0.148345,-0.796775],"handId":15,"id":3,"length":43.4694,"tipPosition":[-86.5308,115.536,23.0192],"tipVelocity":[-53.8993,566.246,134.14],"tool":false}],"r":[[-0.745202,0.625924,-0.229984],[0.526584,0.763958,0.372931],[0.409125,0.156803,-0.898905]],"s":52.1136,"t":[715.188,-2996.67,159.41],"timestamp":231616684},
{"hands":[{"direction":[-0.488348,0.214387,-0.840631],"id":15,"palmNormal":[-0.0896092,-0.940471,-0.185305],"palmPosition":[-25.7506,110.283,22.7453],"palmVelocity":[-71.9039,-6.34233,-93.1239],"r":[[0.987822,-0.0302232,0.152622],[0.0326177,0.999381,-0.0132093],[-0.152129,0.0180266,0.988196]],"s":0.990382,"sphereCenter":[-38.3121,80.4501,7.87991],"sphereRadius":67.193,"t":[-18.4949,2.85163,-32.7018]}],"id":39536,"pointables":[{"direction":[-0.363611,-0.467007,-0.806035],"handId":15,"id":1,"length":47.4242,"tipPosition":[-86.1965,119.205,-31.5582],"tipVelocity":[-186.328,269.677,-2.08418],"tool":false},{"direction":[-0.586371,0.156597,-0.794762],"handId":15,"id":3,"length":43.2216,"tipPosition":[-86.491,121.655,24.5175],"tipVelocity":[4.17315,642.095,157.202],"tool":false}],"r":[[-0.734892,0.631025,-0.24848],[0.542077,0.766729,0.343918],[0.407538,0.118047,-0.905526]],"s":52.1264,"t":[714.034,-2993.19,159.891],"timestamp":231626215},
{"hands":[{"direction":[-0.500187,0.20007,-0.836228],"id":15,"palmNormal":[-0.133865,-0.930976,-0.134746],"palmPosition":[-24.8548,110.315,24.2512],"palmVelocity":[38.4539,1.40414,64.6438],"r":[[0.983429,-0.0278239,0.179144],[0.0229136,0.999304,0.0294216],[-0.179838,-0.0248292,0.983383]],"s":1.01584,"sphereCenter":[-40.8652,80.6786,9.13846],"sphereRadius":67.5098,"t":[-18.4759,6.9304,-31.797]}],"id":39539,"pointables":[{"direction":[-0.320262,-0.548805,-0.772169],"handId":15,"id":1,"length":45.9902,"tipPosition":[-86.5125,121.08,-31.601],"tipVelocity":[-13.5623,80.5061,-1.83661],"tool":false},{"direction":[-0.591923,0.173878,-0.787015],"handId":15,"id":3,"length":42.5982,"tipPosition":[-83.7902,129.134,27.2179],"tipVelocity":[115.942,321.02,115.924],"tool":false}],"r":[[-0.722404,0.635665,-0.272144],[0.561817,0.76902,0.304911],[0.403105,0.0673732,-0.91267]],"s":52.1519,"t":[714.053,-2989.11,160.796],"timestamp":231649510},
{"hands":[{"direction":[-0.514611,0.183789,-0.829669],"id":15,"palmNormal":[-0.172257,-0.920669,-0.083295],"palmPosition":[-22.6552,109.632,27.5788],"palmVelocity":[236.848,-73.6194,358.314],"r":[[0.979355,-0.0268182,0.200363],[0.0143832,0.997893,0.0632622],[-0.201637,-0.0590742,0.977677]],"s":1.03372,"sphereCenter":[-41.3003,85.9623,8.07677],"sphereRadius":66.9294,"t":[-18.0208,10.0567,-30.4076]}],"id":39541,"pointables":[],"r":[[-0.712427,0.638413,-0.291336],[0.577432,0.769231,0.2736],[0.398775,0.026693,-0.91666]],"s":52.1698,"t":[714.508,-2985.98,162.185],"timestamp":231658797},
{"hands":[{"direction":[-0.53192,0.174289,-0.819473],"id":15,"palmNormal":[-0.0983827,-0.899465,-0.133017],"palmPosition":[-21.5596,105.681,21.6544],"palmVelocity":[39.1391,-141.134,-211.654],"r":[[0.965155,-0.0481195,0.257215],[0.0335695,0.997594,0.0606648],[-0.259516,-0.0499163,0.964448]],"s":1.0498,"sphereCenter":[-44.4919,96.6566,11.2107],"sphereRadius":72.447,"t":[-17.6285,9.42263,-29.7398]}],"id":39545,"pointables":[{"direction":[-0.177601,-0.391548,-0.902856],"handId":15,"id":2,"length":36.1016,"tipPosition":[-67.254,115.182,-61.7557],"tipVelocity":[-32.801,-4.51063,-29.9673],"tool":false},{"direction":[-0.483036,-0.39888,-0.779468],"handId":15,"id":1,"length":45.0661,"tipPosition":[-83.2578,112.649,-29.3375],"tipVelocity":[87.3081,-226.186,60.7202],"tool":false}],"r":[[-0.699435,0.622798,-0.35059],[0.559342,0.78237,0.273924],[0.44489,-0.00450796,-0.895574]],"s":52.1858,"t":[714.9,-2986.62,162.853],"timestamp":231686788},
{"hands":[{"direction":[-0.538877,0.179711,-0.814368],"id":15,"palmNormal":[-0.0519836,-0.892143,-0.171789],"palmPosition":[-19.629,103.931,12.2766],"palmVelocity":[58.5413,-53.0676,-284.358],"r":[[0.951068,-0.064975,0.302074],[0.0491427,0.997004,0.0597281],[-0.30505,-0.0419608,0.951412]],"s":1.06107,"sphereCenter":[-40.9049,96.3775,5.99492],"sphereRadius":70.0119,"t":[-15.9069,9.18049,-31.0299]}],"id":39549,"pointables":[{"direction":[-0.201475,-0.351196,-0.914368],"handId":15,"id":2,"length":36.1644,"tipPosition":[-64.2032,115.332,-65.0036],"tipVelocity":[92.5078,4.54118,-98.4822],"tool":false}],"r":[[-0.687061,0.608525,-0.397045],[0.544614,0.793016,0.272985],[0.480981,-0.0286791,-0.876262]],"s":52.1971,"t":[716.622,-2986.86,161.563],"timestamp":231719767},
{"hands":[{"direction":[-0.539828,0.18653,-0.813006],"id":15,"palmNormal":[-0.0120245,-0.886851,-0.204077],"palmPosition":[-16.7096,102.867,3.82394],"palmVelocity":[320.528,-116.823,-928.044],"r":[[0.938077,-0.0783288,0.337457],[0.0617113,0.996306,0.0597098],[-0.340887,-0.0351875,0.939445]],"s":1.06898,"sphereCenter":[-36.4138,95.5006,1.17143],"sphereRadius":68.1837,"t":[-12.7645,8.95796,-33.5477]}],"id":39551,"pointables":[{"direction":[-0.212737,-0.32409,-0.921797],"handId":15,"id":2,"length":36.7666,"tipPosition":[-59.6401,115.129,-68.7492],"tipVelocity":[501,-22.2803,-411.246],"tool":false}],"r":[[-0.675922,0.595992,-0.433501],[0.532691,0.801589,0.271469],[0.509283,-0.0474306,-0.859291]],"s":52.205,"t":[719.764,-2987.08,159.045],"timestamp":231728875},
{"hands":[{"direction":[-0.533157,0.193466,-0.81624],"id":15,"palmNormal":[0.0204347,-0.88529,-0.22787],"palmPosition":[-12.6261,101.833,-2.68145],"palmVelocity":[429.665,-108.805,-684.49],"r":[[0.926599,-0.0889211,0.365387],[0.0718191,0.995602,0.060162],[-0.36913,-0.0295042,0.928909]],"s":1.07453,"sphereCenter":[-31.8667,94.7505,-3.40187],"sphereRadius":66.3336,"t":[-8.18227,8.44422,-36.9431]}],"id":39553,"pointables":[{"direction":[-0.213015,-0.295557,-0.931274],"handId":15,"id":2,"length":35.6526,"tipPosition":[-53.6179,114.324,-73.0221],"tipVelocity":[633.65,-84.695,-449.587],"tool":false}],"r":[[-0.666234,0.585267,-0.462164],[0.523076,0.808465,0.269769],[0.531531,-0.0620173,-0.844766]],"s":52.2106,"t":[724.346,-2987.59,155.65],"timestamp":231738379},
{"hands":[{"direction":[-0.517057,0.205515,-0.822473],"id":15,"palmNormal":[0.073995,-0.868215,-0.25607],"palmPosition":[-1.37944,99.0435,4.85978],"palmVelocity":[484.226,-120.105,324.689],"r":[[0.916732,-0.0973329,0.387466],[0.0799302,0.994943,0.0608214],[-0.391426,-0.0247867,0.919876]],"s":1.07841,"sphereCenter":[-30.0281,101.318,1.19202],"sphereRadius":68.9501,"t":[-2.26712,7.47532,-38.1511]}],"id":39556,"pointables":[],"r":[[-0.657994,0.576251,-0.484747],[0.51534,0.81397,0.2681],[0.549062,-0.0734014,-0.832552]],"s":52.2145,"t":[730.261,-2988.56,154.442],"timestamp":231761605},
{"hands":[{"direction":[-0.490653,0.185569,-0.838156],"id":15,"palmNormal":[0.101972,-0.876526,-0.241757],"palmPosition":[8.37217,96.9812,-22.0184],"palmVelocity":[1038.73,-219.681,-2863.04],"r":[[0.908405,-0.104021,0.404944],[0.0864302,0.994355,0.0615386],[-0.40906,-0.0209025,0.912268]],"s":1.08113,"sphereCenter":[-26.9053,107.711,-7.83983],"sphereRadius":70.0886,"t":[4.41532,6.28772,-44.4932]}],"id":39558,"pointables":[],"r":[[-0.651093,0.568763,-0.502579],[0.509126,0.818372,0.266567],[0.56291,-0.0823161,-0.822409]],"s":52.2172,"t":[736.944,-2989.75,148.1],"timestamp":231770993},
{"hands":[{"direction":[-0.451429,0.152293,-0.85518],"id":15,"palmNormal":[0.0717593,-0.888314,-0.199957],"palmPosition":[30.6651,88.7653,-8.42108],"palmVelocity":[796.718,-293.623,485.949],"r":[[0.90147,-0.109343,0.418803],[0.0916351,0.993846,0.0622333],[-0.42303,-0.0177244,0.905942]],"s":1.08303,"sphereCenter":[-16.5022,118.44,-9.93685],"sphereRadius":78.2684,"t":[14.2199,3.69448,-46.8474]}],"id":39562,"pointables":[],"r":[[-0.645379,0.562601,-0.516688],[0.504142,0.821889,0.265215],[0.573871,-0.0893197,-0.81406]],"s":52.2191,"t":[746.748,-2992.34,145.746],"timestamp":231798974},
{"hands":[{"direction":[-0.406114,0.119691,-0.871015],"id":15,"palmNormal":[0.0252641,-0.89317,-0.161277],"palmPosition":[47.4465,80.4468,-3.87961],"palmVelocity":[1201.33,-595.497,325.111],"r":[[0.895749,-0.113582,0.429806],[0.0958008,0.993413,0.0628662],[-0.434116,-0.0151365,0.90073]],"s":1.08437,"sphereCenter":[-5.97717,123.188,-11.6301],"sphereRadius":81.5907,"t":[40.045,-4.27095,-50.7313]}],"id":39564,"pointables":[{"direction":[-0.521924,-0.0108334,-0.852923],"handId":15,"id":1,"length":34.168,"tipPosition":[47.0125,69.2286,-51.8428],"tipVelocity":[2995.61,-954.8,-387.55],"tool":false}],"r":[[-0.640683,0.557563,-0.527872],[0.500146,0.8247,0.264054],[0.582563,-0.094838,-0.807234]],"s":52.2204,"t":[772.574,-3000.31,141.862],"timestamp":231812943},
{"hands":[{"direction":[-0.304909,0.103519,-0.873518],"id":15,"palmNormal":[-0.0809396,-0.786516,-0.194899],"palmPosition":[63.8389,82.9827,5.98977],"palmVelocity":[1745.18,269.975,1050.72],"r":[[0.891061,-0.116961,0.438555],[0.099134,0.993051,0.0634216],[-0.442925,-0.0130369,0.896464]],"s":1.0853,"sphereCenter":[8.04347,119.982,-7.82913],"sphereRadius":78.8892,"t":[61.1538,-6.98572,-47.7386]}],"id":39566,"pointables":[{"direction":[-0.439154,-0.0191978,-0.898206],"handId":3,"id":1,"length":32.7296,"tipPosition":[64.1868,59.0129,-49.1156],"tipVelocity":[1828.41,-1087.58,290.334],"tool":false}],"r":[[-0.636848,0.553463,-0.536752],[0.496944,0.826945,0.263074],[0.589466,-0.0991973,-0.801679]],"s":52.2213,"t":[794.073,-3009.4,141.283],"timestamp":231822336},
{"hands":[{"direction":[-0.206679,0.0589026,-0.866079],"id":15,"palmNormal":[-0.160655,-0.65197,-0.241828],"palmPosition":[83.6874,89.9875,12.9089],"palmVelocity":[843.504,297.684,294.044],"r":[[0.887241,-0.119656,0.445517],[0.101801,0.992751,0.0638974],[-0.449933,-0.0113386,0.89299]],"s":1.08596,"sphereCenter":[31.1427,115.049,-1.13391],"sphereRadius":84.8309,"t":[82.0105,-7.75658,-43.9606]}],"id":39569,"pointables":[],"r":[[-0.633731,0.55014,-0.543812],[0.49438,0.82874,0.262258],[0.594957,-0.102649,-0.797176]],"s":52.222,"t":[815.243,-3015.27,142.204],"timestamp":231845867},
{"hands":[{"direction":[-0.161485,0.073457,-0.878449],"id":15,"palmNormal":[-0.256964,-0.605171,-0.238473],"palmPosition":[89.5846,86.9425,43.3486],"palmVelocity":[627.297,-323.897,3237.92],"r":[[0.88414,-0.121808,0.451064],[0.103934,0.992504,0.0642981],[-0.455514,-0.00996786,0.890173]],"s":1.08641,"sphereCenter":[40.0849,111.917,6.42928],"sphereRadius":78.2314,"t":[95.3875,-9.66448,-26.8518]}],"id":39571,"pointables":[{"direction":[-0.148099,0.07646,-0.986012],"handId":3,"id":1,"length":31.62,"tipPosition":[111.21,100.944,-42.7959],"tipVelocity":[1427.88,1273.27,191.903],"tool":false}],"r":[[-0.631205,0.547454,-0.549431],[0.492327,0.830174,0.261584],[0.599328,-0.105386,-0.793536]],"s":52.2225,"t":[849.339,-2997.24,145.825],"timestamp":231855268},
{"hands":[{"direction":[-0.0929201,0.0918715,-0.879355],"id":15,"palmNormal":[-0.3401,-0.524857,-0.260256],"palmPosition":[93.6991,84.839,57.3044],"palmVelocity":[222.185,-113.593,753.636],"r":[[0.881632,-0.123525,0.455486],[0.10564,0.992302,0.0646314],[-0.459963,-0.00886362,0.887894]],"s":1.08673,"sphereCenter":[47.6766,108.629,13.4552],"sphereRadius":71.753,"t":[104.133,-11.6702,-11.3194]}],"id":39573,"pointables":[{"direction":[0.127471,0.151681,-0.980176],"handId":3,"id":1,"length":30.8904,"tipPosition":[130.972,122.663,-36.6512],"tipVelocity":[1067.21,1172.83,331.825],"tool":false}],"r":[[-0.629165,0.545287,-0.553907],[0.490683,0.83132,0.261032],[0.602811,-0.107561,-0.7906]],"s":52.2228,"t":[876.268,-2977.37,150.707],"timestamp":231873786},
{"hands":[],"id":39575,"pointables":[{"direction":[0.267869,0.194051,-0.943711],"handId":3,"id":1,"length":30.4732,"tipPosition":[140.29,132.981,-30.5888],"tipVelocity":[1002.21,1109.89,652.079],"tool":false}],"r":[[-0.627519,0.543543,-0.557477],[0.489368,0.832236,0.260581],[0.605589,-0.109292,-0.788237]],"s":52.223,"t":[894.392,-2962.27,156.18],"timestamp":231883083},
{"hands":[],"id":39577,"pointables":[{"direction":[0.35007,0.224979,-0.909305],"handId":3,"id":1,"length":30.3502,"tipPosition":[143.798,137.485,-26.2074],"tipVelocity":[366.74,470.857,458.06],"tool":false}],"r":[[-0.626195,0.542141,-0.560325],[0.488315,0.832968,0.260216],[0.607806,-0.110669,-0.786336]],"s":52.2232,"t":[905.207,-2952.47,161.107],"timestamp":231892648},
{"hands":[],"id":39579,"pointables":[{"direction":[0.401271,0.261521,-0.877832],"handId":3,"id":1,"length":30.5944,"tipPosition":[145.011,139.729,-22.7743],"tipVelocity":[129.281,239.11,365.847],"tool":false}],"r":[[-0.62513,0.541014,-0.562598],[0.487473,0.833554,0.25992],[0.609576,-0.111768,-0.784809]],"s":52.2233,"t":[911.222,-2946.45,165.287],"timestamp":231902032},
{"hands":[],"id":39581,"pointables":[{"direction":[0.375052,0.264621,-0.888432],"handId":3,"id":1,"length":31.6508,"tipPosition":[144.459,140.89,-19.6431],"tipVelocity":[-29.8811,62.8883,169.614],"tool":false}],"r":[[-0.624275,0.54011,-0.564413],[0.486799,0.834022,0.259681],[0.610989,-0.112644,-0.783584]],"s":52.2233,"t":[913.953,-2942.86,168.942],"timestamp":231920493},
{"hands":[],"id":39583,"pointables":[{"direction":[0.337668,0.265969,-0.902907],"handId":3,"id":1,"length":32.4887,"tipPosition":[143.661,141.545,-16.6009],"tipVelocity":[-83.9041,68.8006,319.626],"tool":false}],"r":[[-0.623588,0.539385,-0.565864],[0.48626,0.834396,0.259488],[0.612119,-0.113343,-0.782601]],"s":52.2234,"t":[914.92,-2940.73,172.291],"timestamp":231930011},
{"hands":[],"id":39585,"pointables":[{"direction":[0.334871,0.289144,-0.896804],"handId":3,"id":1,"length":33.559,"tipPosition":[142.902,142.113,-14.5051],"tipVelocity":[-80.8474,60.5369,223.338],"tool":false}],"r":[[-0.623038,0.538803,-0.567023],[0.485828,0.834696,0.259333],[0.613021,-0.113901,-0.781813]],"s":52.2234,"t":[915.024,-2939.39,175.014],"timestamp":231939395},
{"hands":[],"id":39587,"pointables":[{"direction":[0.327431,0.313333,-0.89141],"handId":3,"id":1,"length":34.8126,"tipPosition":[141.938,142.391,-12.6676],"tipVelocity":[-106.339,30.6935,202.765],"tool":false}],"r":[[-0.622597,0.538338,-0.567949],[0.485483,0.834936,0.259209],[0.613743,-0.114347,-0.781182]],"s":52.2235,"t":[914.594,-2938.58,177.293],"timestamp":231948457},
{"hands":[],"id":39589,"pointables":[{"direction":[0.358955,0.365796,-0.858688],"handId":3,"id":1,"length":36.2378,"tipPosition":[140.955,142.569,-11.6594],"tipVelocity":[-102.774,18.6311,105.394],"tool":false}],"r":[[-0.622243,0.537965,-0.568689],[0.485206,0.835127,0.259109],[0.614319,-0.114703,-0.780676]],"s":52.2235,"t":[913.887,-2938.08,178.938],"timestamp":231958023},
{"hands":[],"id":39591,"pointables":[{"direction":[0.290742,0.344229,-0.892735],"handId":3,"id":1,"length":37.806,"tipPosition":[140.31,142.92,-10.6212],"tipVelocity":[-68.9264,37.5065,110.923],"tool":false}],"r":[[-0.62196,0.537666,-0.569281],[0.484985,0.83528,0.259028],[0.61478,-0.114988,-0.780271]],"s":52.2235,"t":[913.211,-2937.66,180.279],"timestamp":231967383},
{"hands":[],"id":39593,"pointables":[{"direction":[0.261441,0.334402,-0.905441],"handId":3,"id":1,"length":39.5003,"tipPosition":[139.772,143.289,-9.74179],"tipVelocity":[-58.3776,40.0514,95.4618],"tool":false}],"r":[[-0.621733,0.537426,-0.569755],[0.484809,0.835403,0.258964],[0.615149,-0.115216,-0.779947]],"s":52.2235,"t":[912.605,-2937.26,181.389],"timestamp":231976595},
{"hands":[],"id":39595,"pointables":[{"direction":[0.22049,0.314403,-0.923328],"handId":3,"id":1,"length":40.7507,"tipPosition":[139.061,143.379,-8.60802],"tipVelocity":[-75.4675,9.52175,120.242],"tool":false}],"r":[[-0.621552,0.537235,-0.570133],[0.484667,0.835501,0.258913],[0.615444,-0.115397,-0.779687]],"s":52.2235,"t":[911.945,-2937.02,182.511],"timestamp":231986024},
{"hands":[],"id":39597,"pointables":[{"direction":[0.214185,0.369602,-0.904168],"handId":3,"id":1,"length":41.3512,"tipPosition":[137.985,143.154,-8.51246],"tipVelocity":[-114.444,-23.9625,10.1701],"tool":false}],"r":[[-0.621406,0.537082,-0.570436],[0.484554,0.835579,0.258871],[0.61568,-0.115543,-0.779479]],"s":52.2235,"t":[911.078,-2937.01,183.12],"timestamp":231995421},
{"hands":[],"id":39599,"pointables":[],"r":[[-0.62129,0.536959,-0.570678],[0.484463,0.835642,0.258838],[0.615868,-0.115659,-0.779313]],"s":52.2235,"t":[910.384,-2937,183.607],"timestamp":232004789},
{"hands":[],"id":39603,"pointables":[],"r":[[-0.621197,0.536861,-0.570872],[0.484391,0.835692,0.258812],[0.616019,-0.115752,-0.77918]],"s":52.2235,"t":[909.829,-2937,183.996],"timestamp":232032763},
{"hands":[],"id":39605,"pointables":[],"r":[[-0.621122,0.536782,-0.571027],[0.484333,0.835733,0.25879],[0.61614,-0.115827,-0.779074]],"s":52.2235,"t":[909.385,-2936.99,184.308],"timestamp":232041928},
{"hands":[],"id":39607,"pointables":[],"r":[[-0.621063,0.536719,-0.571151],[0.484287,0.835765,0.258773],[0.616237,-0.115886,-0.778988]],"s":52.2235,"t":[909.03,-2936.99,184.557],"timestamp":232051532},
{"hands":[],"id":39609,"pointables":[],"r":[[-0.621015,0.536669,-0.57125],[0.48425,0.83579,0.25876],[0.616314,-0.115934,-0.77892]],"s":52.2235,"t":[908.746,-2936.99,184.757],"timestamp":232060554},
{"hands":[],"id":39611,"pointables":[],"r":[[-0.620977,0.536629,-0.571329],[0.48422,0.835811,0.258749],[0.616376,-0.115972,-0.778866]],"s":52.2235,"t":[908.518,-2936.98,184.917],"timestamp":232070138},
{"hands":[],"id":39613,"pointables":[],"r":[[-0.620946,0.536597,-0.571393],[0.484196,0.835827,0.25874],[0.616425,-0.116002,-0.778822]],"s":52.2235,"t":[908.336,-2936.98,185.044],"timestamp":232079312},
{"hands":[],"id":39615,"pointables":[],"r":[[-0.620922,0.536571,-0.571444],[0.484177,0.835841,0.258733],[0.616464,-0.116027,-0.778787]],"s":52.2235,"t":[908.191,-2936.98,185.146],"timestamp":232088900},
{"hands":[],"id":39617,"pointables":[],"r":[[-0.620902,0.53655,-0.571484],[0.484162,0.835851,0.258728],[0.616496,-0.116046,-0.778759]],"s":52.2235,"t":[908.074,-2936.98,185.228],"timestamp":232097910},
