[
{"hands":[],"id":211859,"pointables":[],"r":[[-0.196511,0.979681,-0.0400975],[-0.956604,-0.182587,0.227094],[0.215158,0.0829839,0.973047]],"s":30.5615,"t":[-1954.99,-2163.57,4924.47],"timestamp":18229114698},
{"hands":[],"id":211860,"pointables":[],"r":[[-0.196511,0.979681,-0.0400975],[-0.956604,-0.182587,0.227094],[0.215158,0.0829839,0.973047]],"s":30.5615,"t":[-1954.99,-2163.57,4924.47],"timestamp":18229123507},
{"hands":[],"id":211861,"pointables":[],"r":[[-0.196511,0.979681,-0.0400975],[-0.956604,-0.182587,0.227094],[0.215158,0.0829839,0.973047]],"s":30.5615,"t":[-1954.99,-2163.57,4924.47],"timestamp":18229132267},
{"hands":[],"id":211862,"pointables":[],"r":[[-0.196511,0.979681,-0.0400975],[-0.956604,-0.182587,0.227094],[0.215158,0.0829839,0.973047]],"s":30.5615,"t":[-1954.99,-2163.57,4924.47],"timestamp":18229140950},
{"hands":[],"id":211863,"pointables":[],"r":[[-0.196511,0.979681,-0.0400975],[-0.956604,-0.182587,0.227094],[0.215158,0.0829839,0.973047]],"s":30.5615,"t":[-1954.99,-2163.57,4924.47],"timestamp":18229149518},
{"hands":[],"id":211864,"pointables":[],"r":[[-0.196511,0.979681,-0.0400975],[-0.956604,-0.182587,0.227094],[0.215158,0.0829839,0.973047]],"s":30.5615,"t":[-1954.99,-2163.57,4924.47],"timestamp":18229158126},
{"hands":[],"id":211865,"pointables":[],"r":[[-0.196511,0.979681,-0.0400975],[-0.956604,-0.182587,0.227094],[0.215158,0.0829839,0.973047]],"s":30.5615,"t":[-1954.99,-2163.57,4924.47],"timestamp":18229166916},
{"hands":[],"id":211866,"pointables":[],"r":[[-0.196511,0.979681,-0.0400975],[-0.956604,-0.182587,0.227094],[0.215158,0.0829839,0.973047]],"s":30.5615,"t":[-1954.99,-2163.57,4924.47],"timestamp":18229175630},
{"hands":[],"id":211867,"pointables":[],"r":[[-0.196511,0.979681,-0.0400975],[-0.956604,-0.182587,0.227094],[0.215158,0.0829839,0.973047]],"s":30.5615,"t":[-1954.99,-2163.57,4924.47],"timestamp":18229184162},
{"hands":[],"id":211868,"pointables":[],"r":[[-0.196511,0.979681,-0.0400975],[-0.956604,-0.182587,0.227094],[0.215158,0.0829839,0.973047]],"s":30.5615,"t":[-1954.99,-2163.57,4924.47],"timestamp":18229192745},
{"hands":[],"id":211869,"pointables":[],"r":[[-0.196511,0.979681,-0.0400975],[-0.956604,-0.182587,0.227094],[0.215158,0.0829839,0.973047]],"s":30.5615,"t":[-1954.99,-2163.57,4924.47],"timestamp":18229201442},
{"hands":[],"id":211870,"pointables":[],"r":[[-0.196511,0.979681,-0.0400975],[-0.956604,-0.182587,0.227094],[0.215158,0.0829839,0.973047]],"s":30.5615,"t":[-1954.99,-2163.57,4924.47],"timestamp":18229210078},
{"hands":[],"id":211871,"pointables":[],"r":[[-0.196511,0.979681,-0.0400975],[-0.956604,-0.182587,0.227094],[0.215158,0.0829839,0.973047]],"s":30.5615,"t":[-1954.99,-2163.57,4924.47],"timestamp":18229218931},
{"hands":[],"id":211872,"pointables":[],"r":[[-0.196511,0.979681,-0.0400975],[-0.956604,-0.182587,0.227094],[0.215158,0.0829839,0.973047]],"s":30.5615,"t":[-1954.99,-2163.57,4924.47],"timestamp":18229227441},
{"hands":[],"id":211873,"pointables":[],"r":[[-0.196511,0.979681,-0.0400975],[-0.956604,-0.182587,0.227094],[0.215158,0.0829839,0.973047]],"s":30.5615,"t":[-1954.99,-2163.57,4924.47],"timestamp":18229236188},
{"hands":[],"id":211874,"pointables":[],"r":[[-0.196511,0.979681,-0.0400975],[-0.956604,-0.182587,0.227094],[0.215158,0.0829839,0.973047]],"s":30.5615,"t":[-1954.99,-2163.57,4924.47],"timestamp":18229244703},
{"hands":[],"id":211875,"pointables":[{"direction":[0.557053,-0.213161,-0.802654],"handId":3,"id":5,"length":40.1333,"tipPosition":[-85.5608,85.2458,-107.993],"tipVelocity":[-286.273,352.319,257.261],"tool":false}],"r":[[-0.196511,0.979681,-0.0400975],[-0.956604,-0.182587,0.227094],[0.215158,0.0829839,0.973047]],"s":30.5615,"t":[-1956.24,-2162.03,4925.59],"timestamp":18229253434},
{"hands":[],"id":211876,"pointables":[{"direction":[0.551661,-0.210678,-0.807022],"handId":3,"id":5,"length":43.5553,"tipPosition":[-88.371,88.383,-105.376],"tipVelocity":[-325.214,363.057,302.833],"tool":false}],"r":[[-0.196511,0.979681,-0.0400975],[-0.956604,-0.182587,0.227094],[0.215158,0.0829839,0.973047]],"s":30.5615,"t":[-1958.27,-2159.7,4927.46],"timestamp":18229262075},
{"hands":[],"id":211877,"pointables":[{"direction":[0.548085,-0.200754,-0.811974],"handId":3,"id":5,"length":46.3665,"tipPosition":[-91.3672,91.4234,-102.47],"tipVelocity":[-333.317,338.239,323.283],"tool":false}],"r":[[-0.196511,0.979681,-0.0400975],[-0.956604,-0.182587,0.227094],[0.215158,0.0829839,0.973047]],"s":30.5615,"t":[-1960.78,-2157.01,4929.85],"timestamp":18229271064},
{"hands":[],"id":211878,"pointables":[{"direction":[0.535267,-0.186989,-0.823726],"handId":3,"id":5,"length":48.9011,"tipPosition":[-94.5741,94.3716,-99.1785],"tipVelocity":[-381.825,351.018,391.892],"tool":false},{"direction":[0.545114,0.109029,-0.831242],"handId":4,"id":2,"length":27.666,"tipPosition":[-75.3952,79.2025,-17.2651],"tipVelocity":[-571.422,605.301,352.296],"tool":false}],"r":[[-0.196776,0.979483,-0.0435033],[-0.955691,-0.18171,0.231597],[0.21894,0.0871484,0.971839]],"s":30.5578,"t":[-1964.04,-2153.65,4932.61],"timestamp":18229279463},
{"hands":[],"id":211879,"pointables":[{"direction":[0.523326,-0.17128,-0.834741],"handId":3,"id":5,"length":51.1217,"tipPosition":[-98.1039,97.2431,-95.3147],"tipVelocity":[-409.488,333.124,448.24],"tool":false},{"direction":[0.535201,0.143542,-0.83244],"handId":4,"id":2,"length":29.1492,"tipPosition":[-80.8896,84.4398,-13.8791],"tipVelocity":[-637.394,607.575,392.809],"tool":false}],"r":[[-0.197506,0.979001,-0.0504803],[-0.953861,-0.180045,0.240278],[0.226144,0.0956076,0.969391]],"s":30.5509,"t":[-1967.92,-2149.95,4935.8],"timestamp":18229288083},
{"hands":[],"id":211880,"pointables":[{"direction":[0.515732,-0.155662,-0.842491],"handId":3,"id":5,"length":52.4731,"tipPosition":[-102.105,100.013,-90.5875],"tipVelocity":[-457.353,316.653,540.376],"tool":false},{"direction":[0.534419,0.147924,-0.832175],"handId":4,"id":2,"length":30.8521,"tipPosition":[-87.2286,89.6506,-9.87364],"tipVelocity":[-724.629,595.655,457.871],"tool":false}],"r":[[-0.19898,0.978093,-0.0611672],[-0.951129,-0.177702,0.252539],[0.236137,0.108428,0.965651]],"s":30.541,"t":[-1972.45,-2146.1,4939.58],"timestamp":18229296831},
{"hands":[],"id":211881,"pointables":[{"direction":[0.500507,-0.144566,-0.853577],"handId":3,"id":5,"length":53.4649,"tipPosition":[-106.628,102.586,-84.9125],"tipVelocity":[-524.339,298.168,657.811],"tool":false},{"direction":[0.535175,0.142378,-0.832656],"handId":4,"id":2,"length":32.3188,"tipPosition":[-94.4854,94.5584,-5.01817],"tipVelocity":[-841.17,568.881,562.823],"tool":false}],"r":[[-0.201584,0.976532,-0.0758229],[-0.947552,-0.174828,0.267544],[0.248009,0.125779,0.960558]],"s":30.5286,"t":[-1977.66,-2142.31,4944.1],"timestamp":18229305458},
{"hands":[],"id":211882,"pointables":[{"direction":[0.484398,-0.139062,-0.863725],"handId":3,"id":5,"length":53.787,"tipPosition":[-112.025,104.923,-77.4768],"tipVelocity":[-617.082,267.312,850.188],"tool":false},{"direction":[0.531155,0.13863,-0.835856],"handId":4,"id":2,"length":33.5227,"tipPosition":[-102.664,98.9691,0.978432],"tipVelocity":[-935.097,504.312,685.64],"tool":false}],"r":[[-0.205384,0.97418,-0.0937578],[-0.943309,-0.171527,0.284161],[0.260742,0.146805,0.954181]],"s":30.5129,"t":[-1983.66,-2138.73,4949.72],"timestamp":18229314204},
{"hands":[],"id":211883,"pointables":[{"direction":[0.471601,-0.141053,-0.870458],"handId":3,"id":5,"length":53.556,"tipPosition":[-118.96,107.015,-67.1205],"tipVelocity":[-793.212,239.22,1184.66],"tool":false},{"direction":[0.521344,0.145307,-0.840884],"handId":4,"id":2,"length":34.072,"tipPosition":[-111.539,102.591,8.49221],"tipVelocity":[-1015.22,414.325,859.504],"tool":false}],"r":[[-0.209682,0.971314,-0.112171],[-0.938809,-0.167936,0.300725],[0.273261,0.168364,0.947091]],"s":30.4903,"t":[-1990.61,-2135.51,4957],"timestamp":18229322946},
{"hands":[],"id":211884,"pointables":[{"direction":[0.440123,-0.137882,-0.887288],"handId":3,"id":5,"length":52.2268,"tipPosition":[-128.281,108.731,-52.0224],"tipVelocity":[-1096.22,201.8,1775.63],"tool":false},{"direction":[0.495743,0.17518,-0.850618],"handId":4,"id":2,"length":33.3603,"tipPosition":[-120.463,104.9,17.7523],"tipVelocity":[-1049.56,271.516,1089.04],"tool":false}],"r":[[-0.212228,0.969311,-0.124076],[-0.934878,-0.16442,0.314594],[0.284539,0.182762,0.941082]],"s":30.452,"t":[-1998.65,-2132.89,4966.72],"timestamp":18229331449},
{"hands":[],"id":211885,"pointables":[{"direction":[0.448951,0.241973,-0.86017],"handId":4,"id":2,"length":32.5151,"tipPosition":[-129.003,105.767,28.5031],"tipVelocity":[-962.439,97.7404,1211.63],"tool":false}],"r":[[-0.214354,0.967583,-0.133552],[-0.931617,-0.161442,0.325617],[0.293501,0.194217,0.936022]],"s":30.4253,"t":[-2006.93,-2131.15,4976.96],"timestamp":18229340322},
{"hands":[],"id":211886,"pointables":[],"r":[[-0.216111,0.96612,-0.1411],[-0.928934,-0.158956,0.334388],[0.30063,0.203338,0.931813]],"s":30.4067,"t":[-2013.57,-2129.75,4985.16],"timestamp":18229348846},
{"hands":[],"id":211887,"pointables":[],"r":[[-0.217552,0.964898,-0.147117],[-0.92674,-0.1569,0.341373],[0.306308,0.210606,0.928343]],"s":30.3937,"t":[-2018.87,-2128.64,4991.71],"timestamp":18229357797},
{"hands":[],"id":211888,"pointables":[],"r":[[-0.218728,0.963888,-0.151916],[-0.924955,-0.155213,0.34694],[0.310832,0.216401,0.925502]],"s":30.3847,"t":[-2023.11,-2127.75,4996.95],"timestamp":18229366304},
{"hands":[],"id":211889,"pointables":[],"r":[[-0.219684,0.963059,-0.155746],[-0.923507,-0.153837,0.351381],[0.314441,0.221025,0.923187]],"s":30.3783,"t":[-2026.51,-2127.03,5001.15],"timestamp":18229374971},
{"hands":[],"id":211890,"pointables":[],"r":[[-0.220458,0.962382,-0.158804],[-0.922337,-0.152718,0.354924],[0.31732,0.224717,0.921309]],"s":30.3739,"t":[-2029.22,-2126.46,5004.5],"timestamp":18229383562},
{"hands":[],"id":211891,"pointables":[],"r":[[-0.221083,0.961833,-0.161246],[-0.921393,-0.151812,0.357753],[0.319619,0.227664,0.919789]],"s":30.3708,"t":[-2031.4,-2126.01,5007.18],"timestamp":18229392401},
{"hands":[],"id":211892,"pointables":[],"r":[[-0.221587,0.961387,-0.163198],[-0.920633,-0.151081,0.360012],[0.321455,0.230019,0.918563]],"s":30.3686,"t":[-2033.14,-2125.64,5009.33],"timestamp":18229401084},
{"hands":[],"id":211893,"pointables":[],"r":[[-0.221992,0.961028,-0.164757],[-0.920022,-0.150491,0.361818],[0.322922,0.231901,0.917575]],"s":30.3671,"t":[-2034.53,-2125.35,5011.05],"timestamp":18229409547},
{"hands":[],"id":211894,"pointables":[],"r":[[-0.222318,0.960738,-0.166003],[-0.919531,-0.150016,0.36326],[0.324095,0.233405,0.91678]],"s":30.366,"t":[-2035.64,-2125.12,5012.42],"timestamp":18229418308},
{"hands":[],"id":211895,"pointables":[],"r":[[-0.22258,0.960505,-0.167],[-0.919137,-0.149635,0.364413],[0.325032,0.234607,0.916141]],"s":30.3653,"t":[-2036.53,-2124.93,5013.52],"timestamp":18229427187},
{"hands":[],"id":211896,"pointables":[],"r":[[-0.22279,0.960317,-0.167796],[-0.918821,-0.149328,0.365335],[0.325781,0.235568,0.915628]],"s":30.3648,"t":[-2037.24,-2124.78,5014.4],"timestamp":18229435620},
{"hands":[],"id":211897,"pointables":[],"r":[[-0.222959,0.960166,-0.168433],[-0.918567,-0.149082,0.366072],[0.32638,0.236336,0.915216]],"s":30.3644,"t":[-2037.81,-2124.66,5015.11],"timestamp":18229444178},
{"hands":[],"id":211898,"pointables":[],"r":[[-0.223094,0.960046,-0.168943],[-0.918364,-0.148885,0.366662],[0.326859,0.236951,0.914887]],"s":30.3642,"t":[-2038.27,-2124.56,5015.67],"timestamp":18229452979},
{"hands":[],"id":211899,"pointables":[],"r":[[-0.223202,0.959949,-0.16935],[-0.918201,-0.148727,0.367133],[0.327242,0.237443,0.914622]],"s":30.364,"t":[-2038.63,-2124.49,5016.12],"timestamp":18229461710},
{"hands":[],"id":211900,"pointables":[],"r":[[-0.223289,0.959871,-0.169676],[-0.918071,-0.1486,0.36751],[0.327548,0.237836,0.91441]],"s":30.3639,"t":[-2038.92,-2124.43,5016.48],"timestamp":18229470376},
{"hands":[],"id":211901,"pointables":[],"r":[[-0.223358,0.959809,-0.169937],[-0.917967,-0.148499,0.367812],[0.327793,0.23815,0.914241]],"s":30.3638,"t":[-2039.15,-2124.38,5016.77],"timestamp":18229479154},
{"hands":[],"id":211902,"pointables":[],"r":[[-0.223414,0.959759,-0.170145],[-0.917883,-0.148418,0.368053],[0.327989,0.238402,0.914105]],"s":30.3637,"t":[-2039.34,-2124.34,5017],"timestamp":18229487809},
{"hands":[],"id":211903,"pointables":[],"r":[[-0.223458,0.959719,-0.170312],[-0.917816,-0.148353,0.368246],[0.328146,0.238603,0.913996]],"s":30.3637,"t":[-2039.49,-2124.31,5017.18],"timestamp":18229496440},
{"hands":[],"id":211904,"pointables":[],"r":[[-0.223494,0.959687,-0.170446],[-0.917763,-0.148301,0.3684],[0.328272,0.238764,0.913909]],"s":30.3636,"t":[-2039.61,-2124.28,5017.33],"timestamp":18229505077},
{"hands":[],"id":211905,"pointables":[],"r":[[-0.223522,0.959661,-0.170552],[-0.91772,-0.148259,0.368523],[0.328372,0.238892,0.913839]],"s":30.3636,"t":[-2039.71,-2124.26,5017.45],"timestamp":18229513780},
{"hands":[],"id":211906,"pointables":[],"r":[[-0.223545,0.959641,-0.170638],[-0.917686,-0.148225,0.368622],[0.328452,0.238995,0.913784]],"s":30.3636,"t":[-2039.78,-2124.25,5017.54],"timestamp":18229522519},
{"hands":[],"id":211907,"pointables":[],"r":[[-0.223563,0.959624,-0.170706],[-0.917658,-0.148199,0.368701],[0.328516,0.239078,0.913739]],"s":30.3636,"t":[-2039.84,-2124.23,5017.62],"timestamp":18229531070},
{"hands":[],"id":211908,"pointables":[],"r":[[-0.223578,0.959611,-0.170761],[-0.917636,-0.148177,0.368764],[0.328568,0.239144,0.913703]],"s":30.3636,"t":[-2039.89,-2124.22,5017.68],"timestamp":18229539812},
{"hands":[],"id":211909,"pointables":[],"r":[[-0.22359,0.959601,-0.170804],[-0.917619,-0.14816,0.368815],[0.328609,0.239196,0.913675]],"s":30.3636,"t":[-2039.93,-2124.21,5017.73],"timestamp":18229548493},
{"hands":[],"id":211910,"pointables":[],"r":[[-0.223599,0.959592,-0.170839],[-0.917605,-0.148147,0.368855],[0.328642,0.239239,0.913652]],"s":30.3636,"t":[-2039.96,-2124.21,5017.77],"timestamp":18229557069},
{"hands":[],"id":211911,"pointables":[],"r":[[-0.223606,0.959586,-0.170867],[-0.917593,-0.148136,0.368888],[0.328668,0.239272,0.913634]],"s":30.3636,"t":[-2039.99,-2124.2,5017.8],"timestamp":18229565637},
{"hands":[],"id":211912,"pointables":[],"r":[[-0.223612,0.95958,-0.17089],[-0.917584,-0.148127,0.368914],[0.328689,0.239299,0.913619]],"s":30.3636,"t":[-2040.01,-2124.2,5017.82],"timestamp":18229574295},
{"hands":[],"id":211913,"pointables":[],"r":[[-0.223617,0.959576,-0.170908],[-0.917577,-0.14812,0.368934],[0.328706,0.239321,0.913607]],"s":30.3636,"t":[-2040.02,-2124.19,5017.84],"timestamp":18229582922},
{"hands":[],"id":211914,"pointables":[],"r":[[-0.223621,0.959573,-0.170922],[-0.917571,-0.148114,0.368951],[0.328719,0.239338,0.913598]],"s":30.3636,"t":[-2040.04,-2124.19,5017.86],"timestamp":18229591925},
{"hands":[],"id":211915,"pointables":[],"r":[[-0.223624,0.95957,-0.170933],[-0.917567,-0.14811,0.368964],[0.32873,0.239352,0.91359]],"s":30.3636,"t":[-2040.05,-2124.19,5017.87],"timestamp":18229600539},
{"hands":[],"id":211916,"pointables":[],"r":[[-0.223626,0.959568,-0.170942],[-0.917563,-0.148106,0.368975],[0.328739,0.239363,0.913584]],"s":30.3636,"t":[-2040.06,-2124.19,5017.88],"timestamp":18229609076},
{"hands":[],"id":211917,"pointables":[],"r":[[-0.223628,0.959566,-0.17095],[-0.91756,-0.148103,0.368983],[0.328745,0.239372,0.91358]],"s":30.3636,"t":[-2040.06,-2124.19,5017.89],"timestamp":18229617712},
{"hands":[],"id":211918,"pointables":[],"r":[[-0.22363,0.959564,-0.170956],[-0.917558,-0.148101,0.36899],[0.328751,0.239379,0.913576]],"s":30.3636,"t":[-2040.07,-2124.19,5017.9],"timestamp":18229626445},
{"hands":[],"id":211919,"pointables":[],"r":[[-0.223631,0.959563,-0.17096],[-0.917556,-0.148099,0.368995],[0.328755,0.239385,0.913573]],"s":30.3636,"t":[-2040.07,-2124.18,5017.9],"timestamp":18229635253},
{"hands":[],"id":211920,"pointables":[],"r":[[-0.223632,0.959562,-0.170964],[-0.917554,-0.148098,0.369],[0.328759,0.239389,0.91357]],"s":30.3636,"t":[-2040.07,-2124.18,5017.9],"timestamp":18229644051},
{"hands":[],"id":211921,"pointables":[],"r":[[-0.223633,0.959562,-0.170967],[-0.917553,-0.148097,0.369003],[0.328762,0.239393,0.913568]],"s":30.3636,"t":[-2040.08,-2124.18,5017.91],"timestamp":18229652547},
{"hands":[],"id":211922,"pointables":[],"r":[[-0.223634,0.959561,-0.170969],[-0.917552,-0.148096,0.369006],[0.328764,0.239396,0.913567]],"s":30.3636,"t":[-2040.08,-2124.18,5017.91],"timestamp":18229661217},
{"hands":[],"id":211923,"pointables":[],"r":[[-0.223634,0.959561,-0.170971],[-0.917552,-0.148095,0.369008],[0.328766,0.239398,0.913565]],"s":30.3636,"t":[-2040.08,-2124.18,5017.91],"timestamp":18229669836},
{"hands":[],"id":211924,"pointables":[],"r":[[-0.223635,0.95956,-0.170973],[-0.917551,-0.148094,0.36901],[0.328767,0.2394,0.913564]],"s":30.3636,"t":[-2040.08,-2124.18,5017.91],"timestamp":18229678303},
{"hands":[],"id":211925,"pointables":[],"r":[[-0.223635,0.95956,-0.170974],[-0.91755,-0.148094,0.369011],[0.328768,0.239401,0.913564]],"s":30.3636,"t":[-2040.08,-2124.18,5017.92],"timestamp":18229687386},
{"hands":[],"id":211926,"pointables":[],"r":[[-0.223635,0.95956,-0.170975],[-0.91755,-0.148093,0.369013],[0.328769,0.239402,0.913563]],"s":30.3636,"t":[-2040.08,-2124.18,5017.92],"timestamp":18229695962},
{"hands":[],"id":211927,"pointables":[],"r":[[-0.223635,0.959559,-0.170976],[-0.91755,-0.148093,0.369013],[0.32877,0.239403,0.913562]],"s":30.3636,"t":[-2040.09,-2124.18,5017.92],"timestamp":18229704359},
{"hands":[],"id":211928,"pointables":[],"r":[[-0.223636,0.959559,-0.170977],[-0.917549,-0.148093,0.369014],[0.328771,0.239404,0.913562]],"s":30.3636,"t":[-2040.09,-2124.18,5017.92],"timestamp":18229713177},
{"hands":[],"id":211929,"pointables":[],"r":[[-0.223636,0.959559,-0.170977],[-0.917549,-0.148093,0.369015],[0.328771,0.239405,0.913562]],"s":30.3636,"t":[-2040.09,-2124.18,5017.92],"timestamp":18229721855},
{"hands":[],"id":211930,"pointables":[],"r":[[-0.223636,0.959559,-0.170977],[-0.917549,-0.148093,0.369015],[0.328771,0.239405,0.913561]],"s":30.3636,"t":[-2040.09,-2124.18,5017.92],"timestamp":18229730626},
{"hands":[],"id":211931,"pointables":[],"r":[[-0.223636,0.959559,-0.170978],[-0.917549,-0.148092,0.369016],[0.328772,0.239406,0.913561]],"s":30.3636,"t":[-2040.09,-2124.18,5017.92],"timestamp":18229739038},
{"hands":[],"id":211932,"pointables":[],"r":[[-0.223636,0.959559,-0.170978],[-0.917549,-0.148092,0.369016],[0.328772,0.239406,0.913561]],"s":30.3636,"t":[-2040.09,-2124.18,5017.92],"timestamp":18229747878},
{"hands":[],"id":211933,"pointables":[],"r":[[-0.223636,0.959559,-0.170978],[-0.917549,-0.148092,0.369016],[0.328772,0.239406,0.913561]],"s":30.3636,"t":[-2040.09,-2124.18,5017.92],"timestamp":18229756670},
{"hands":[],"id":211934,"pointables":[],"r":[[-0.223636,0.959559,-0.170978],[-0.917549,-0.148092,0.369016],[0.328772,0.239406,0.913561]],"s":30.3636,"t":[-2040.09,-2124.18,5017.92],"timestamp":18229765072},
{"hands":[],"id":211935,"pointables":[],"r":[[-0.223636,0.959559,-0.170979],[-0.917549,-0.148092,0.369016],[0.328772,0.239407,0.913561]],"s":30.3636,"t":[-2040.09,-2124.18,5017.92],"timestamp":18229774055},
{"hands":[],"id":211936,"pointables":[],"r":[[-0.223636,0.959559,-0.170979],[-0.917549,-0.148092,0.369017],[0.328773,0.239407,0.913561]],"s":30.3636,"t":[-2040.09,-2124.18,5017.92],"timestamp":18229782737},
{"hands":[],"id":211937,"pointables":[],"r":[[-0.223636,0.959559,-0.170979],[-0.917549,-0.148092,0.369017],[0.328773,0.239407,0.913561]],"s":30.3636,"t":[-2040.09,-2124.18,5017.92],"timestamp":18229791233},
{"hands":[],"id":211938,"pointables":[],"r":[[-0.223636,0.959559,-0.170979],[-0.917549,-0.148092,0.369017],[0.328773,0.239407,0.913561]],"s":30.3636,"t":[-2040.09,-2124.18,5017.92],"timestamp":18229799879},
{"hands":[],"id":211939,"pointables":[],"r":[[-0.223636,0.959559,-0.170979],[-0.917549,-0.148092,0.369017],[0.328773,0.239407,0.91356]],"s":30.3636,"t":[-2040.09,-2124.18,5017.92],"timestamp":18229808579},
{"hands":[],"id":211940,"pointables":[],"r":[[-0.223636,0.959559,-0.170979],[-0.917549,-0.148092,0.369017],[0.328773,0.239407,0.91356]],"s":30.3636,"t":[-2040.09,-2124.18,5017.92],"timestamp":18229817439},
{"hands":[],"id":211941,"pointables":[],"r":[[-0.223636,0.959559,-0.170979],[-0.917548,-0.148092,0.369017],[0.328773,0.239407,0.91356]],"s":30.3636,"t":[-2040.09,-2124.18,5017.92],"timestamp":18229825924},
{"hands":[],"id":211942,"pointables":[],"r":[[-0.223636,0.959559,-0.170979],[-0.917548,-0.148092,0.369017],[0.328773,0.239407,0.91356]],"s":30.3636,"t":[-2040.09,-2124.18,5017.92],"timestamp":18229834457},
{"hands":[],"id":211943,"pointables":[{"direction":[-0.109092,-0.331045,-0.937288],"handId":1,"id":2,"length":40.7283,"tipPosition":[-18.482,171.536,-14.1956],"tipVelocity":[3280.99,-30.0968,-1432.52],"tool":false},{"direction":[-0.261372,-0.308801,-0.914509],"handId":1,"id":5,"length":37.8619,"tipPosition":[-50.7245,175.672,12.3542],"tipVelocity":[3516.77,-346.557,-1834.11],"tool":false}],"r":[[-0.217339,0.95925,-0.180562],[-0.921857,-0.140914,0.361004],[0.320849,0.244912,0.914917]],"s":30.3372,"t":[-2024.84,-2125.03,5010.59],"timestamp":18229843431},
{"hands":[],"id":211944,"pointables":[{"direction":[-0.132976,-0.254736,-0.957824],"handId":1,"id":2,"length":43.6522,"tipPosition":[9.75907,170.091,-24.3515],"tipVelocity":[3317.41,-169.761,-1192.99],"tool":false},{"direction":[-0.277004,-0.280472,-0.919024],"handId":1,"id":5,"length":40.9923,"tipPosition":[-23.0022,172.849,-0.657329],"tipVelocity":[3256.48,-331.666,-1528.43],"tool":false}],"r":[[-0.211116,0.956367,-0.201973],[-0.927348,-0.130657,0.350649],[0.30896,0.261327,0.914468]],"s":30.3089,"t":[-2003.22,-2126.52,5001.14],"timestamp":18229851944},
{"hands":[],"id":211945,"pointables":[{"direction":[-0.111029,-0.200249,-0.973434],"handId":1,"id":2,"length":46.1306,"tipPosition":[37.3011,167.315,-30.6512],"tipVelocity":[3111.75,-313.63,-711.755],"tool":false},{"direction":[-0.260995,-0.256387,-0.93067],"handId":1,"id":5,"length":43.3865,"tipPosition":[3.96783,169.773,-10.1975],"tipVelocity":[3047.11,-347.443,-1077.87],"tool":false}],"r":[[-0.209255,0.949529,-0.233682],[-0.931821,-0.121162,0.342095],[0.296515,0.289335,0.910145]],"s":30.2798,"t":[-1978.78,-2128.72,4992.45],"timestamp":18229860795},
{"hands":[],"id":211946,"pointables":[{"direction":[-0.0679426,-0.152108,-0.986026],"handId":1,"id":2,"length":48.1506,"tipPosition":[63.8139,164.248,-33.9573],"tipVelocity":[3166.83,-366.339,-394.895],"tool":false},{"direction":[-0.239123,-0.246676,-0.939133],"handId":1,"id":5,"length":45.5057,"tipPosition":[30.032,165.804,-17.6158],"tipVelocity":[3113.25,-474.083,-886.079],"tool":false}],"r":[[-0.209327,0.937179,-0.279066],[-0.936551,-0.110089,0.332795],[0.281166,0.331022,0.900761]],"s":30.2476,"t":[-1953.42,-2131.59,4985.42],"timestamp":18229869167},
{"hands":[],"id":211947,"pointables":[{"direction":[-0.0158711,-0.117438,-0.992953],"handId":1,"id":2,"length":49.8076,"tipPosition":[89.306,161.767,-35.8995],"tipVelocity":[2956.3,-287.768,-225.235],"tool":false},{"direction":[0.0267934,-0.2874,-0.957436],"handId":1,"id":6,"length":64.7205,"tipPosition":[104.235,141.271,-26.3192],"tipVelocity":[3030.61,-185.995,-137.46],"tool":false},{"direction":[-0.212786,-0.243018,-0.946395],"handId":1,"id":5,"length":47.0233,"tipPosition":[54.9575,161.504,-22.2597],"tipVelocity":[2890.59,-498.732,-538.55],"tool":false}],"r":[[-0.202597,0.922594,-0.328291],[-0.94166,-0.0915374,0.323878],[0.268757,0.374755,0.887315]],"s":30.2223,"t":[-1928,-2134.26,4980.94],"timestamp":18229877790},
{"hands":[],"id":211948,"pointables":[{"direction":[0.0306166,-0.105112,-0.993989],"handId":3,"id":2,"length":51.0572,"tipPosition":[114.317,159.99,-36.0975],"tipVelocity":[2896.13,-205.786,-22.926],"tool":false},{"direction":[-0.175897,-0.235916,-0.955722],"handId":3,"id":5,"length":48.2534,"tipPosition":[78.9309,158.029,-25.6846],"tipVelocity":[2775.98,-402.323,-396.582],"tool":false},{"direction":[0.0220784,-0.300375,-0.953566],"handId":3,"id":6,"length":64.2039,"tipPosition":[128.098,139.5,-23.3444],"tipVelocity":[2763.29,-204.997,344.469],"tool":false}],"r":[[-0.197559,0.900997,-0.386231],[-0.944816,-0.0699752,0.32004],[0.261329,0.428144,0.865101]],"s":30.205,"t":[-1903.3,-2136.48,4978.6],"timestamp":18229886426},
{"hands":[],"id":211949,"pointables":[{"direction":[0.0646978,-0.111045,-0.991707],"handId":1,"id":2,"length":51.4687,"tipPosition":[136.835,157.987,-34.6683],"tipVelocity":[2556.29,-227.361,162.236],"tool":false},{"direction":[-0.125603,-0.2299,-0.965075],"handId":1,"id":5,"length":48.6167,"tipPosition":[102.413,155.757,-26.5706],"tipVelocity":[2665.68,-258.006,-100.577],"tool":false},{"direction":[0.106538,-0.266317,-0.95798],"handId":1,"id":6,"length":62.2374,"tipPosition":[152.669,139.328,-13.9238],"tipVelocity":[2789.26,-19.5744,1069.43],"tool":false}],"r":[[-0.192384,0.869363,-0.455187],[-0.94506,-0.0392129,0.324536],[0.26429,0.492615,0.829145]],"s":30.2031,"t":[-1879.2,-2138.6,4978.14],"timestamp":18229895235},
{"hands":[],"id":211950,"pointables":[{"direction":[0.186686,-0.0447711,-0.981399],"handId":1,"id":2,"length":49.786,"tipPosition":[158.832,156.353,-32.7192],"tipVelocity":[2571.21,-190.961,227.842],"tool":false},{"direction":[-0.0734499,-0.231554,-0.970045],"handId":1,"id":5,"length":48.5066,"tipPosition":[124.561,153.886,-26.4446],"tipVelocity":[2588.9,-218.62,14.7246],"tool":false}],"r":[[-0.189622,0.834745,-0.516957],[-0.945696,-0.0137007,0.324762],[0.264011,0.550467,0.792013]],"s":30.1979,"t":[-1856.12,-2140.53,4978.43],"timestamp":18229903790},
{"hands":[],"id":211951,"pointables":[{"direction":[0.00499455,-0.213269,-0.976981],"handId":1,"id":5,"length":47.4097,"tipPosition":[145.725,152.463,-26.0082],"tipVelocity":[2388.42,-160.642,49.251],"tool":false}],"r":[[-0.187393,0.803898,-0.564475],[-0.946168,0.00667078,0.323606],[0.263912,0.59473,0.759372]],"s":30.1943,"t":[-1834,-2142.21,4978.8],"timestamp":18229912651},
{"hands":[],"id":211952,"pointables":[{"direction":[0.088216,-0.198642,-0.976094],"handId":1,"id":5,"length":47.0382,"tipPosition":[167.585,151.873,-25.3117],"tipVelocity":[2488.93,-67.1368,79.3046],"tool":false}],"r":[[-0.185601,0.777281,-0.601155],[-0.946521,0.022892,0.321828],[0.263913,0.628737,0.731464]],"s":30.1917,"t":[-1812.01,-2143.34,4979.33],"timestamp":18229921434},
{"hands":[],"id":211953,"pointables":[],"r":[[-0.184164,0.75479,-0.629584],[-0.946787,0.0357942,0.319863],[0.263965,0.65499,0.708033]],"s":30.1899,"t":[-1794.41,-2144.25,4979.75],"timestamp":18229929856},
{"hands":[],"id":211954,"pointables":[],"r":[[-0.183012,0.736053,-0.651714],[-0.94699,0.0460546,0.317945],[0.264039,0.675355,0.688607]],"s":30.1887,"t":[-1780.34,-2144.97,4980.09],"timestamp":18229938782},
{"hands":[],"id":211955,"pointables":[],"r":[[-0.182091,0.720602,-0.669011],[-0.947145,0.0542169,0.316191],[0.26412,0.691226,0.672642]],"s":30.1878,"t":[-1769.08,-2145.56,4980.36],"timestamp":18229947439},
{"hands":[],"id":211956,"pointables":[],"r":[[-0.181354,0.707951,-0.682581],[-0.947265,0.0607138,0.314648],[0.264198,0.703647,0.659606]],"s":30.1872,"t":[-1760.07,-2146.02,4980.58],"timestamp":18229956099},
{"hands":[],"id":211957,"pointables":[],"r":[[-0.180765,0.697648,-0.693261],[-0.947357,0.0658886,0.313325],[0.264269,0.713404,0.649012]],"s":30.1868,"t":[-1752.87,-2146.39,4980.75],"timestamp":18229964742},
{"hands":[],"id":211958,"pointables":[],"r":[[-0.180294,0.689292,-0.701692],[-0.94743,0.0700129,0.31221],[0.264331,0.721093,0.640433]],"s":30.1865,"t":[-1747.1,-2146.69,4980.89],"timestamp":18229973440},
{"hands":[],"id":211959,"pointables":[],"r":[[-0.179917,0.682534,-0.708362],[-0.947487,0.0733019,0.311281],[0.264384,0.727169,0.633504]],"s":30.1863,"t":[-1742.49,-2146.93,4981],"timestamp":18229982147},
{"hands":[],"id":211960,"pointables":[],"r":[[-0.179615,0.677082,-0.713651],[-0.947531,0.0759263,0.310515],[0.264429,0.73198,0.627919]],"s":30.1861,"t":[-1738.8,-2147.12,4981.09],"timestamp":18229990550},
{"hands":[],"id":211961,"pointables":[],"r":[[-0.179374,0.672691,-0.717852],[-0.947567,0.0780213,0.309888],[0.264466,0.735798,0.623425]],"s":30.186,"t":[-1735.85,-2147.27,4981.16],"timestamp":18229999218},
{"hands":[],"id":211962,"pointables":[],"r":[[-0.179182,0.669161,-0.721192],[-0.947594,0.0796943,0.309376],[0.264497,0.738832,0.619813]],"s":30.1859,"t":[-1733.49,-2147.39,4981.22],"timestamp":18230007925},
{"hands":[],"id":211963,"pointables":[],"r":[[-0.179027,0.666324,-0.723852],[-0.947616,0.0810309,0.308961],[0.264523,0.741246,0.616913]],"s":30.1859,"t":[-1731.6,-2147.49,4981.27],"timestamp":18230016646},
{"hands":[],"id":211964,"pointables":[],"r":[[-0.178904,0.664047,-0.725971],[-0.947634,0.0820988,0.308625],[0.264543,0.743169,0.614586]],"s":30.1859,"t":[-1730.09,-2147.57,4981.3],"timestamp":18230025542},
{"hands":[],"id":211967,"pointables":[],"r":[[-0.178805,0.662221,-0.727662],[-0.947648,0.0829524,0.308354],[0.26456,0.744703,0.61272]],"s":30.1858,"t":[-1728.88,-2147.63,4981.33],"timestamp":18230051555},
{"hands":[],"id":211968,"pointables":[],"r":[[-0.178726,0.660757,-0.729011],[-0.947659,0.0836347,0.308135],[0.264573,0.745926,0.611225]],"s":30.1858,"t":[-1727.91,-2147.68,4981.35],"timestamp":18230060082},
{"hands":[],"id":211969,"pointables":[],"r":[[-0.178663,0.659584,-0.730088],[-0.947668,0.0841803,0.30796],[0.264584,0.746902,0.610027]],"s":30.1858,"t":[-1727.14,-2147.72,4981.37],"timestamp":18230068601},
{"hands":[],"id":211970,"pointables":[],"r":[[-0.178613,0.658645,-0.730948],[-0.947675,0.0846165,0.307818],[0.264593,0.747681,0.609067]],"s":30.1858,"t":[-1726.52,-2147.75,4981.39],"timestamp":18230077373},
{"hands":[],"id":211971,"pointables":[],"r":[[-0.178573,0.657892,-0.731635],[-0.947681,0.0849653,0.307705],[0.2646,0.748304,0.608299]],"s":30.1858,"t":[-1726.02,-2147.78,4981.4],"timestamp":18230085934},
{"hands":[],"id":211972,"pointables":[],"r":[[-0.17854,0.657289,-0.732184],[-0.947685,0.0852443,0.307614],[0.264606,0.748802,0.607684]],"s":30.1858,"t":[-1725.63,-2147.8,4981.41],"timestamp":18230094721},
{"hands":[],"id":211973,"pointables":[],"r":[[-0.178514,0.656807,-0.732623],[-0.947689,0.0854674,0.307541],[0.26461,0.749199,0.607191]],"s":30.1858,"t":[-1725.31,-2147.81,4981.42],"timestamp":18230103336},
{"hands":[],"id":211974,"pointables":[],"r":[[-0.178494,0.656421,-0.732974],[-0.947692,0.0856459,0.307482],[0.264614,0.749517,0.606797]],"s":30.1858,"t":[-1725.06,-2147.83,4981.42],"timestamp":18230112179},
{"hands":[],"id":211975,"pointables":[],"r":[[-0.178477,0.656112,-0.733255],[-0.947694,0.0857886,0.307435],[0.264617,0.749772,0.606482]],"s":30.1858,"t":[-1724.85,-2147.84,4981.43],"timestamp":18230120803},
{"hands":[],"id":211976,"pointables":[],"r":[[-0.178464,0.655865,-0.73348],[-0.947696,0.0859028,0.307398],[0.264619,0.749975,0.60623]],"s":30.1858,"t":[-1724.69,-2147.84,4981.43],"timestamp":18230129551},
{"hands":[],"id":211977,"pointables":[],"r":[[-0.178453,0.655667,-0.733659],[-0.947697,0.0859941,0.307368],[0.264621,0.750137,0.606028]],"s":30.1858,"t":[-1724.56,-2147.85,4981.44],"timestamp":18230138202},
{"hands":[],"id":211978,"pointables":[],"r":[[-0.178445,0.655508,-0.733803],[-0.947698,0.0860672,0.307344],[0.264623,0.750267,0.605866]],"s":30.1858,"t":[-1724.46,-2147.86,4981.44],"timestamp":18230146709},
{"hands":[],"id":211979,"pointables":[],"r":[[-0.178438,0.655382,-0.733917],[-0.947699,0.0861256,0.307325],[0.264624,0.750371,0.605737]],"s":30.1858,"t":[-1724.37,-2147.86,4981.44],"timestamp":18230155371},
{"hands":[],"id":211980,"pointables":[],"r":[[-0.178433,0.65528,-0.734009],[-0.9477,0.0861724,0.307309],[0.264625,0.750455,0.605633]],"s":30.1858,"t":[-1724.31,-2147.86,4981.44],"timestamp":18230164088},
{"hands":[],"id":211981,"pointables":[],"r":[[-0.178428,0.655199,-0.734083],[-0.947701,0.0862098,0.307297],[0.264626,0.750521,0.60555]],"s":30.1858,"t":[-1724.25,-2147.87,4981.44],"timestamp":18230172845},
{"hands":[],"id":211982,"pointables":[],"r":[[-0.178425,0.655134,-0.734141],[-0.947701,0.0862397,0.307287],[0.264626,0.750574,0.605484]],"s":30.1858,"t":[-1724.21,-2147.87,4981.44],"timestamp":18230181290},
{"hands":[],"id":211983,"pointables":[],"r":[[-0.178422,0.655082,-0.734188],[-0.947702,0.0862636,0.307279],[0.264627,0.750617,0.605431]],"s":30.1858,"t":[-1724.18,-2147.87,4981.44],"timestamp":18230190345},
{"hands":[],"id":211984,"pointables":[],"r":[[-0.17842,0.655041,-0.734226],[-0.947702,0.0862828,0.307273],[0.264627,0.750651,0.605389]],"s":30.1858,"t":[-1724.15,-2147.87,4981.45],"timestamp":18230198836},
{"hands":[],"id":211985,"pointables":[],"r":[[-0.178418,0.655008,-0.734256],[-0.947702,0.0862981,0.307268],[0.264628,0.750678,0.605355]],"s":30.1858,"t":[-1724.13,-2147.87,4981.45],"timestamp":18230207667},
{"hands":[],"id":211986,"pointables":[],"r":[[-0.178417,0.654981,-0.73428],[-0.947702,0.0863104,0.307264],[0.264628,0.7507,0.605328]],"s":30.1858,"t":[-1724.11,-2147.87,4981.45],"timestamp":18230216250},
{"hands":[],"id":211987,"pointables":[],"r":[[-0.178416,0.65496,-0.734299],[-0.947702,0.0863202,0.30726],[0.264628,0.750717,0.605306]],"s":30.1858,"t":[-1724.1,-2147.87,4981.45],"timestamp":18230224802},
{"hands":[],"id":211988,"pointables":[],"r":[[-0.178415,0.654943,-0.734315],[-0.947703,0.086328,0.307258],[0.264628,0.750731,0.605289]],"s":30.1858,"t":[-1724.09,-2147.88,4981.45],"timestamp":18230233688},
{"hands":[],"id":211989,"pointables":[],"r":[[-0.178414,0.654929,-0.734327],[-0.947703,0.0863343,0.307256],[0.264628,0.750742,0.605275]],"s":30.1858,"t":[-1724.08,-2147.88,4981.45],"timestamp":18230242159},
{"hands":[],"id":211990,"pointables":[],"r":[[-0.178413,0.654918,-0.734337],[-0.947703,0.0863393,0.307254],[0.264628,0.750751,0.605264]],"s":30.1858,"t":[-1724.07,-2147.88,4981.45],"timestamp":18230250772},
{"hands":[],"id":211991,"pointables":[],"r":[[-0.178413,0.654909,-0.734345],[-0.947703,0.0863433,0.307253],[0.264628,0.750759,0.605255]],"s":30.1858,"t":[-1724.06,-2147.88,4981.45],"timestamp":18230259523},
{"hands":[],"id":211992,"pointables":[],"r":[[-0.178412,0.654903,-0.734351],[-0.947703,0.0863465,0.307252],[0.264629,0.750764,0.605248]],"s":30.1858,"t":[-1724.06,-2147.88,4981.45],"timestamp":18230268159},
{"hands":[],"id":211993,"pointables":[],"r":[[-0.178412,0.654897,-0.734356],[-0.947703,0.0863491,0.307251],[0.264629,0.750769,0.605242]],"s":30.1858,"t":[-1724.06,-2147.88,4981.45],"timestamp":18230277024},
{"hands":[],"id":211994,"pointables":[],"r":[[-0.178412,0.654892,-0.73436],[-0.947703,0.0863512,0.30725],[0.264629,0.750772,0.605237]],"s":30.1858,"t":[-1724.05,-2147.88,4981.45],"timestamp":18230285471},
{"hands":[],"id":211995,"pointables":[],"r":[[-0.178412,0.654889,-0.734364],[-0.947703,0.0863528,0.30725],[0.264629,0.750775,0.605234]],"s":30.1858,"t":[-1724.05,-2147.88,4981.45],"timestamp":18230294314},
{"hands":[],"id":211996,"pointables":[],"r":[[-0.178412,0.654886,-0.734366],[-0.947703,0.0863541,0.307249],[0.264629,0.750778,0.605231]],"s":30.1858,"t":[-1724.05,-2147.88,4981.45],"timestamp":18230303040},
{"hands":[],"id":211997,"pointables":[{"direction":[0.0321975,-0.241489,-0.969869],"handId":1,"id":2,"length":54.0927,"tipPosition":[137.775,159.309,-13.5813],"tipVelocity":[-1061.68,154.271,-101.68],"tool":false}],"r":[[-0.178411,0.654884,-0.734368],[-0.947703,0.0863552,0.307249],[0.264629,0.75078,0.605229]],"s":30.1858,"t":[-1728.54,-2147.22,4981.02],"timestamp":18230311504},
{"hands":[],"id":211998,"pointables":[{"direction":[0.0388906,-0.226932,-0.973134],"handId":1,"id":2,"length":55.61,"tipPosition":[125.764,160.859,-13.9945],"tipVelocity":[-1393.41,179.813,-47.9379],"tool":false}],"r":[[-0.178411,0.654882,-0.73437],[-0.947703,0.086356,0.307248],[0.264629,0.750781,0.605227]],"s":30.1858,"t":[-1736.79,-2146.12,4980.6],"timestamp":18230320124},
{"hands":[],"id":211999,"pointables":[{"direction":[0.0356393,-0.218546,-0.975176],"handId":1,"id":2,"length":57.092,"tipPosition":[109.247,163.208,-13.9443],"tipVelocity":[-1855.22,263.803,5.64543],"tool":false}],"r":[[-0.178411,0.65488,-0.734371],[-0.947703,0.0863567,0.307248],[0.264629,0.750782,0.605225]],"s":30.1858,"t":[-1749.18,-2144.4,4980.41],"timestamp":18230329027},
{"hands":[],"id":212000,"pointables":[{"direction":[0.0232562,-0.220007,-0.975221],"handId":1,"id":2,"length":58.1276,"tipPosition":[88.5557,166.398,-13.1739],"tipVelocity":[-2458.54,378.997,91.5324],"tool":false},{"direction":[0.111623,-0.230134,-0.966736],"handId":1,"id":5,"length":47.1271,"tipPosition":[145.733,153.233,-7.98129],"tipVelocity":[-1105.26,226.248,-72.5252],"tool":false}],"r":[[-0.172124,0.66049,-0.730839],[-0.948832,0.0882325,0.303204],[0.264747,0.745632,0.611508]],"s":30.2496,"t":[-1762.87,-2142.26,4980.36],"timestamp":18230337443},
{"hands":[],"id":212001,"pointables":[{"direction":[0.116527,-0.101251,-0.988013],"handId":1,"id":3,"length":63.3534,"tipPosition":[109.74,171.718,-20.1215],"tipVelocity":[-2066.72,360.806,-11.9082],"tool":false},{"direction":[0.00870747,-0.220002,-0.975461],"handId":1,"id":2,"length":59.0234,"tipPosition":[66.5659,170.538,-11.5901],"tipVelocity":[-2507.1,472.036,180.579],"tool":false},{"direction":[0.0938001,-0.228928,-0.968914],"handId":1,"id":5,"length":49.7354,"tipPosition":[133.395,155.376,-8.59],"tipVelocity":[-1406.63,244.323,-69.4002],"tool":false}],"r":[[-0.164124,0.670579,-0.723455],[-0.950208,0.0894701,0.298497],[0.264893,0.736423,0.622506]],"s":30.3305,"t":[-1778.78,-2139.61,4980.28],"timestamp":18230346214},
{"hands":[],"id":212002,"pointables":[{"direction":[0.100779,-0.0916529,-0.990678],"handId":1,"id":3,"length":64.7565,"tipPosition":[86.9821,176.045,-19.5812],"tipVelocity":[-2641.7,502.257,62.7115],"tool":false},{"direction":[-0.00700449,-0.215695,-0.976436],"handId":1,"id":2,"length":59.9362,"tipPosition":[45.4798,175.06,-9.06792],"tipVelocity":[-2447.6,524.888,292.762],"tool":false},{"direction":[0.077866,-0.22255,-0.971807],"handId":1,"id":5,"length":51.4798,"tipPosition":[115.323,158.171,-8.92804],"tipVelocity":[-2097.79,324.449,-39.2387],"tool":false}],"r":[[-0.156131,0.685243,-0.711382],[-0.951634,0.0885827,0.294188],[0.264607,0.722907,0.63827]],"s":30.3968,"t":[-1797.27,-2136.12,4980.51],"timestamp":18230354829},
{"hands":[],"id":212003,"pointables":[{"direction":[0.0840925,-0.0797807,-0.993259],"handId":1,"id":3,"length":66.0692,"tipPosition":[63.0754,181.162,-18.1392],"tipVelocity":[-2733.44,585.087,164.881],"tool":false},{"direction":[0.0599535,-0.217354,-0.97425],"handId":1,"id":5,"length":53.0854,"tipPosition":[91.2343,161.983,-8.53609],"tipVelocity":[-2754.22,435.833,44.8146],"tool":false},{"direction":[-0.0237835,-0.204188,-0.978643],"handId":1,"id":2,"length":60.3864,"tipPosition":[25.3399,179.936,-5.74021],"tipVelocity":[-2302.76,557.483,380.485],"tool":false}],"r":[[-0.151524,0.703782,-0.694068],[-0.95267,0.083244,0.292389],[0.263555,0.705522,0.657859]],"s":30.4326,"t":[-1818.48,-2131.94,4981.35],"timestamp":18230363575},
{"hands":[],"id":212004,"pointables":[{"direction":[0.0651301,-0.0672838,-0.995606],"handId":1,"id":3,"length":67.1491,"tipPosition":[40.6832,186.486,-16.0278],"tipVelocity":[-2596.5,617.372,244.827],"tool":false},{"direction":[0.0401376,-0.210679,-0.976731],"handId":1,"id":5,"length":54.4131,"tipPosition":[66.4765,166.78,-7.03377],"tipVelocity":[-2870.8,556.205,174.203],"tool":false},{"direction":[-0.0450325,-0.196583,-0.979453],"handId":1,"id":2,"length":60.7791,"tipPosition":[5.32638,184.236,-1.12793],"tipVelocity":[-2320.68,498.674,534.818],"tool":false}],"r":[[-0.147247,0.725364,-0.672432],[-0.953841,0.0757644,0.290598],[0.261735,0.684183,0.680726]],"s":30.4451,"t":[-1840.27,-2127.45,4982.82],"timestamp":18230372199},
