[
{"hands":[],"id":2011,"pointables":[],"r":[[-0.067318,0.981574,-0.178833],[-0.981718,-0.0331803,0.187429],[0.178041,0.18818,0.965862]],"s":42.1955,"t":[1595.37,-1010.44,1563.42],"timestamp":23342157037},
{"hands":[],"id":2013,"pointables":[],"r":[[-0.067318,0.981574,-0.178833],[-0.981718,-0.0331803,0.187429],[0.178041,0.18818,0.965862]],"s":42.1955,"t":[1595.37,-1010.44,1563.42],"timestamp":23342166766},
{"hands":[],"id":2015,"pointables":[],"r":[[-0.067318,0.981574,-0.178833],[-0.981718,-0.0331803,0.187429],[0.178041,0.18818,0.965862]],"s":42.1955,"t":[1595.37,-1010.44,1563.42],"timestamp":23342175832},
{"hands":[],"id":2017,"pointables":[],"r":[[-0.067318,0.981574,-0.178833],[-0.981718,-0.0331803,0.187429],[0.178041,0.18818,0.965862]],"s":42.1955,"t":[1595.37,-1010.44,1563.42],"timestamp":23342185173},
{"hands":[],"id":2021,"pointables":[],"r":[[-0.067318,0.981574,-0.178833],[-0.981718,-0.0331803,0.187429],[0.178041,0.18818,0.965862]],"s":42.1955,"t":[1595.37,-1010.44,1563.42],"timestamp":23342203696},
{"hands":[],"id":2023,"pointables":[],"r":[[-0.067318,0.981574,-0.178833],[-0.981718,-0.0331803,0.187429],[0.178041,0.18818,0.965862]],"s":42.1955,"t":[1595.37,-1010.44,1563.42],"timestamp":23342213246},
{"hands":[],"id":2025,"pointables":[],"r":[[-0.067318,0.981574,-0.178833],[-0.981718,-0.0331803,0.187429],[0.178041,0.18818,0.965862]],"s":42.1955,"t":[1595.37,-1010.44,1563.42],"timestamp":23342222576},
{"hands":[],"id":2027,"pointables":[],"r":[[-0.067318,0.981574,-0.178833],[-0.981718,-0.0331803,0.187429],[0.178041,0.18818,0.965862]],"s":42.1955,"t":[1595.37,-1010.44,1563.42],"timestamp":23342231860},
{"hands":[],"id":2029,"pointables":[],"r":[[-0.067318,0.981574,-0.178833],[-0.981718,-0.0331803,0.187429],[0.178041,0.18818,0.965862]],"s":42.1955,"t":[1595.37,-1010.44,1563.42],"timestamp":23342241105},
{"hands":[],"id":2031,"pointables":[],"r":[[-0.067318,0.981574,-0.178833],[-0.981718,-0.0331803,0.187429],[0.178041,0.18818,0.965862]],"s":42.1955,"t":[1595.37,-1010.44,1563.42],"timestamp":23342250603},
{"hands":[],"id":2033,"pointables":[],"r":[[-0.067318,0.981574,-0.178833],[-0.981718,-0.0331803,0.187429],[0.178041,0.18818,0.965862]],"s":42.1955,"t":[1595.37,-1010.44,1563.42],"timestamp":23342259852},
{"hands":[],"id":2035,"pointables":[],"r":[[-0.067318,0.981574,-0.178833],[-0.981718,-0.0331803,0.187429],[0.178041,0.18818,0.965862]],"s":42.1955,"t":[1595.37,-1010.44,1563.42],"timestamp":23342269201},
{"hands":[],"id":2037,"pointables":[],"r":[[-0.067318,0.981574,-0.178833],[-0.981718,-0.0331803,0.187429],[0.178041,0.18818,0.965862]],"s":42.1955,"t":[1595.37,-1010.44,1563.42],"timestamp":23342278736},
{"hands":[],"id":2039,"pointables":[],"r":[[-0.067318,0.981574,-0.178833],[-0.981718,-0.0331803,0.187429],[0.178041,0.18818,0.965862]],"s":42.1955,"t":[1595.37,-1010.44,1563.42],"timestamp":23342287911},
{"hands":[],"id":2041,"pointables":[],"r":[[-0.067318,0.981574,-0.178833],[-0.981718,-0.0331803,0.187429],[0.178041,0.18818,0.965862]],"s":42.1955,"t":[1595.37,-1010.44,1563.42],"timestamp":23342297386},
{"hands":[],"id":2043,"pointables":[],"r":[[-0.067318,0.981574,-0.178833],[-0.981718,-0.0331803,0.187429],[0.178041,0.18818,0.965862]],"s":42.1955,"t":[1595.37,-1010.44,1563.42],"timestamp":23342306667},
{"hands":[],"id":2045,"pointables":[],"r":[[-0.067318,0.981574,-0.178833],[-0.981718,-0.0331803,0.187429],[0.178041,0.18818,0.965862]],"s":42.1955,"t":[1595.37,-1010.44,1563.42],"timestamp":23342315884},
{"hands":[],"id":2047,"pointables":[],"r":[[-0.067318,0.981574,-0.178833],[-0.981718,-0.0331803,0.187429],[0.178041,0.18818,0.965862]],"s":42.1955,"t":[1595.37,-1010.44,1563.42],"timestamp":23342325395},
{"hands":[],"id":2049,"pointables":[],"r":[[-0.067318,0.981574,-0.178833],[-0.981718,-0.0331803,0.187429],[0.178041,0.18818,0.965862]],"s":42.1955,"t":[1595.37,-1010.44,1563.42],"timestamp":23342334667},
{"hands":[],"id":2051,"pointables":[],"r":[[-0.067318,0.981574,-0.178833],[-0.981718,-0.0331803,0.187429],[0.178041,0.18818,0.965862]],"s":42.1955,"t":[1595.37,-1010.44,1563.42],"timestamp":23342343974},
{"hands":[],"id":2053,"pointables":[],"r":[[-0.067318,0.981574,-0.178833],[-0.981718,-0.0331803,0.187429],[0.178041,0.18818,0.965862]],"s":42.1955,"t":[1595.37,-1010.44,1563.42],"timestamp":23342353105},
{"hands":[],"id":2055,"pointables":[],"r":[[-0.067318,0.981574,-0.178833],[-0.981718,-0.0331803,0.187429],[0.178041,0.18818,0.965862]],"s":42.1955,"t":[1595.37,-1010.44,1563.42],"timestamp":23342362704},
{"hands":[],"id":2057,"pointables":[],"r":[[-0.067318,0.981574,-0.178833],[-0.981718,-0.0331803,0.187429],[0.178041,0.18818,0.965862]],"s":42.1955,"t":[1595.37,-1010.44,1563.42],"timestamp":23342372077},
{"hands":[],"id":2059,"pointables":[],"r":[[-0.067318,0.981574,-0.178833],[-0.981718,-0.0331803,0.187429],[0.178041,0.18818,0.965862]],"s":42.1955,"t":[1595.37,-1010.44,1563.42],"timestamp":23342381408},
{"hands":[],"id":2061,"pointables":[],"r":[[-0.067318,0.981574,-0.178833],[-0.981718,-0.0331803,0.187429],[0.178041,0.18818,0.965862]],"s":42.1955,"t":[1595.37,-1010.44,1563.42],"timestamp":23342390912},
{"hands":[],"id":2063,"pointables":[],"r":[[-0.067318,0.981574,-0.178833],[-0.981718,-0.0331803,0.187429],[0.178041,0.18818,0.965862]],"s":42.1955,"t":[1595.37,-1010.44,1563.42],"timestamp":23342399907},
{"hands":[],"id":2065,"pointables":[],"r":[[-0.067318,0.981574,-0.178833],[-0.981718,-0.0331803,0.187429],[0.178041,0.18818,0.965862]],"s":42.1955,"t":[1595.37,-1010.44,1563.42],"timestamp":23342409439},
{"hands":[],"id":2067,"pointables":[],"r":[[-0.067318,0.981574,-0.178833],[-0.981718,-0.0331803,0.187429],[0.178041,0.18818,0.965862]],"s":42.1955,"t":[1595.37,-1010.44,1563.42],"timestamp":23342418738},
{"hands":[],"id":2069,"pointables":[],"r":[[-0.067318,0.981574,-0.178833],[-0.981718,-0.0331803,0.187429],[0.178041,0.18818,0.965862]],"s":42.1955,"t":[1595.37,-1010.44,1563.42],"timestamp":23342428009},
{"hands":[],"id":2071,"pointables":[],"r":[[-0.067318,0.981574,-0.178833],[-0.981718,-0.0331803,0.187429],[0.178041,0.18818,0.965862]],"s":42.1955,"t":[1595.37,-1010.44,1563.42],"timestamp":23342437355},
{"hands":[],"id":2073,"pointables":[],"r":[[-0.067318,0.981574,-0.178833],[-0.981718,-0.0331803,0.187429],[0.178041,0.18818,0.965862]],"s":42.1955,"t":[1595.37,-1010.44,1563.42],"timestamp":23342446642},
{"hands":[],"id":2075,"pointables":[],"r":[[-0.067318,0.981574,-0.178833],[-0.981718,-0.0331803,0.187429],[0.178041,0.18818,0.965862]],"s":42.1955,"t":[1595.37,-1010.44,1563.42],"timestamp":23342456110},
{"hands":[],"id":2077,"pointables":[],"r":[[-0.067318,0.981574,-0.178833],[-0.981718,-0.0331803,0.187429],[0.178041,0.18818,0.965862]],"s":42.1955,"t":[1595.37,-1010.44,1563.42],"timestamp":23342465599},
{"hands":[],"id":2079,"pointables":[],"r":[[-0.067318,0.981574,-0.178833],[-0.981718,-0.0331803,0.187429],[0.178041,0.18818,0.965862]],"s":42.1955,"t":[1595.37,-1010.44,1563.42],"timestamp":23342474792},
{"hands":[],"id":2081,"pointables":[],"r":[[-0.067318,0.981574,-0.178833],[-0.981718,-0.0331803,0.187429],[0.178041,0.18818,0.965862]],"s":42.1955,"t":[1595.37,-1010.44,1563.42],"timestamp":23342484126},
{"hands":[],"id":2083,"pointables":[],"r":[[-0.067318,0.981574,-0.178833],[-0.981718,-0.0331803,0.187429],[0.178041,0.18818,0.965862]],"s":42.1955,"t":[1595.37,-1010.44,1563.42],"timestamp":23342493479},
{"hands":[],"id":2085,"pointables":[],"r":[[-0.067318,0.981574,-0.178833],[-0.981718,-0.0331803,0.187429],[0.178041,0.18818,0.965862]],"s":42.1955,"t":[1595.37,-1010.44,1563.42],"timestamp":23342502884},
{"hands":[],"id":2087,"pointables":[],"r":[[-0.067318,0.981574,-0.178833],[-0.981718,-0.0331803,0.187429],[0.178041,0.18818,0.965862]],"s":42.1955,"t":[1595.37,-1010.44,1563.42],"timestamp":23342512074},
{"hands":[],"id":2089,"pointables":[],"r":[[-0.067318,0.981574,-0.178833],[-0.981718,-0.0331803,0.187429],[0.178041,0.18818,0.965862]],"s":42.1955,"t":[1595.37,-1010.44,1563.42],"timestamp":23342521437},
{"hands":[],"id":2091,"pointables":[],"r":[[-0.067318,0.981574,-0.178833],[-0.981718,-0.0331803,0.187429],[0.178041,0.18818,0.965862]],"s":42.1955,"t":[1595.37,-1010.44,1563.42],"timestamp":23342530978},
{"hands":[],"id":2093,"pointables":[],"r":[[-0.067318,0.981574,-0.178833],[-0.981718,-0.0331803,0.187429],[0.178041,0.18818,0.965862]],"s":42.1955,"t":[1595.37,-1010.44,1563.42],"timestamp":23342540446},
{"hands":[],"id":2095,"pointables":[],"r":[[-0.067318,0.981574,-0.178833],[-0.981718,-0.0331803,0.187429],[0.178041,0.18818,0.965862]],"s":42.1955,"t":[1595.37,-1010.44,1563.42],"timestamp":23342549534},
{"hands":[],"id":2097,"pointables":[],"r":[[-0.067318,0.981574,-0.178833],[-0.981718,-0.0331803,0.187429],[0.178041,0.18818,0.965862]],"s":42.1955,"t":[1595.37,-1010.44,1563.42],"timestamp":23342558851},
{"hands":[],"id":2099,"pointables":[],"r":[[-0.067318,0.981574,-0.178833],[-0.981718,-0.0331803,0.187429],[0.178041,0.18818,0.965862]],"s":42.1955,"t":[1595.37,-1010.44,1563.42],"timestamp":23342568171},
{"hands":[],"id":2101,"pointables":[],"r":[[-0.067318,0.981574,-0.178833],[-0.981718,-0.0331803,0.187429],[0.178041,0.18818,0.965862]],"s":42.1955,"t":[1595.37,-1010.44,1563.42],"timestamp":23342577649},
{"hands":[],"id":2103,"pointables":[],"r":[[-0.067318,0.981574,-0.178833],[-0.981718,-0.0331803,0.187429],[0.178041,0.18818,0.965862]],"s":42.1955,"t":[1595.37,-1010.44,1563.42],"timestamp":23342587004},
{"hands":[],"id":2105,"pointables":[],"r":[[-0.067318,0.981574,-0.178833],[-0.981718,-0.0331803,0.187429],[0.178041,0.18818,0.965862]],"s":42.1955,"t":[1595.37,-1010.44,1563.42],"timestamp":23342596223},
{"hands":[],"id":2107,"pointables":[{"direction":[0.514326,0.0634383,-0.855245],"handId":1,"id":2,"length":56.4562,"tipPosition":[-77.27,96.9058,83.7614],"tipVelocity":[343.992,-209.663,-467.864],"tool":false}],"r":[[-0.067318,0.981574,-0.178833],[-0.981718,-0.0331803,0.187429],[0.178041,0.18818,0.965862]],"s":42.1955,"t":[1596.97,-1011.42,1561.24],"timestamp":23342605551},
{"hands":[],"id":2109,"pointables":[{"direction":[0.521169,0.0334073,-0.8528],"handId":1,"id":2,"length":59.7536,"tipPosition":[-73.7704,94.2669,78.8049],"tipVelocity":[365.725,-275.772,-517.971],"tool":false}],"r":[[-0.067318,0.981574,-0.178833],[-0.981718,-0.0331803,0.187429],[0.178041,0.18818,0.965862]],"s":42.1955,"t":[1599.52,-1013.22,1557.67],"timestamp":23342615120},
{"hands":[],"id":2111,"pointables":[{"direction":[0.52336,0.000695546,-0.852111],"handId":1,"id":2,"length":62.841,"tipPosition":[-69.8976,90.8157,72.687],"tipVelocity":[428.877,-382.198,-677.508],"tool":false}],"r":[[-0.067318,0.981574,-0.178833],[-0.981718,-0.0331803,0.187429],[0.178041,0.18818,0.965862]],"s":42.1955,"t":[1602.74,-1015.85,1552.83],"timestamp":23342624150},
{"hands":[],"id":2113,"pointables":[{"direction":[-0.41221,-0.287839,-0.864425],"handId":3,"id":4,"length":26.9683,"tipPosition":[9.88267,151.838,44.6212],"tipVelocity":[-255.266,1230.75,-234.287],"tool":false},{"direction":[0.52851,-0.0342922,-0.848234],"handId":1,"id":2,"length":65.6898,"tipPosition":[-65.9474,86.3833,65.6371],"tipVelocity":[410.922,-461.081,-733.376],"tool":false}],"r":[[-0.037341,0.981516,-0.187702],[-0.98559,-0.00516255,0.169076],[0.164981,0.19131,0.967565]],"s":42.2046,"t":[1604.72,-1015.32,1548.08],"timestamp":23342633763},
{"hands":[],"id":2115,"pointables":[{"direction":[-0.391579,-0.251122,-0.885214],"handId":3,"id":4,"length":27.6353,"tipPosition":[7.56201,162.955,43.4487],"tipVelocity":[-252.684,1210.48,-127.665],"tool":false},{"direction":[0.534879,-0.0544496,-0.843172],"handId":1,"id":2,"length":67.9761,"tipPosition":[-61.7403,81.0953,57.9753],"tipVelocity":[458.094,-575.789,-834.25],"tool":false}],"r":[[0.0139156,0.97891,-0.203819],[-0.98988,0.0422767,0.135465],[0.141224,0.199872,0.969591]],"s":42.2275,"t":[1606.18,-1013.59,1543.5],"timestamp":23342642947},
{"hands":[],"id":2117,"pointables":[{"direction":[-0.375168,-0.243276,-0.894464],"handId":3,"id":4,"length":28.241,"tipPosition":[5.32791,173.214,43.4465],"tipVelocity":[-240.329,1103.57,-0.238276],"tool":false},{"direction":[0.544854,-0.05534,-0.836703],"handId":1,"id":2,"length":69.9127,"tipPosition":[-57.135,75.6357,50.7776],"tipVelocity":[495.407,-587.305,-774.281],"tool":false}],"r":[[0.0787025,0.971563,-0.223319],[-0.990733,0.101103,0.0906973],[0.110696,0.214111,0.970517]],"s":42.2642,"t":[1607.5,-1011.53,1539.41],"timestamp":23342652243},
{"hands":[{"direction":[-0.347007,0.558171,-0.641717],"id":3,"palmNormal":[-0.284529,-0.707448,-0.458105],"palmPosition":[58.7981,133.072,84.1274],"palmVelocity":[82.3958,689.744,105.391],"r":[[1,0,0],[0,1,0],[0,0,1]],"s":1,"sphereCenter":[56.3973,125.551,86.8804],"sphereRadius":54.4319,"t":[0,0,0]}],"id":2119,"pointables":[{"direction":[-0.362053,-0.227516,-0.903966],"handId":3,"id":4,"length":28.712,"tipPosition":[2.96751,182.554,44.0146],"tipVelocity":[-247.889,980.918,59.6576],"tool":false},{"direction":[0.558594,-0.0443457,-0.828255],"handId":1,"id":2,"length":71.3411,"tipPosition":[-52.4546,71.0798,45.1938],"tipVelocity":[491.53,-478.457,-586.416],"tool":false}],"r":[[0.15021,0.958638,-0.241764],[-0.985528,0.164619,0.040429],[0.0785558,0.232192,0.969493]],"s":42.3104,"t":[1608.74,-1009.31,1536.11],"timestamp":23342661765},
{"hands":[{"direction":[-0.353853,0.565582,-0.647423],"id":3,"palmNormal":[-0.29741,-0.720206,-0.463696],"palmPosition":[59.2583,140.048,85.0797],"palmVelocity":[50.2527,761.773,103.989],"r":[[1,0,0],[0,1,0],[0,0,1]],"s":1,"sphereCenter":[55.3818,130.916,84.5195],"sphereRadius":54.6466,"t":[-1.40681,4.35326,0.152768]}],"id":2121,"pointables":[{"direction":[0.576412,-0.0333999,-0.816476],"handId":1,"id":2,"length":73.3069,"tipPosition":[-48.2304,68.1447,40.7779],"tipVelocity":[461.264,-320.498,-482.184],"tool":false},{"direction":[-0.3535,-0.206039,-0.912461],"handId":3,"id":4,"length":29.1268,"tipPosition":[0.153884,191.26,44.3201],"tipVelocity":[-307.232,950.7,33.3627],"tool":false}],"r":[[0.223124,0.940434,-0.256515],[-0.973586,0.228071,-0.010701],[0.0484401,0.252127,0.966481]],"s":42.3607,"t":[1609.72,-1006.75,1533.43],"timestamp":23342670923},
{"hands":[{"direction":[-0.357466,0.578877,-0.646933],"id":3,"palmNormal":[-0.307305,-0.724542,-0.478636],"palmPosition":[59.6374,145.324,86.3002],"palmVelocity":[39.4725,549.338,127.081],"r":[[1,0,0],[0,1,0],[0,0,1]],"s":1,"sphereCenter":[54.6712,137.181,82.9651],"sphereRadius":55.0187,"t":[-3.65444,10.7146,0.55154]}],"id":2123,"pointables":[{"direction":[0.59349,-0.0182071,-0.804636],"handId":1,"id":2,"length":75.0746,"tipPosition":[-44.5075,66.7921,36.0175],"tipVelocity":[387.641,-140.832,-495.67],"tool":false},{"direction":[-0.355382,-0.168009,-0.919498],"handId":3,"id":4,"length":29.6894,"tipPosition":[-2.93455,199.63,44.9649],"tipVelocity":[-321.578,871.445,67.1362],"tool":false}],"r":[[0.293798,0.917675,-0.267498],[-0.955656,0.287882,-0.0620129],[0.0201,0.273855,0.961561]],"s":42.4114,"t":[1610.36,-1003.72,1531.06],"timestamp":23342680527},
{"hands":[{"direction":[-0.360113,0.599131,-0.636686],"id":3,"palmNormal":[-0.319949,-0.718064,-0.501032],"palmPosition":[59.0228,153.16,86.471],"palmVelocity":[-67.25,857.469,18.6937],"r":[[1,0,0],[0,1,0],[0,0,1]],"s":1,"sphereCenter":[53.1583,143.029,81.197],"sphereRadius":55.479,"t":[-6.36847,18.0922,1.43384]}],"id":2125,"pointables":[{"direction":[0.606215,-0.0023357,-0.795297],"handId":1,"id":2,"length":75.3989,"tipPosition":[-42.7381,66.4699,31.3635],"tipVelocity":[193.603,-35.2562,-509.243],"tool":false},{"direction":[-0.354068,-0.0768386,-0.932058],"handId":3,"id":4,"length":29.8282,"tipPosition":[-6.11498,208.024,46.3307],"tipVelocity":[-348.007,918.486,149.451],"tool":false}],"r":[[0.358387,0.892158,-0.274976],[-0.933549,0.340378,-0.112377],[-0.00666236,0.296978,0.954861]],"s":42.4622,"t":[1610.33,-1000.18,1529.05],"timestamp":23342689666},
{"hands":[{"direction":[-0.35834,0.621532,-0.623873],"id":3,"palmNormal":[-0.331509,-0.705872,-0.526514],"palmPosition":[58.3334,159.204,86.9922],"palmVelocity":[-73.1942,641.713,55.3316],"r":[[1,0,0],[0,1,0],[0,0,1]],"s":1,"sphereCenter":[52.8258,151.174,80.8489],"sphereRadius":56.5988,"t":[-9.46285,26.1027,2.81633]}],"id":2127,"pointables":[{"direction":[0.612787,0.0102631,-0.790182],"handId":1,"id":2,"length":75.5931,"tipPosition":[-42.967,66.7502,26.2],"tipVelocity":[-24.2992,29.7518,-548.207],"tool":false},{"direction":[-0.346522,-0.000465955,-0.938042],"handId":3,"id":4,"length":29.7607,"tipPosition":[-9.58971,216.667,48.2134],"tipVelocity":[-368.906,917.631,199.879],"tool":false}],"r":[[0.415004,0.865769,-0.27967],[-0.909241,0.383701,-0.161413],[-0.0324366,0.321275,0.94643]],"s":42.5137,"t":[1609.39,-996.184,1527.23],"timestamp":23342699085},
{"hands":[{"direction":[-0.359493,0.643433,-0.607219],"id":3,"palmNormal":[-0.345981,-0.691636,-0.549056],"palmPosition":[56.8345,167.774,86.9121],"palmVelocity":[-161.636,924.177,-8.63553],"r":[[1,0,0],[0,1,0],[0,0,1]],"s":1,"sphereCenter":[52.8429,160.742,82.758],"sphereRadius":58.7182,"t":[-12.7941,34.7178,4.82461]}],"id":2129,"pointables":[{"direction":[0.612086,0.0166539,-0.790616],"handId":1,"id":2,"length":78.7441,"tipPosition":[-45.3532,67.0539,21.6093],"tipVelocity":[-257.326,32.7496,-495.06],"tool":false},{"direction":[-0.332582,-0.0633679,-0.940943],"handId":3,"id":4,"length":29.6611,"tipPosition":[-13.1579,225.887,50.8474],"tipVelocity":[-384.794,994.272,284.058],"tool":false}],"r":[[0.462613,0.840463,-0.282153],[-0.884738,0.417266,-0.207671],[-0.0568064,0.345703,0.936623]],"s":42.5673,"t":[1607.43,-991.804,1525.83],"timestamp":23342708358},
{"hands":[{"direction":[-0.359131,0.665636,-0.588521],"id":3,"palmNormal":[-0.360077,-0.674216,-0.57182],"palmPosition":[55.1873,174.658,86.9894],"palmVelocity":[-172.809,722.162,8.11021],"r":[[1,0,0],[0,1,0],[0,0,1]],"s":1,"sphereCenter":[53.9365,172.354,86.2133],"sphereRadius":62.6448,"t":[-16.3872,43.7836,7.25601]}],"id":2131,"pointables":[{"direction":[0.60527,0.0143444,-0.795891],"handId":1,"id":2,"length":81.4906,"tipPosition":[-48.825,67.4939,16.6028],"tipVelocity":[-364.224,46.1701,-525.224],"tool":false},{"direction":[-0.335432,0.0217325,-0.941814],"handId":3,"id":4,"length":29.6325,"tipPosition":[-17.0127,235.403,53.702],"tipVelocity":[-404.401,998.364,299.467],"tool":false}],"r":[[0.502075,0.817144,-0.283189],[-0.861119,0.442084,-0.25107],[-0.0799671,0.369916,0.925617]],"s":42.6226,"t":[1604.62,-987.125,1524.59],"timestamp":23342717890},
{"hands":[{"direction":[-0.364302,0.686237,-0.56517],"id":3,"palmNormal":[-0.370904,-0.655797,-0.594792],"palmPosition":[53.5269,180.083,87.3409],"palmVelocity":[-180.206,588.771,38.1496],"r":[[1,0,0],[0,1,0],[0,0,1]],"s":1,"sphereCenter":[56.4162,185.78,90.1867],"sphereRadius":68.7707,"t":[-20.0629,52.8461,10.0579]}],"id":2133,"pointables":[{"direction":[0.593393,0.0065509,-0.804886],"handId":1,"id":2,"length":83.4303,"tipPosition":[-53.1664,68.3503,11.1901],"tipVelocity":[-471.174,92.9358,-587.445],"tool":false},{"direction":[-0.336905,0.0896533,-0.937261],"handId":3,"id":4,"length":32.1877,"tipPosition":[-20.7711,244.462,56.8743],"tipVelocity":[-407.903,983.197,344.291],"tool":false}],"r":[[0.534009,0.796539,-0.283478],[-0.839252,0.458774,-0.29186],[-0.102426,0.393765,0.913487]],"s":42.6775,"t":[1601.19,-982.307,1523.41],"timestamp":23342727104},
{"hands":[{"direction":[-0.366385,0.704977,-0.545469],"id":3,"palmNormal":[-0.384888,-0.639554,-0.611713],"palmPosition":[51.3023,186.879,87.1597],"palmVelocity":[-242.124,739.628,-19.7197],"r":[[1,0,0],[0,1,0],[0,0,1]],"s":1,"sphereCenter":[57.2109,196.356,92.6251],"sphereRadius":72.2093,"t":[-23.7082,63.069,13.5714]}],"id":2135,"pointables":[{"direction":[0.566084,-0.00811305,-0.824307],"handId":6,"id":2,"length":82.2674,"tipPosition":[-58.3097,69.8025,5.73741],"tipVelocity":[-559.788,158.058,-593.46],"tool":false},{"direction":[-0.321177,-0.0160158,-0.946884],"handId":3,"id":4,"length":33.2526,"tipPosition":[-24.386,255.846,61.0995],"tipVelocity":[-393.442,1238.94,459.868],"tool":false}],"r":[[0.559516,0.778835,-0.283475],[-0.819458,0.468571,-0.330046],[-0.124224,0.416962,0.900395]],"s":42.735,"t":[1597.29,-976.689,1522.52],"timestamp":23342736292},
{"hands":[{"direction":[-0.373511,0.713823,-0.536773],"id":3,"palmNormal":[-0.404386,-0.639309,-0.607612],"palmPosition":[51.2549,187.997,88.8659],"palmVelocity":[-4.94518,116.885,178.247],"r":[[1,0,0],[0,1,0],[0,0,1]],"s":1,"sphereCenter":[62.7806,209.108,102.24],"sphereRadius":82.3178,"t":[-27.3493,72.1249,16.8202]}],"id":2137,"pointables":[{"direction":[0.529088,-0.020805,-0.848312],"handId":6,"id":2,"length":80.6136,"tipPosition":[-64.1154,71.85,0.631736],"tipVelocity":[-606.531,213.906,-533.396],"tool":false},{"direction":[-0.340565,0.0400232,-0.939369],"handId":3,"id":4,"length":33.4921,"tipPosition":[-28.0229,263.735,64.0836],"tipVelocity":[-379.953,824.16,311.747],"tool":false}],"r":[[0.57897,0.764488,-0.283465],[-0.802331,0.47231,-0.364949],[-0.145115,0.438727,0.886826]],"s":42.7873,"t":[1592.97,-971.396,1521.54],"timestamp":23342745864},
{"hands":[{"direction":[-0.381993,0.719675,-0.530082],"id":3,"palmNormal":[-0.429482,-0.641707,-0.592959],"palmPosition":[50.1732,193.361,89.671],"palmVelocity":[-116.74,578.885,86.885],"r":[[1,0,0],[0,1,0],[0,0,1]],"s":1,"sphereCenter":[64.8905,216.686,109.14],"sphereRadius":86.9885,"t":[-29.7107,79.3348,18.8471]}],"id":2139,"pointables":[{"direction":[0.488801,-0.0358178,-0.87166],"handId":6,"id":2,"length":78.8594,"tipPosition":[-70.2455,74.4327,-3.96494],"tipVelocity":[-661.566,278.729,-496.08],"tool":false}],"r":[[0.594347,0.752858,-0.282766],[-0.78786,0.474549,-0.39253],[-0.161333,0.456079,0.875193]],"s":42.8242,"t":[1587.75,-967.458,1518.75],"timestamp":23342755130},
{"hands":[{"direction":[-0.390893,0.724012,-0.524022],"id":3,"palmNormal":[-0.45379,-0.644626,-0.57587],"palmPosition":[49.5839,196.249,90.9012],"palmVelocity":[-62.271,305.114,129.987],"r":[[1,0,0],[0,1,0],[0,0,1]],"s":1,"sphereCenter":[65.8266,222.504,113.624],"sphereRadius":89.7008,"t":[-31.1861,84.3836,20.4757]}],"id":2141,"pointables":[{"direction":[0.451509,-0.0390258,-0.891413],"handId":1,"id":2,"length":78.6181,"tipPosition":[-76.4475,77.5967,-7.9559],"tipVelocity":[-655.324,334.324,-421.699],"tool":false}],"r":[[0.60652,0.743466,-0.281765],[-0.7758,0.475861,-0.414356],[-0.173979,0.469908,0.8654]],"s":42.8502,"t":[1582.04,-963.907,1515.36],"timestamp":23342764594},
{"hands":[{"direction":[-0.401524,0.722859,-0.523277],"id":3,"palmNormal":[-0.480857,-0.652345,-0.544824],"palmPosition":[49.0593,198.44,91.861],"palmVelocity":[-57.1108,238.504,104.486],"r":[[1,0,0],[0,1,0],[0,0,1]],"s":1,"sphereCenter":[64.033,223.943,115.603],"sphereRadius":89.3507,"t":[-32.1861,88.0034,21.7699]}],"id":2143,"pointables":[{"direction":[0.40982,-0.0418226,-0.911207],"handId":1,"id":2,"length":78.3944,"tipPosition":[-82.4244,81.3832,-11.3918],"tipVelocity":[-650.652,412.193,-374.035],"tool":false}],"r":[[0.616169,0.735903,-0.280682],[-0.765848,0.476605,-0.431653],[-0.18388,0.480931,0.857259]],"s":42.8685,"t":[1576.19,-960.238,1511.95],"timestamp":23342773780},
{"hands":[{"direction":[-0.408044,0.727627,-0.516553],"id":3,"palmNormal":[-0.500714,-0.6519,-0.532875],"palmPosition":[48.0548,200.807,92.1806],"palmVelocity":[-105.793,249.33,33.6571],"r":[[1,0,0],[0,1,0],[0,0,1]],"s":1,"sphereCenter":[63.919,227.798,118.267],"sphereRadius":90.6462,"t":[-33.1884,90.997,22.5768]}],"id":2145,"pointables":[{"direction":[0.366111,-0.0435607,-0.929551],"handId":1,"id":2,"length":77.8936,"tipPosition":[-88.027,85.9712,-13.911],"tipVelocity":[-590.067,483.208,-265.318],"tool":false}],"r":[[0.623829,0.729822,-0.279636],[-0.757696,0.477005,-0.445379],[-0.19166,0.48972,0.850553]],"s":42.8813,"t":[1570.47,-956.11,1508.98],"timestamp":23342783275},
{"hands":[{"direction":[-0.408012,0.73166,-0.515789],"id":3,"palmNormal":[-0.518186,-0.65056,-0.522931],"palmPosition":[47.6661,201.481,92.3517],"palmVelocity":[-42.2597,73.2363,18.6033],"r":[[1,0,0],[0,1,0],[0,0,1]],"s":1,"sphereCenter":[64.1614,231.574,120.274],"sphereRadius":91.8585,"t":[-33.8838,92.8305,23.0658]}],"id":2147,"pointables":[{"direction":[0.321773,-0.0413332,-0.945914],"handId":1,"id":2,"length":77.1889,"tipPosition":[-93.0103,91.8472,-15.65],"tipVelocity":[-541.898,638.97,-189.108],"tool":false}],"r":[[0.629918,0.72494,-0.278685],[-0.751053,0.477201,-0.456287],[-0.197792,0.496731,0.845066]],"s":42.8903,"t":[1565.12,-951.107,1506.63],"timestamp":23342792471},
{"hands":[{"direction":[-0.410495,0.732223,-0.517307],"id":3,"palmNormal":[-0.529642,-0.653871,-0.512215],"palmPosition":[47.6066,202.2,92.0955],"palmVelocity":[-6.2549,75.4837,-26.8944],"r":[[1,0,0],[0,1,0],[0,0,1]],"s":1,"sphereCenter":[64.388,235.331,121.955],"sphereRadius":93.1651,"t":[-34.2613,94.1068,23.1822]}],"id":2149,"pointables":[{"direction":[0.278094,-0.0280611,-0.960144],"handId":1,"id":2,"length":76.2791,"tipPosition":[-97.1734,100.148,-16.3476],"tipVelocity":[-437.115,871.553,-73.2494],"tool":false}],"r":[[0.634763,0.721023,-0.27785],[-0.745663,0.477278,-0.464965],[-0.202639,0.502325,0.840599]],"s":42.8966,"t":[1560.36,-944.456,1505.11],"timestamp":23342801995},
{"hands":[{"direction":[-0.407816,0.735112,-0.518947],"id":3,"palmNormal":[-0.526229,-0.654242,-0.520143],"palmPosition":[47.5972,201.413,90.8522],"palmVelocity":[-1.0168,-85.7639,-135.57],"r":[[1,0,0],[0,1,0],[0,0,1]],"s":1,"sphereCenter":[65.1924,239.66,122.19],"sphereRadius":94.441,"t":[-34.4547,94.3516,22.6187]}],"id":2151,"pointables":[{"direction":[0.242319,-0.00460084,-0.970186],"handId":1,"id":2,"length":74.9986,"tipPosition":[-99.9462,112.896,-15.8994],"tipVelocity":[-302.34,1390.06,48.8795],"tool":false}],"r":[[0.638622,0.717884,-0.277136],[-0.741302,0.47729,-0.471875],[-0.206478,0.506791,0.836977]],"s":42.9011,"t":[1556.59,-934.756,1504.57],"timestamp":23342811166},
{"hands":[{"direction":[-0.410171,0.733365,-0.522625],"id":3,"palmNormal":[-0.500008,-0.660587,-0.537497],"palmPosition":[48.2353,198.206,90.0375],"palmVelocity":[67.8961,-341.231,-86.692],"r":[[1,0,0],[0,1,0],[0,0,1]],"s":1,"sphereCenter":[67.1473,245.849,123.966],"sphereRadius":98.1525,"t":[-34.2324,92.8706,21.9296]}],"id":2153,"pointables":[{"direction":[0.214671,0.0305009,-0.97621],"handId":1,"id":2,"length":74.1808,"tipPosition":[-100.304,133.226,-13.7189],"tipVelocity":[-38.0816,2163.19,232.016],"tool":false}],"r":[[0.641699,0.715368,-0.276534],[-0.737782,0.477266,-0.477383],[-0.209524,0.510358,0.834047]],"s":42.9041,"t":[1554.53,-919.741,1505.39],"timestamp":23342820564},
{"hands":[{"direction":[-0.417481,0.712482,-0.542753],"id":3,"palmNormal":[-0.462393,-0.687765,-0.531896],"palmPosition":[49.0499,195.396,88.656],"palmVelocity":[87.877,-303.164,-149.046],"r":[[1,0,0],[0,1,0],[0,0,1]],"s":1,"sphereCenter":[65.577,243.11,119.092],"sphereRadius":93.8709,"t":[-33.7139,90.7251,20.8943]}],"id":2155,"pointables":[{"direction":[0.210605,0.0562309,-0.975953],"handId":1,"id":2,"length":74.0137,"tipPosition":[-94.7321,155.783,-8.21627],"tipVelocity":[601.144,2433.59,593.658],"tool":false}],"r":[[0.644152,0.713353,-0.276034],[-0.734947,0.477227,-0.481775],[-0.211945,0.513207,0.831684]],"s":42.9063,"t":[1556.29,-900.956,1508.55],"timestamp":23342829833},
{"hands":[{"direction":[-0.421213,0.678848,-0.573176],"id":3,"palmNormal":[-0.420398,-0.722601,-0.510221],"palmPosition":[49.6128,193.127,86.789],"palmVelocity":[60.3731,-243.323,-200.214],"r":[[1,0,0],[0,1,0],[0,0,1]],"s":1,"sphereCenter":[64.4276,241.078,114.679],"sphereRadius":90.3349,"t":[-33.1732,88.5178,19.4432]}],"id":2157,"pointables":[{"direction":[0.208501,0.101477,-0.972744],"handId":1,"id":2,"length":73.7057,"tipPosition":[-85.0407,174.61,-0.708925],"tipVelocity":[1039.29,2018.97,805.077],"tool":false}],"r":[[0.646111,0.71174,-0.275621],[-0.732666,0.477182,-0.485281],[-0.213872,0.515483,0.82978]],"s":42.9078,"t":[1562.01,-882.149,1513.88],"timestamp":23342839158},
{"hands":[{"direction":[-0.430105,0.640906,-0.600998],"id":3,"palmNormal":[-0.383751,-0.756659,-0.480443],"palmPosition":[50.9102,190.313,86.1058],"palmVelocity":[139.542,-302.696,-73.4813],"r":[[1,0,0],[0,1,0],[0,0,1]],"s":1,"sphereCenter":[62.4447,232.971,108.785],"sphereRadius":84.8684,"t":[-32.2542,86.0071,18.3761]}],"id":2159,"pointables":[{"direction":[0.223611,0.134419,-0.965365],"handId":1,"id":2,"length":73.1872,"tipPosition":[-72.9924,184.825,8.80398],"tipVelocity":[1295.94,1098.83,1023.22],"tool":false}],"r":[[0.647675,0.710448,-0.275283],[-0.730833,0.477138,-0.48808],[-0.215407,0.517303,0.82825]],"s":42.9089,"t":[1570.9,-867.638,1521.31],"timestamp":23342848455},
{"hands":[{"direction":[-0.432157,0.600624,-0.631758],"id":3,"palmNormal":[-0.34778,-0.78844,-0.448358],"palmPosition":[49.5125,190.886,80.8792],"palmVelocity":[-148.277,60.7656,-554.488],"r":[[1,0,0],[0,1,0],[0,0,1]],"s":1,"sphereCenter":[60.6115,238.101,101.836],"sphereRadius":84.7228,"t":[-32.4935,85.0381,15.2292]}],"id":2161,"pointables":[{"direction":[0.239752,0.156871,-0.958077],"handId":1,"id":2,"length":70.9664,"tipPosition":[-61.3836,191.41,18.7558],"tipVelocity":[1231.57,698.519,1055.78],"tool":false}],"r":[[0.648924,0.709414,-0.275008],[-0.729362,0.477098,-0.490315],[-0.216631,0.518757,0.82702]],"s":42.9096,"t":[1581.14,-857.091,1530],"timestamp":23342857881},
{"hands":[{"direction":[-0.433512,0.557853,-0.661514],"id":3,"palmNormal":[-0.314801,-0.817892,-0.412265],"palmPosition":[48.8654,190.921,76.01],"palmVelocity":[-68.3552,3.71341,-514.333],"r":[[1,0,0],[0,1,0],[0,0,1]],"s":1,"sphereCenter":[59.0258,241.901,95.0676],"sphereRadius":84.3734,"t":[-32.9368,84.5712,11.2211]}],"id":2163,"pointables":[{"direction":[0.264737,0.168153,-0.949547],"handId":1,"id":2,"length":69.8449,"tipPosition":[-49.8247,195.896,28.5814],"tipVelocity":[1220.96,473.937,1037.88],"tool":false}],"r":[[0.649922,0.708587,-0.274785],[-0.728182,0.477062,-0.492101],[-0.217607,0.51992,0.826033]],"s":42.9102,"t":[1592.05,-849.573,1539.25],"timestamp":23342867348},
{"hands":[{"direction":[-0.429448,0.51412,-0.691776],"id":3,"palmNormal":[-0.288015,-0.844129,-0.373134],"palmPosition":[48.4293,190.786,70.9118],"palmVelocity":[-46.9913,-14.5994,-549.374],"r":[[1,0,0],[0,1,0],[0,0,1]],"s":1,"sphereCenter":[58.0354,244.128,87.2842],"sphereRadius":83.417,"t":[-33.3764,84.27,6.66803]}],"id":2165,"pointables":[{"direction":[0.272705,0.196637,-0.941789],"handId":1,"id":2,"length":68.3114,"tipPosition":[-38.4878,199.703,39.2514],"tipVelocity":[1221.65,410.245,1149.79],"tool":false}],"r":[[0.650719,0.707924,-0.274604],[-0.727236,0.477031,-0.493528],[-0.218386,0.52085,0.825241]],"s":42.9105,"t":[1603.17,-843.911,1549.22],"timestamp":23342876628},
{"hands":[{"direction":[-0.423241,0.474091,-0.719658],"id":3,"palmNormal":[-0.265285,-0.866329,-0.338285],"palmPosition":[48.5722,190.718,66.909],"palmVelocity":[15.3998,-7.29347,-431.248],"r":[[1,0,0],[0,1,0],[0,0,1]],"s":1,"sphereCenter":[57.3699,244.894,79.6789],"sphereRadius":82.0598,"t":[-33.5248,84.0856,2.39005]}],"id":2167,"pointables":[{"direction":[0.276644,0.253873,-0.926832],"handId":1,"id":2,"length":66.7921,"tipPosition":[-27.2848,202.679,50.1158],"tipVelocity":[1206.96,320.574,1170.48],"tool":false}],"r":[[0.651357,0.707395,-0.274458],[-0.726477,0.477004,-0.494669],[-0.219009,0.521594,0.824606]],"s":42.9108,"t":[1614.33,-839.592,1559.63],"timestamp":23342885910},
{"hands":[{"direction":[-0.377498,0.452471,-0.750218],"id":3,"palmNormal":[-0.230536,-0.880415,-0.333425],"palmPosition":[47.1682,189.959,59.9397],"palmVelocity":[-150.75,-81.4826,-748.256],"r":[[1,0,0],[0,1,0],[0,0,1]],"s":1,"sphereCenter":[56.0556,243.807,70.795],"sphereRadius":79.5162,"t":[-38.2257,69.1959,6.95606]}],"id":2169,"pointables":[{"direction":[0.171829,0.152152,-0.973306],"handId":3,"id":2,"length":64.2605,"tipPosition":[-36.5383,173.084,63.5258],"tipVelocity":[-993.505,-3177.47,1439.77],"tool":false}],"r":[[0.651867,0.70697,-0.27434],[-0.72587,0.476982,-0.495581],[-0.219506,0.522188,0.824098]],"s":42.911,"t":[1615.28,-852.23,1571.54],"timestamp":23342895224},
{"hands":[{"direction":[0.167551,0.571435,-0.722239],"id":1,"palmNormal":[0.40625,-0.659981,-0.532151],"palmPosition":[-66.2646,123.529,101.833],"palmVelocity":[192.038,70.0356,447.184],"r":[[1,0,0],[0,1,0],[0,0,1]],"s":1,"sphereCenter":[-75.8438,141.48,82.1833],"sphereRadius":56.2165,"t":[0,0,0]},{"direction":[-0.404193,0.427548,-0.753456],"id":3,"palmNormal":[-0.225676,-0.894673,-0.307397],"palmPosition":[60.7246,186.11,89.2764],"palmVelocity":[1429.26,-405.782,3092.95],"r":[[1,0,0],[0,1,0],[0,0,1]],"s":1,"sphereCenter":[60.6532,230.864,80.2525],"sphereRadius":75.3896,"t":[-39.2751,56.5144,16.4762]}],"id":2171,"pointables":[],"r":[[0.649469,0.697405,-0.303013],[-0.730644,0.462005,-0.502703],[-0.210594,0.547885,0.809613]],"s":42.917,"t":[1617.76,-862.594,1584.85],"timestamp":23342904709},
{"hands":[{"direction":[0.185403,0.611476,-0.675385],"id":1,"palmNormal":[0.375606,-0.624479,-0.585625],"palmPosition":[-61.8928,126.92,108.076],"palmVelocity":[474.371,367.925,677.433],"r":[[1,0,0],[0,1,0],[0,0,1]],"s":1,"sphereCenter":[-73.1323,144.458,90.0989],"sphereRadius":57.523,"t":[0.874361,0.678159,1.24864]},{"direction":[-0.430579,0.404154,-0.754469],"id":3,"palmNormal":[-0.218081,-0.907455,-0.285145],"palmPosition":[73.7034,183.712,107.086],"palmVelocity":[1408.28,-260.193,1932.44],"r":[[1,0,0],[0,1,0],[0,0,1]],"s":1,"sphereCenter":[66.0515,222.338,89.4697],"sphereRadius":71.5386,"t":[-37.519,45.8896,27.6542]}],"id":2173,"pointables":[],"r":[[0.641622,0.685907,-0.343298],[-0.740893,0.438398,-0.508808],[-0.198493,0.580809,0.789469]],"s":42.9312,"t":[1621.48,-870.786,1597.89],"timestamp":23342913925},
{"hands":[{"direction":[0.209649,0.645889,-0.627237],"id":1,"palmNormal":[0.347241,-0.588449,-0.634518],"palmPosition":[-58.1348,129.294,113.497],"palmVelocity":[404.566,255.545,583.528],"r":[[1,0,0],[0,1,0],[0,0,1]],"s":1,"sphereCenter":[-69.8792,145.954,95.1293],"sphereRadius":57.7904,"t":[2.32545,1.69544,3.33164]},{"direction":[-0.44998,0.394617,-0.75382],"id":3,"palmNormal":[-0.227681,-0.913142,-0.272157],"palmPosition":[83.3933,181.222,116.643],"palmVelocity":[1043.16,-268.098,1028.89],"r":[[1,0,0],[0,1,0],[0,0,1]],"s":1,"sphereCenter":[70.6901,213.948,97.116],"sphereRadius":67.6022,"t":[-34.176,36.8917,38.508]}],"id":2175,"pointables":[],"r":[[0.629195,0.676138,-0.383341],[-0.754264,0.412112,-0.511125],[-0.187612,0.610738,0.769286]],"s":42.9486,"t":[1625.8,-877.351,1609.83],"timestamp":23342923214},
{"hands":[{"direction":[-0.402526,0.347561,-0.786792],"id":3,"palmNormal":[-0.215442,-0.926291,-0.22987],"palmPosition":[68.1526,183.956,78.7021],"palmVelocity":[-1594.05,286.021,-3968.3],"r":[[1,0,0],[0,1,0],[0,0,1]],"s":1,"sphereCenter":[68.3998,218.739,85.7967],"sphereRadius":68.2633,"t":[-34.5498,30.2403,39.6029]}],"id":2177,"pointables":[],"r":[[0.618766,0.667078,-0.414892],[-0.76484,0.391019,-0.51198],[-0.179301,0.634122,0.752157]],"s":42.9609,"t":[1626.21,-882.056,1611.79],"timestamp":23342932775},
{"hands":[{"direction":[-0.363611,0.310645,-0.814655],"id":3,"palmNormal":[-0.208135,-0.936333,-0.199321],"palmPosition":[60.3235,186.173,65.2002],"palmVelocity":[-836.621,236.821,-1442.82],"r":[[1,0,0],[0,1,0],[0,0,1]],"s":1,"sphereCenter":[66.77,224.118,77.3163],"sphereRadius":69.556,"t":[-36.4147,25.3624,37.7785]}],"id":2179,"pointables":[],"r":[[0.610116,0.659045,-0.439793],[-0.773215,0.374126,-0.512024],[-0.172909,0.652449,0.737844]],"s":42.9694,"t":[1624.97,-885.376,1610.66],"timestamp":23342942133},
{"hands":[{"direction":[-0.331509,0.285308,-0.837785],"id":3,"palmNormal":[-0.203709,-0.943637,-0.182025],"palmPosition":[55.6182,188.741,55.894],"palmVelocity":[-509.944,278.364,-1008.58],"r":[[1,0,0],[0,1,0],[0,0,1]],"s":1,"sphereCenter":[65.4318,228.81,70.1119],"sphereRadius":70.2022,"t":[-38.8476,21.9738,34.4576]}],"id":2181,"pointables":[],"r":[[0.603005,0.652122,-0.45948],[-0.779855,0.360612,-0.51165],[-0.167964,0.666855,0.726012]],"s":42.9755,"t":[1623.04,-887.519,1607.89],"timestamp":23342951360},
{"hands":[{"direction":[-0.302217,0.270749,-0.856795],"id":3,"palmNormal":[-0.202004,-0.948048,-0.177126],"palmPosition":[53.4118,191.076,53.7658],"palmVelocity":[-232.182,245.674,-223.949],"r":[[1,0,0],[0,1,0],[0,0,1]],"s":1,"sphereCenter":[64.4045,233.255,64.5287],"sphereRadius":70.7748,"t":[-41.2352,19.7298,31.3753]}],"id":2183,"pointables":[],"r":[[0.597195,0.646271,-0.475071],[-0.785127,0.349807,-0.511088],[-0.164118,0.67821,0.716307]],"s":42.9797,"t":[1621.05,-888.767,1605.25],"timestamp":23342960863},
{"hands":[{"direction":[-0.282062,0.263418,-0.871419],"id":3,"palmNormal":[-0.20453,-0.95002,-0.177865],"palmPosition":[52.7041,193.146,55.6103],"palmVelocity":[-77.6078,227.009,202.279],"r":[[1,0,0],[0,1,0],[0,0,1]],"s":1,"sphereCenter":[63.7587,238.206,61.3799],"sphereRadius":71.9837,"t":[-43.2869,18.3487,29.2784]}],"id":2185,"pointables":[],"r":[[0.59247,0.64139,-0.48744],[-0.789317,0.34117,-0.510472],[-0.161112,0.687184,0.708393]],"s":42.9826,"t":[1619.32,-889.351,1603.51],"timestamp":23342969982},
{"hands":[{"direction":[-0.255276,0.283982,-0.876177],"id":3,"palmNormal":[-0.204736,-0.9408,-0.215088],"palmPosition":[50.8818,195.439,51.2713],"palmVelocity":[-191.839,241.46,-456.785],"r":[[1,0,0],[0,1,0],[0,0,1]],"s":1,"sphereCenter":[63.4821,243.539,60.4278],"sphereRadius":73.8602,"t":[-45.2926,17.7025,26.7331]}],"id":2187,"pointables":[],"r":[[0.588642,0.63736,-0.497265],[-0.792652,0.334266,-0.509871],[-0.158753,0.69429,0.701968]],"s":42.9847,"t":[1617.57,-889.359,1601.25],"timestamp":23342979481},
{"hands":[{"direction":[-0.234555,0.297079,-0.882065],"id":3,"palmNormal":[-0.206676,-0.935536,-0.239111],"palmPosition":[51.1806,196.708,55.2332],"palmVelocity":[32.4847,137.984,430.824],"r":[[1,0,0],[0,1,0],[0,0,1]],"s":1,"sphereCenter":[62.0516,243.59,56.5091],"sphereRadius":71.8771,"t":[-46.8375,17.4393,25.4892]}],"id":2189,"pointables":[],"r":[[0.58555,0.634055,-0.50508],[-0.795309,0.328748,-0.509322],[-0.156895,0.699928,0.696767]],"s":42.9861,"t":[1616.23,-889.112,1600.23],"timestamp":23342988677},
{"hands":[{"direction":[-0.21745,0.314683,-0.884278],"id":3,"palmNormal":[-0.214633,-0.926818,-0.265566],"palmPosition":[51.0778,198.501,56.9949],"palmVelocity":[-10.7758,187.987,184.704],"r":[[1,0,0],[0,1,0],[0,0,1]],"s":1,"sphereCenter":[62.8018,249.142,58.6097],"sphereRadius":74.7041,"t":[-48.094,17.5873,24.8464]}],"id":2191,"pointables":[],"r":[[0.583056,0.63136,-0.511302],[-0.797426,0.324336,-0.50884],[-0.155427,0.704408,0.692569]],"s":42.9871,"t":[1615.14,-888.556,1599.77],"timestamp":23342998215},
{"hands":[{"direction":[-0.207336,0.32897,-0.885971],"id":3,"palmNormal":[-0.22591,-0.919688,-0.283979],"palmPosition":[51.8863,199.442,62.4219],"palmVelocity":[88.5582,103.063,594.419],"r":[[1,0,0],[0,1,0],[0,0,1]],"s":1,"sphereCenter":[63.6923,252.777,60.6391],"sphereRadius":76.3417,"t":[-48.9374,17.894,25.4176]}],"id":2193,"pointables":[],"r":[[0.581049,0.629172,-0.516261],[-0.799115,0.320809,-0.508426],[-0.154266,0.707972,0.689186]],"s":42.9878,"t":[1614.42,-887.923,1600.49],"timestamp":23343007345},
{"hands":[{"direction":[-0.180427,0.356286,-0.880894],"id":3,"palmNormal":[-0.196229,-0.907032,-0.326819],"palmPosition":[43.7726,195.386,81.4205],"palmVelocity":[-853.27,-426.525,1997.96],"r":[[1,0,0],[0,1,0],[0,0,1]],"s":1,"sphereCenter":[56.6157,235.074,60.5219],"sphereRadius":78.5328,"t":[-51.2349,17.3281,29.6743]}],"id":2195,"pointables":[],"r":[[0.579435,0.6274,-0.520216],[-0.800463,0.31799,-0.508076],[-0.153344,0.71081,0.686465]],"s":42.9883,"t":[1612.23,-888.227,1604.86],"timestamp":23343016854},
{"hands":[{"direction":[-0.160855,0.386979,-0.871635],"id":3,"palmNormal":[-0.170233,-0.890693,-0.371045],"palmPosition":[38.2502,191.162,91.2707],"palmVelocity":[-593.617,-454.133,1058.82],"r":[[1,0,0],[0,1,0],[0,0,1]],"s":1,"sphereCenter":[51.1643,220.265,61.1649],"sphereRadius":79.9209,"t":[-54.1774,16.0305,35.0496]}],"id":2197,"pointables":[],"r":[[0.578139,0.62597,-0.523371],[-0.801539,0.315735,-0.507786],[-0.152612,0.713073,0.684278]],"s":42.9887,"t":[1609.37,-889.316,1610.33],"timestamp":23343026157},
