[
{"hands":[],"id":14053,"pointables":[{"direction":[-0.575658,0.516123,-0.634219],"handId":12,"id":2,"length":15.0031,"tipPosition":[15.1384,28.2648,19.2519],"tipVelocity":[-36.4803,-38.5338,-8.10007],"tool":false}],"r":[[-0.239712,-0.879982,-0.410084],[-0.741204,-0.106924,0.66271],[-0.62702,0.462816,-0.626615]],"s":10.5178,"t":[23.2504,-1384.54,-875.936],"timestamp":352434226},
{"hands":[],"id":14055,"pointables":[{"direction":[-0.577922,0.513612,-0.634199],"handId":12,"id":2,"length":14.3303,"tipPosition":[14.2396,28.1824,18.652],"tipVelocity":[-93.0239,-8.52778,-62.0964],"tool":false}],"r":[[-0.239712,-0.879982,-0.410084],[-0.741204,-0.106924,0.66271],[-0.62702,0.462816,-0.626615]],"s":10.5178,"t":[22.6602,-1384.74,-876.271],"timestamp":352443888},
{"hands":[],"id":14057,"pointables":[],"r":[[-0.239712,-0.879982,-0.410084],[-0.741204,-0.106924,0.66271],[-0.62702,0.462816,-0.626615]],"s":10.5178,"t":[22.188,-1384.9,-876.538],"timestamp":352453944},
{"hands":[],"id":14059,"pointables":[{"direction":[-0.557566,0.53116,-0.637957],"handId":12,"id":2,"length":13.7475,"tipPosition":[14.3236,27.3351,19.575],"tipVelocity":[4.29076,-43.2916,47.1644],"tool":false}],"r":[[-0.239712,-0.879982,-0.410084],[-0.741204,-0.106924,0.66271],[-0.62702,0.462816,-0.626615]],"s":10.5178,"t":[21.9939,-1385.4,-876.211],"timestamp":352463459},
{"hands":[],"id":14061,"pointables":[{"direction":[-0.531951,0.55768,-0.637198],"handId":12,"id":2,"length":13.4587,"tipPosition":[14.5982,27.0441,20.3376],"tipVelocity":[28.1552,-29.8326,78.1786],"tool":false}],"r":[[-0.239712,-0.879982,-0.410084],[-0.741204,-0.106924,0.66271],[-0.62702,0.462816,-0.626615]],"s":10.5178,"t":[22.0342,-1385.8,-875.665],"timestamp":352473213},
{"hands":[],"id":14063,"pointables":[{"direction":[-0.527518,0.554876,-0.643302],"handId":12,"id":2,"length":13.6164,"tipPosition":[15.2652,27.3505,21.0076],"tipVelocity":[65.477,30.0759,65.7789],"tool":false}],"r":[[-0.239712,-0.879982,-0.410084],[-0.741204,-0.106924,0.66271],[-0.62702,0.462816,-0.626615]],"s":10.5178,"t":[22.3878,-1385.84,-875.058],"timestamp":352483399},
{"hands":[],"id":14065,"pointables":[{"direction":[-0.531962,0.543194,-0.649582],"handId":12,"id":2,"length":15.0971,"tipPosition":[14.5269,31.6017,18.223],"tipVelocity":[-77.7048,447.452,-293.087],"tool":false}],"r":[[-0.239712,-0.879982,-0.410084],[-0.741204,-0.106924,0.66271],[-0.62702,0.462816,-0.626615]],"s":10.5178,"t":[22.1955,-1383.74,-876.146],"timestamp":352492900},
{"hands":[],"id":14068,"pointables":[{"direction":[-0.531835,0.535153,-0.656325],"handId":5,"id":2,"length":15.6015,"tipPosition":[13.6034,39.4926,12.7483],"tipVelocity":[-37.3707,319.328,-221.548],"tool":false}],"r":[[-0.239712,-0.879982,-0.410084],[-0.741204,-0.106924,0.66271],[-0.62702,0.462816,-0.626615]],"s":10.5178,"t":[21.6376,-1378.74,-879.428],"timestamp":352517611},
{"hands":[],"id":14070,"pointables":[{"direction":[-0.542995,0.506805,-0.669556],"handId":12,"id":2,"length":17.0254,"tipPosition":[15.401,48.4293,6.77747],"tipVelocity":[189.354,941.394,-628.973],"tool":false}],"r":[[-0.239712,-0.879982,-0.410084],[-0.741204,-0.106924,0.66271],[-0.62702,0.462816,-0.626615]],"s":10.5178,"t":[22.2574,-1371.78,-884.054],"timestamp":352527104},
{"hands":[],"id":14072,"pointables":[{"direction":[-0.556287,0.469285,-0.685796],"handId":12,"id":2,"length":18.4164,"tipPosition":[16.8551,56.4578,0.905583],"tipVelocity":[144.102,795.607,-581.894],"tool":false}],"r":[[-0.239712,-0.879982,-0.410084],[-0.741204,-0.106924,0.66271],[-0.62702,0.462816,-0.626615]],"s":10.5178,"t":[23.2944,-1364.28,-889.303],"timestamp":352537195},
{"hands":[],"id":14074,"pointables":[{"direction":[-0.571862,0.419153,-0.705184],"handId":12,"id":2,"length":19.9906,"tipPosition":[17.5333,63.7316,-5.44767],"tipVelocity":[70.9152,760.623,-664.358],"tool":false},{"direction":[0.436794,-0.540573,0.719022],"handId":11,"id":10,"length":76.9394,"tipPosition":[-18.0143,64.6683,73.9531],"tipVelocity":[527.749,-163.183,225.221],"tool":false}],"r":[[-0.243922,-0.871144,-0.426158],[-0.73132,-0.123372,0.670784],[-0.636925,0.475276,-0.606992]],"s":10.5355,"t":[25.2441,-1359.1,-892.978],"timestamp":352546758},
{"hands":[],"id":14077,"pointables":[{"direction":[-0.583933,0.366286,-0.72447],"handId":12,"id":2,"length":21.4652,"tipPosition":[16.6257,71.0146,-13.6684],"tipVelocity":[-37.0371,297.218,-335.484],"tool":false}],"r":[[-0.247448,-0.863834,-0.438817],[-0.723299,-0.136655,0.676878],[-0.644677,0.484888,-0.590995]],"s":10.548,"t":[25.7652,-1352.87,-898.925],"timestamp":352571262},
{"hands":[],"id":14079,"pointables":[{"direction":[-0.564968,0.553483,-0.611938],"handId":12,"id":2,"length":21.9179,"tipPosition":[22.8147,80.1695,-15.0666],"tipVelocity":[638.108,943.9,-144.158],"tool":false}],"r":[[-0.250369,-0.857836,-0.448813],[-0.716811,-0.147356,0.681519],[-0.650767,0.492345,-0.578013]],"s":10.5567,"t":[29.1202,-1345.18,-902.598],"timestamp":352580961},
{"hands":[],"id":14082,"pointables":[{"direction":[-0.0622623,0.831689,0.55174],"handId":12,"id":2,"length":23.6698,"tipPosition":[23.4065,86.4706,-23.7245],"tipVelocity":[24.1722,257.379,-353.646],"tool":false}],"r":[[-0.252769,-0.852943,-0.456723],[-0.711577,-0.155962,0.68508],[-0.655565,0.49816,-0.567512]],"s":10.5628,"t":[31.0937,-1338.18,-908.763],"timestamp":352605443},
{"hands":[],"id":14084,"pointables":[{"direction":[0.438746,0.360711,0.823037],"handId":12,"id":2,"length":25.3004,"tipPosition":[24.1286,91.8882,-33.3232],"tipVelocity":[73.9572,554.906,-983.169],"tool":false}],"r":[[-0.25473,-0.848969,-0.462994],[-0.707362,-0.162875,0.687831],[-0.659357,0.502716,-0.55904]],"s":10.5671,"t":[32.4414,-1331.98,-916.645],"timestamp":352615206},
{"hands":[],"id":14087,"pointables":[{"direction":[-0.597738,0.349944,-0.721283],"handId":12,"id":2,"length":26.722,"tipPosition":[18.8872,91.6387,-53.0596],"tipVelocity":[-211.857,-10.0857,-797.755],"tool":false}],"r":[[-0.256324,-0.845753,-0.467975],[-0.703972,-0.168422,0.689969],[-0.66236,0.506297,-0.552216]],"s":10.5701,"t":[30.4946,-1329,-930.455],"timestamp":352639946},
{"hands":[],"id":14089,"pointables":[{"direction":[-0.608988,-0.00867582,-0.793132],"handId":12,"id":2,"length":28.1348,"tipPosition":[15.3037,90.6955,-74.2516],"tipVelocity":[-362.746,-95.4766,-2145.15],"tool":false}],"r":[[-0.257616,-0.843155,-0.471936],[-0.70125,-0.17287,0.691639],[-0.664743,0.509122,-0.546728]],"s":10.5722,"t":[27.7294,-1327.98,-947.955],"timestamp":352649825},
{"hands":[],"id":14092,"pointables":[{"direction":[-0.504646,0.00663983,-0.863301],"handId":12,"id":2,"length":30.7454,"tipPosition":[9.86543,89.9974,-103.301],"tipVelocity":[-224.183,-28.7749,-1197.5],"tool":false}],"r":[[-0.25866,-0.841062,-0.475089],[-0.699064,-0.176435,0.69295],[-0.666636,0.511356,-0.54232]],"s":10.5736,"t":[23.6277,-1327.82,-971.23],"timestamp":352674083},
{"hands":[],"id":14094,"pointables":[{"direction":[-0.317974,-0.195028,-0.927823],"handId":11,"id":2,"length":30.4676,"tipPosition":[1.76024,100.537,-133.56],"tipVelocity":[-811.412,1055.14,-3029.25],"tool":false}],"r":[[-0.259502,-0.839378,-0.477602],[-0.697312,-0.179291,0.693982],[-0.668143,0.513127,-0.538782]],"s":10.5747,"t":[17.5242,-1322.47,-997.997],"timestamp":352684072},
{"hands":[],"id":14097,"pointables":[],"r":[[-0.26018,-0.838024,-0.479605],[-0.695907,-0.181578,0.694797],[-0.669343,0.514533,-0.535944]],"s":10.5754,"t":[12.6415,-1318.19,-1019.41],"timestamp":352708342},
{"hands":[],"id":14099,"pointables":[],"r":[[-0.260725,-0.836938,-0.481204],[-0.694781,-0.18341,0.695442],[-0.6703,0.515651,-0.533669]],"s":10.5759,"t":[8.73528,-1314.77,-1036.54],"timestamp":352718362},
{"hands":[],"id":14101,"pointables":[],"r":[[-0.261163,-0.836066,-0.482481],[-0.693879,-0.184876,0.695954],[-0.671063,0.516541,-0.531846]],"s":10.5762,"t":[5.61031,-1312.03,-1050.25],"timestamp":352727986},
{"hands":[],"id":14103,"pointables":[],"r":[[-0.261514,-0.835367,-0.4835],[-0.693157,-0.18605,0.696361],[-0.671672,0.51725,-0.530386]],"s":10.5765,"t":[3.11034,-1309.83,-1061.21],"timestamp":352737945},
{"hands":[],"id":14105,"pointables":[],"r":[[-0.261796,-0.834806,-0.484315],[-0.692579,-0.18699,0.696684],[-0.672158,0.517816,-0.529216]],"s":10.5767,"t":[1.11036,-1308.08,-1069.98],"timestamp":352747515},
{"hands":[],"id":14107,"pointables":[],"r":[[-0.262022,-0.834358,-0.484966],[-0.692116,-0.187741,0.696942],[-0.672547,0.518267,-0.52828]],"s":10.5768,"t":[-0.489623,-1306.68,-1077],"timestamp":352757385},
{"hands":[],"id":14109,"pointables":[],"r":[[-0.262203,-0.833998,-0.485486],[-0.691746,-0.188343,0.697147],[-0.672857,0.518627,-0.527531]],"s":10.5769,"t":[-1.76961,-1305.56,-1082.61],"timestamp":352767328},
{"hands":[],"id":14111,"pointables":[],"r":[[-0.262348,-0.83371,-0.485902],[-0.691449,-0.188824,0.697311],[-0.673106,0.518915,-0.526931]],"s":10.5769,"t":[-2.7936,-1304.66,-1087.1],"timestamp":352777000},
{"hands":[],"id":14113,"pointables":[],"r":[[-0.262464,-0.83348,-0.486235],[-0.691212,-0.189209,0.697442],[-0.673304,0.519145,-0.526451]],"s":10.577,"t":[-3.61279,-1303.94,-1090.69],"timestamp":352786796},
{"hands":[],"id":14115,"pointables":[],"r":[[-0.262557,-0.833295,-0.486501],[-0.691022,-0.189518,0.697547],[-0.673463,0.519329,-0.526066]],"s":10.577,"t":[-4.26814,-1303.37,-1093.57],"timestamp":352796524},
{"hands":[],"id":14117,"pointables":[],"r":[[-0.262632,-0.833147,-0.486713],[-0.69087,-0.189764,0.69763],[-0.673589,0.519476,-0.525759]],"s":10.577,"t":[-4.79243,-1302.91,-1095.87],"timestamp":352806507},
{"hands":[],"id":14119,"pointables":[],"r":[[-0.262691,-0.833029,-0.486884],[-0.690749,-0.189961,0.697697],[-0.673691,0.519593,-0.525513]],"s":10.577,"t":[-5.21185,-1302.54,-1097.71],"timestamp":352816199},
{"hands":[],"id":14121,"pointables":[],"r":[[-0.262739,-0.832935,-0.48702],[-0.690652,-0.190119,0.69775],[-0.673772,0.519687,-0.525316]],"s":10.577,"t":[-5.54739,-1302.25,-1099.18],"timestamp":352826089},
{"hands":[],"id":14123,"pointables":[],"r":[[-0.262777,-0.832859,-0.487128],[-0.690574,-0.190246,0.697793],[-0.673837,0.519762,-0.525158]],"s":10.577,"t":[-5.81583,-1302.01,-1100.36],"timestamp":352835770},
{"hands":[],"id":14125,"pointables":[],"r":[[-0.262807,-0.832798,-0.487215],[-0.690512,-0.190347,0.697827],[-0.673889,0.519822,-0.525032]],"s":10.577,"t":[-6.03057,-1301.82,-1101.3],"timestamp":352845540},
{"hands":[],"id":14127,"pointables":[],"r":[[-0.262832,-0.83275,-0.487285],[-0.690462,-0.190427,0.697854],[-0.67393,0.51987,-0.524932]],"s":10.5771,"t":[-6.20237,-1301.67,-1102.05],"timestamp":352855456},
{"hands":[],"id":14129,"pointables":[],"r":[[-0.262851,-0.832711,-0.487341],[-0.690422,-0.190492,0.697876],[-0.673963,0.519908,-0.524851]],"s":10.5771,"t":[-6.33981,-1301.55,-1102.65],"timestamp":352865181},
{"hands":[],"id":14131,"pointables":[],"r":[[-0.262867,-0.83268,-0.487385],[-0.69039,-0.190544,0.697893],[-0.67399,0.519939,-0.524786]],"s":10.5771,"t":[-6.44976,-1301.46,-1103.14],"timestamp":352874716},
{"hands":[],"id":14133,"pointables":[],"r":[[-0.26288,-0.832655,-0.487421],[-0.690364,-0.190585,0.697907],[-0.674011,0.519964,-0.524735]],"s":10.5771,"t":[-6.53772,-1301.38,-1103.52],"timestamp":352884682},
{"hands":[],"id":14135,"pointables":[],"r":[[-0.26289,-0.832636,-0.48745],[-0.690344,-0.190618,0.697918],[-0.674028,0.519983,-0.524693]],"s":10.5771,"t":[-6.60808,-1301.32,-1103.83],"timestamp":352894519},
{"hands":[],"id":14137,"pointables":[],"r":[[-0.262898,-0.83262,-0.487472],[-0.690328,-0.190645,0.697927],[-0.674042,0.519999,-0.52466]],"s":10.5771,"t":[-6.66438,-1301.27,-1104.08],"timestamp":352904315},
{"hands":[],"id":14139,"pointables":[],"r":[[-0.262904,-0.832607,-0.487491],[-0.690315,-0.190666,0.697934],[-0.674053,0.520012,-0.524634]],"s":10.5771,"t":[-6.70941,-1301.23,-1104.27],"timestamp":352913984},
{"hands":[],"id":14141,"pointables":[],"r":[[-0.262909,-0.832597,-0.487505],[-0.690304,-0.190683,0.69794],[-0.674061,0.520022,-0.524613]],"s":10.5771,"t":[-6.74544,-1301.2,-1104.43],"timestamp":352923906},
{"hands":[],"id":14143,"pointables":[],"r":[[-0.262913,-0.832589,-0.487517],[-0.690296,-0.190696,0.697944],[-0.674068,0.52003,-0.524596]],"s":10.5771,"t":[-6.77426,-1301.17,-1104.56],"timestamp":352933676},
{"hands":[],"id":14145,"pointables":[],"r":[[-0.262916,-0.832582,-0.487526],[-0.690289,-0.190707,0.697948],[-0.674074,0.520036,-0.524582]],"s":10.5771,"t":[-6.79732,-1301.15,-1104.66],"timestamp":352943469},
{"hands":[],"id":14147,"pointables":[],"r":[[-0.262919,-0.832577,-0.487534],[-0.690284,-0.190716,0.697951],[-0.674078,0.520041,-0.524572]],"s":10.5771,"t":[-6.81577,-1301.13,-1104.74],"timestamp":352953355},
{"hands":[],"id":14149,"pointables":[],"r":[[-0.262921,-0.832573,-0.48754],[-0.69028,-0.190723,0.697953],[-0.674082,0.520045,-0.524563]],"s":10.5771,"t":[-6.83053,-1301.12,-1104.81],"timestamp":352963037},
{"hands":[],"id":14151,"pointables":[],"r":[[-0.262923,-0.83257,-0.487544],[-0.690276,-0.190729,0.697955],[-0.674085,0.520049,-0.524556]],"s":10.5771,"t":[-6.84233,-1301.11,-1104.86],"timestamp":352972945},
{"hands":[],"id":14153,"pointables":[],"r":[[-0.262924,-0.832567,-0.487548],[-0.690273,-0.190733,0.697957],[-0.674087,0.520051,-0.52455]],"s":10.5771,"t":[-6.85178,-1301.1,-1104.9],"timestamp":352982707},
{"hands":[],"id":14155,"pointables":[],"r":[[-0.262925,-0.832565,-0.487551],[-0.690271,-0.190737,0.697958],[-0.674089,0.520053,-0.524546]],"s":10.5771,"t":[-6.85933,-1301.1,-1104.93],"timestamp":352992203},
{"hands":[],"id":14157,"pointables":[],"r":[[-0.262926,-0.832563,-0.487554],[-0.690269,-0.190739,0.697959],[-0.67409,0.520055,-0.524542]],"s":10.5771,"t":[-6.86538,-1301.09,-1104.96],"timestamp":353002310},
{"hands":[],"id":14159,"pointables":[],"r":[[-0.262927,-0.832562,-0.487556],[-0.690268,-0.190742,0.69796],[-0.674092,0.520056,-0.52454]],"s":10.5771,"t":[-6.87021,-1301.09,-1104.98],"timestamp":353011989},
{"hands":[],"id":14161,"pointables":[],"r":[[-0.262927,-0.832561,-0.487557],[-0.690267,-0.190743,0.69796],[-0.674093,0.520058,-0.524537]],"s":10.5771,"t":[-6.87408,-1301.08,-1105],"timestamp":353021842},
{"hands":[],"id":14163,"pointables":[],"r":[[-0.262928,-0.83256,-0.487559],[-0.690266,-0.190745,0.697961],[-0.674093,0.520058,-0.524536]],"s":10.5771,"t":[-6.87718,-1301.08,-1105.01],"timestamp":353031490},
{"hands":[],"id":14165,"pointables":[],"r":[[-0.262928,-0.832559,-0.48756],[-0.690265,-0.190746,0.697961],[-0.674094,0.520059,-0.524534]],"s":10.5771,"t":[-6.87965,-1301.08,-1105.02],"timestamp":353041446},
{"hands":[],"id":14167,"pointables":[],"r":[[-0.262928,-0.832558,-0.48756],[-0.690265,-0.190747,0.697961],[-0.674094,0.52006,-0.524533]],"s":10.5771,"t":[-6.88163,-1301.08,-1105.03],"timestamp":353051137},
{"hands":[],"id":14169,"pointables":[],"r":[[-0.262929,-0.832558,-0.487561],[-0.690264,-0.190748,0.697962],[-0.674095,0.52006,-0.524532]],"s":10.5771,"t":[-6.88322,-1301.08,-1105.04],"timestamp":353060934},
{"hands":[],"id":14171,"pointables":[],"r":[[-0.262929,-0.832558,-0.487561],[-0.690264,-0.190748,0.697962],[-0.674095,0.52006,-0.524531]],"s":10.5771,"t":[-6.88449,-1301.07,-1105.04],"timestamp":353070819},
{"hands":[],"id":14173,"pointables":[],"r":[[-0.262929,-0.832557,-0.487562],[-0.690264,-0.190749,0.697962],[-0.674095,0.520061,-0.524531]],"s":10.5771,"t":[-6.8855,-1301.07,-1105.05],"timestamp":353080355},
{"hands":[],"id":14175,"pointables":[],"r":[[-0.262929,-0.832557,-0.487562],[-0.690263,-0.190749,0.697962],[-0.674095,0.520061,-0.52453]],"s":10.5771,"t":[-6.88631,-1301.07,-1105.05],"timestamp":353090283},
{"hands":[],"id":14177,"pointables":[],"r":[[-0.262929,-0.832557,-0.487562],[-0.690263,-0.19075,0.697962],[-0.674096,0.520061,-0.52453]],"s":10.5771,"t":[-6.88696,-1301.07,-1105.05],"timestamp":353100094},
{"hands":[],"id":14179,"pointables":[],"r":[[-0.262929,-0.832557,-0.487563],[-0.690263,-0.19075,0.697962],[-0.674096,0.520061,-0.524529]],"s":10.5771,"t":[-6.88748,-1301.07,-1105.06],"timestamp":353109724},
{"hands":[],"id":14181,"pointables":[],"r":[[-0.262929,-0.832557,-0.487563],[-0.690263,-0.19075,0.697962],[-0.674096,0.520061,-0.524529]],"s":10.5771,"t":[-6.88789,-1301.07,-1105.06],"timestamp":353119829},
{"hands":[],"id":14183,"pointables":[],"r":[[-0.262929,-0.832557,-0.487563],[-0.690263,-0.19075,0.697962],[-0.674096,0.520062,-0.524529]],"s":10.5771,"t":[-6.88823,-1301.07,-1105.06],"timestamp":353129360},
{"hands":[],"id":14185,"pointables":[],"r":[[-0.262929,-0.832556,-0.487563],[-0.690263,-0.19075,0.697963],[-0.674096,0.520062,-0.524529]],"s":10.5771,"t":[-6.88849,-1301.07,-1105.06],"timestamp":353139419},
{"hands":[],"id":14187,"pointables":[],"r":[[-0.26293,-0.832556,-0.487563],[-0.690263,-0.19075,0.697963],[-0.674096,0.520062,-0.524529]],"s":10.5771,"t":[-6.8887,-1301.07,-1105.06],"timestamp":353149068},
{"hands":[],"id":14189,"pointables":[],"r":[[-0.26293,-0.832556,-0.487563],[-0.690263,-0.19075,0.697963],[-0.674096,0.520062,-0.524529]],"s":10.5771,"t":[-6.88888,-1301.07,-1105.06],"timestamp":353158753},
{"hands":[],"id":14191,"pointables":[],"r":[[-0.26293,-0.832556,-0.487563],[-0.690263,-0.19075,0.697963],[-0.674096,0.520062,-0.524529]],"s":10.5771,"t":[-6.88901,-1301.07,-1105.06],"timestamp":353168750},
{"hands":[],"id":14193,"pointables":[],"r":[[-0.26293,-0.832556,-0.487563],[-0.690263,-0.190751,0.697963],[-0.674096,0.520062,-0.524529]],"s":10.5771,"t":[-6.88912,-1301.07,-1105.06],"timestamp":353178456},
{"hands":[],"id":14195,"pointables":[],"r":[[-0.26293,-0.832556,-0.487563],[-0.690263,-0.190751,0.697963],[-0.674096,0.520062,-0.524528]],"s":10.5771,"t":[-6.88921,-1301.07,-1105.06],"timestamp":353188228},
{"hands":[],"id":14197,"pointables":[],"r":[[-0.26293,-0.832556,-0.487563],[-0.690263,-0.190751,0.697963],[-0.674096,0.520062,-0.524528]],"s":10.5771,"t":[-6.88928,-1301.07,-1105.06],"timestamp":353197849},
{"hands":[],"id":14199,"pointables":[],"r":[[-0.26293,-0.832556,-0.487563],[-0.690263,-0.190751,0.697963],[-0.674096,0.520062,-0.524528]],"s":10.5771,"t":[-6.88933,-1301.07,-1105.06],"timestamp":353207729},
{"hands":[],"id":14201,"pointables":[],"r":[[-0.26293,-0.832556,-0.487563],[-0.690263,-0.190751,0.697963],[-0.674096,0.520062,-0.524528]],"s":10.5771,"t":[-6.88938,-1301.07,-1105.06],"timestamp":353217705},
{"hands":[],"id":14203,"pointables":[],"r":[[-0.26293,-0.832556,-0.487563],[-0.690262,-0.190751,0.697963],[-0.674096,0.520062,-0.524528]],"s":10.5771,"t":[-6.88941,-1301.07,-1105.06],"timestamp":353227304},
{"hands":[],"id":14205,"pointables":[],"r":[[-0.26293,-0.832556,-0.487563],[-0.690262,-0.190751,0.697963],[-0.674096,0.520062,-0.524528]],"s":10.5771,"t":[-6.88944,-1301.07,-1105.06],"timestamp":353237321},
{"hands":[],"id":14207,"pointables":[{"direction":[0.449816,-0.0269036,0.892716],"handId":1,"id":2,"length":32.837,"tipPosition":[17.4437,183.42,-1.39638],"tipVelocity":[-290.641,645.542,958.479],"tool":false}],"r":[[-0.26293,-0.832556,-0.487564],[-0.690262,-0.190751,0.697963],[-0.674096,0.520062,-0.524528]],"s":10.5771,"t":[-8.27843,-1297.98,-1100.48],"timestamp":353246879},
{"hands":[],"id":14209,"pointables":[{"direction":[0.41579,0.0400239,0.908579],"handId":1,"id":2,"length":33.6911,"tipPosition":[13.604,188.895,7.06282],"tipVelocity":[-379.307,540.853,835.642],"tool":false}],"r":[[-0.26293,-0.832556,-0.487564],[-0.690262,-0.190751,0.697963],[-0.674096,0.520062,-0.524528]],"s":10.5771,"t":[-10.8928,-1293.7,-1093.96],"timestamp":353257002},
{"hands":[],"id":14211,"pointables":[{"direction":[0.377773,0.0938398,0.921131],"handId":1,"id":2,"length":34.5557,"tipPosition":[9.40997,193.447,15.6246],"tipVelocity":[-432.197,469.045,882.298],"tool":false}],"r":[[-0.26293,-0.832556,-0.487564],[-0.690262,-0.190751,0.697963],[-0.674096,0.520062,-0.524528]],"s":10.5771,"t":[-14.297,-1289.29,-1086.42],"timestamp":353266706},
{"hands":[],"id":14213,"pointables":[{"direction":[0.334099,0.124277,0.934309],"handId":1,"id":2,"length":34.8594,"tipPosition":[4.8211,196.503,24.1189],"tipVelocity":[-472.884,314.958,875.336],"tool":false}],"r":[[-0.26293,-0.832556,-0.487564],[-0.690262,-0.190751,0.697963],[-0.674096,0.520062,-0.524528]],"s":10.5771,"t":[-18.2935,-1285.55,-1078.41],"timestamp":353276410},
{"hands":[],"id":14215,"pointables":[{"direction":[0.286677,0.123849,0.949988],"handId":1,"id":2,"length":35.2623,"tipPosition":[-0.377936,197.988,32.0375],"tipVelocity":[-529.596,151.273,806.618],"tool":false}],"r":[[-0.26293,-0.832556,-0.487564],[-0.690262,-0.190751,0.697963],[-0.674096,0.520062,-0.524528]],"s":10.5771,"t":[-22.8913,-1282.94,-1070.44],"timestamp":353286227},
{"hands":[{"direction":[-0.288978,-0.497875,-0.751733],"id":1,"palmNormal":[0.186291,-0.815144,0.457037],"palmPosition":[-46.8937,118.843,-48.3561],"palmVelocity":[-84.0726,-70.0952,171.409],"r":[[1,0,0],[0,1,0],[0,0,1]],"s":1,"sphereCenter":[-40.5141,157.977,-84.1393],"sphereRadius":72.8036,"t":[0,0,0]}],"id":14218,"pointables":[{"direction":[0.220833,0.0913226,0.971027],"handId":1,"id":2,"length":35.2772,"tipPosition":[-10.5614,197.021,44.2972],"tipVelocity":[-419.955,-39.8928,505.576],"tool":false}],"r":[[-0.26293,-0.832556,-0.487564],[-0.690262,-0.190751,0.697963],[-0.674096,0.520062,-0.524528]],"s":10.5771,"t":[-30.2819,-1282.12,-1060.32],"timestamp":353310476},
{"hands":[{"direction":[-0.27815,-0.476822,-0.772863],"id":1,"palmNormal":[0.187764,-0.831308,0.434665],"palmPosition":[-48.0896,117.212,-43.5984],"palmVelocity":[-117.882,-160.816,468.967],"r":[[1,0,0],[0,1,0],[0,0,1]],"s":1,"sphereCenter":[-42.8339,157.404,-79.2162],"sphereRadius":72.3146,"t":[-4.26953,-1.17705,4.97132]}],"id":14220,"pointables":[{"direction":[0.201775,0.415029,0.887151],"handId":1,"id":2,"length":37.9411,"tipPosition":[-19.1005,194.667,54.2398],"tipVelocity":[-841.702,-232.045,980.053],"tool":false}],"r":[[-0.26293,-0.832556,-0.487564],[-0.690262,-0.190751,0.697963],[-0.674096,0.520062,-0.524528]],"s":10.5771,"t":[-38.2468,-1282.89,-1050.3],"timestamp":353320621},
{"hands":[{"direction":[-0.272545,-0.439062,-0.795541],"id":1,"palmNormal":[0.177826,-0.851239,0.396713],"palmPosition":[-49.4359,115.148,-41.3851],"palmVelocity":[-55.8118,-85.5528,91.7497],"r":[[1,0,0],[0,1,0],[0,0,1]],"s":1,"sphereCenter":[-44.6369,155.564,-74.6214],"sphereRadius":71.0295,"t":[-9.33636,-4.40122,8.45067]}],"id":14223,"pointables":[{"direction":[0.161038,0.622034,0.766251],"handId":1,"id":2,"length":40.7277,"tipPosition":[-24.9646,189.396,56.2272],"tipVelocity":[-243.092,-218.517,82.3857],"tool":false}],"r":[[-0.26293,-0.832556,-0.487564],[-0.690262,-0.190751,0.697963],[-0.674096,0.520062,-0.524528]],"s":10.5771,"t":[-45.1613,-1285.91,-1044.29],"timestamp":353344744},
{"hands":[{"direction":[-0.264936,-0.397958,-0.817129],"id":1,"palmNormal":[0.179435,-0.867968,0.353186],"palmPosition":[-50.7239,112.924,-38.6683],"palmVelocity":[-127.08,-219.473,268.061],"r":[[1,0,0],[0,1,0],[0,0,1]],"s":1,"sphereCenter":[-47.4718,157.269,-70.256],"sphereRadius":72.7309,"t":[-15.0885,-9.01017,14.9248]}],"id":14225,"pointables":[{"direction":[0.149274,0.27343,0.950239],"handId":1,"id":2,"length":40.3595,"tipPosition":[-31.402,183.402,65.6962],"tipVelocity":[-635.164,-591.388,934.283],"tool":false}],"r":[[-0.26293,-0.832556,-0.487564],[-0.690262,-0.190751,0.697963],[-0.674096,0.520062,-0.524528]],"s":10.5771,"t":[-51.8372,-1290.41,-1036.55],"timestamp":353354879},
{"hands":[{"direction":[-0.253655,-0.359005,-0.837194],"id":1,"palmNormal":[0.173748,-0.883583,0.314783],"palmPosition":[-51.3668,110.605,-35.5491],"palmVelocity":[-26.2666,-94.7342,127.429],"r":[[1,0,0],[0,1,0],[0,0,1]],"s":1,"sphereCenter":[-48.9643,156.303,-65.4528],"sphereRadius":72.3639,"t":[-19.9473,-14.7751,20.2322]}],"id":14228,"pointables":[{"direction":[0.10297,0.533573,0.839462],"handId":1,"id":2,"length":42.176,"tipPosition":[-35.3675,176.481,69.8367],"tipVelocity":[-162.003,-282.737,169.155],"tool":false}],"r":[[-0.26293,-0.832556,-0.487564],[-0.690262,-0.190751,0.697963],[-0.674096,0.520062,-0.524528]],"s":10.5771,"t":[-57.1579,-1296.13,-1030.61],"timestamp":353379357},
{"hands":[{"direction":[-0.238811,-0.322481,-0.855684],"id":1,"palmNormal":[0.176379,-0.895899,0.278752],"palmPosition":[-51.5135,108.401,-31.2254],"palmVelocity":[-15.0906,-226.766,444.958],"r":[[1,0,0],[0,1,0],[0,0,1]],"s":1,"sphereCenter":[-48.8499,149.879,-60.0174],"sphereRadius":70.3709,"t":[-24.2989,-21.6158,26.2529]}],"id":14230,"pointables":[{"direction":[0.0434587,0.338244,0.940054],"handId":1,"id":2,"length":41.9469,"tipPosition":[-39.212,168.565,76.5708],"tipVelocity":[-395.647,-814.704,693.02],"tool":false}],"r":[[-0.26293,-0.832556,-0.487564],[-0.690262,-0.190751,0.697963],[-0.674096,0.520062,-0.524528]],"s":10.5771,"t":[-61.7405,-1302.94,-1024.27],"timestamp":353389074},
{"hands":[{"direction":[-0.224323,-0.290368,-0.872073],"id":1,"palmNormal":[0.182157,-0.905794,0.247348],"palmPosition":[-51.3404,106.287,-28.5353],"palmVelocity":[7.10863,-86.8715,110.521],"r":[[1,0,0],[0,1,0],[0,0,1]],"s":1,"sphereCenter":[-50.1668,149.039,-55.4789],"sphereRadius":70.1379,"t":[-27.3414,-28.0222,31.0095]}],"id":14233,"pointables":[{"direction":[-0.00177481,0.195945,0.980613],"handId":1,"id":2,"length":41.9585,"tipPosition":[-40.9453,162.592,80.0634],"tipVelocity":[-71.2093,-245.355,143.484],"tool":false}],"r":[[-0.26293,-0.832556,-0.487564],[-0.690262,-0.190751,0.697963],[-0.674096,0.520062,-0.524528]],"s":10.5771,"t":[-64.8985,-1309.33,-1019.36],"timestamp":353413415},
{"hands":[{"direction":[-0.213019,-0.233428,-0.884453],"id":1,"palmNormal":[0.169615,-0.914804,0.192203],"palmPosition":[-48.2588,105.183,-34.7497],"palmVelocity":[309.897,-110.986,-624.939],"r":[[1,0,0],[0,1,0],[0,0,1]],"s":1,"sphereCenter":[-47.5876,145.618,-54.8144],"sphereRadius":69.4273,"t":[-28.4797,-35.7244,34.4967]}],"id":14235,"pointables":[{"direction":[-0.0378847,0.0866954,0.995514],"handId":1,"id":2,"length":41.4759,"tipPosition":[-40.1795,153.594,82.281],"tipVelocity":[77.0162,-904.875,223.01],"tool":false}],"r":[[-0.26293,-0.832556,-0.487564],[-0.690262,-0.190751,0.697963],[-0.674096,0.520062,-0.524528]],"s":10.5771,"t":[-66.0946,-1317.03,-1015.79],"timestamp":353423359},
{"hands":[{"direction":[-0.195349,-0.209755,-0.89803],"id":1,"palmNormal":[0.181203,-0.921036,0.17051],"palmPosition":[-40.2749,104.069,-43.687],"palmVelocity":[329.003,-45.8958,-368.292],"r":[[1,0,0],[0,1,0],[0,0,1]],"s":1,"sphereCenter":[-41.6835,140.087,-54.8858],"sphereRadius":70.3255,"t":[-28.0341,-43.5888,35.9098]}],"id":14238,"pointables":[{"direction":[-0.0613984,0.0461077,0.997048],"handId":1,"id":2,"length":40.8936,"tipPosition":[-38.15,145.568,81.6202],"tipVelocity":[83.6317,-330.753,-27.2309],"tool":false}],"r":[[-0.26293,-0.832556,-0.487564],[-0.690262,-0.190751,0.697963],[-0.674096,0.520062,-0.524528]],"s":10.5771,"t":[-65.6778,-1324.89,-1014.34],"timestamp":353447626},
{"hands":[{"direction":[-0.199878,-0.150531,-0.901922],"id":1,"palmNormal":[0.176988,-0.922823,0.109679],"palmPosition":[-41.3539,100.931,-44.4764],"palmVelocity":[-107.077,-311.429,-78.3356],"r":[[1,0,0],[0,1,0],[0,0,1]],"s":1,"sphereCenter":[-42.8265,140.542,-52.8177],"sphereRadius":70.0941,"t":[-28.3509,-49.0901,36.2217]}],"id":14240,"pointables":[{"direction":[-0.0666259,-0.0719626,0.99518],"handId":4,"id":2,"length":40.354,"tipPosition":[-34.7473,136.634,81.2316],"tipVelocity":[337.664,-886.573,-38.5534],"tool":false}],"r":[[-0.26293,-0.832556,-0.487564],[-0.690262,-0.190751,0.697963],[-0.674096,0.520062,-0.524528]],"s":10.5771,"t":[-63.7682,-1333.29,-1013.81],"timestamp":353457703},
{"hands":[{"direction":[-0.197808,-0.115354,-0.910406],"id":1,"palmNormal":[0.169313,-0.929763,0.0760275],"palmPosition":[-40.269,97.4685,-44.9829],"palmVelocity":[44.9415,-143.436,-20.9825],"r":[[1,0,0],[0,1,0],[0,0,1]],"s":1,"sphereCenter":[-42.5507,135.837,-50.9167],"sphereRadius":66.5831,"t":[-27.9668,-53.572,36.1244]}],"id":14243,"pointables":[{"direction":[-0.0562874,-0.165732,0.984563],"handId":4,"id":2,"length":41.4253,"tipPosition":[-29.4062,127.384,78.3967],"tipVelocity":[221.255,-383.169,-117.436],"tool":false}],"r":[[-0.26293,-0.832556,-0.487564],[-0.690262,-0.190751,0.697963],[-0.674096,0.520062,-0.524528]],"s":10.5771,"t":[-60.1428,-1342.11,-1014.96],"timestamp":353481843},
{"hands":[{"direction":[-0.197907,-0.0851047,-0.917571],"id":1,"palmNormal":[0.162356,-0.935904,0.0471597],"palmPosition":[-39.1915,94.5783,-46.475],"palmVelocity":[107.297,-287.785,-148.567],"r":[[1,0,0],[0,1,0],[0,0,1]],"s":1,"sphereCenter":[-42.1789,131.717,-49.5752],"sphereRadius":63.5085,"t":[-27.2359,-57.2581,35.3297]}],"id":14245,"pointables":[{"direction":[-0.0406644,-0.231858,0.971899],"handId":4,"id":2,"length":42.2911,"tipPosition":[-24.0051,119.776,75.557],"tipVelocity":[537.802,-757.597,-282.754],"tool":false}],"r":[[-0.26293,-0.832556,-0.487564],[-0.690262,-0.190751,0.697963],[-0.674096,0.520062,-0.524528]],"s":10.5771,"t":[-55.6295,-1350.33,-1016.95],"timestamp":353491886},
{"hands":[{"direction":[-0.1912,-0.0646583,-0.925734],"id":1,"palmNormal":[0.164864,-0.940773,0.0281203],"palmPosition":[-36.734,92.2188,-41.5239],"palmVelocity":[100.352,-96.3552,202.185],"r":[[1,0,0],[0,1,0],[0,0,1]],"s":1,"sphereCenter":[-42.3426,132.297,-45.3865],"sphereRadius":64.1449,"t":[-23.3281,-61.6341,30.8446]}],"id":14248,"pointables":[{"direction":[-0.0157867,-0.167628,0.985724],"handId":1,"id":2,"length":43.0362,"tipPosition":[-16.9203,114.71,67.3815],"tipVelocity":[289.315,-206.879,-333.857],"tool":false}],"r":[[-0.26293,-0.832556,-0.487564],[-0.690262,-0.190751,0.697963],[-0.674096,0.520062,-0.524528]],"s":10.5771,"t":[-49.8305,-1356.97,-1022.04],"timestamp":353516374},
{"hands":[{"direction":[-0.183242,-0.0577311,-0.933628],"id":1,"palmNormal":[0.162216,-0.946561,0.0234319],"palmPosition":[-33.5351,91.2019,-37.4625],"palmVelocity":[331.115,-105.256,420.392],"r":[[1,0,0],[0,1,0],[0,0,1]],"s":1,"sphereCenter":[-41.71,132.369,-43.127],"sphereRadius":64.1834,"t":[-16.8134,-67.1241,26.3396]}],"id":14250,"pointables":[{"direction":[0.0258872,-0.260288,0.965184],"handId":1,"id":2,"length":44.1386,"tipPosition":[-7.79856,108.106,62.8567],"tipVelocity":[944.183,-683.564,-468.364],"tool":false}],"r":[[-0.26293,-0.832556,-0.487564],[-0.690262,-0.190751,0.697963],[-0.674096,0.520062,-0.524528]],"s":10.5771,"t":[-42.3701,-1363.59,-1026.85],"timestamp":353526035},
{"hands":[{"direction":[-0.172465,-0.100317,-0.930233],"id":1,"palmNormal":[0.175953,-0.939043,0.0659742],"palmPosition":[-12.0954,97.3682,-45.9071],"palmVelocity":[871.108,250.542,-343.11],"r":[[1,0,0],[0,1,0],[0,0,1]],"s":1,"sphereCenter":[-34.5941,131.435,-45.1643],"sphereRadius":67.1933,"t":[-9.50976,-70.9996,18.9722]}],"id":14253,"pointables":[{"direction":[0.078852,-0.291772,0.953232],"handId":1,"id":2,"length":44.9011,"tipPosition":[0.293868,105.845,52.6269],"tipVelocity":[328.8,-91.863,-415.643],"tool":false}],"r":[[-0.26293,-0.832556,-0.487564],[-0.690262,-0.190751,0.697963],[-0.674096,0.520062,-0.524528]],"s":10.5771,"t":[-34.5937,-1368.03,-1034.36],"timestamp":353550647},
{"hands":[],"id":14255,"pointables":[{"direction":[0.11367,-0.397827,0.910392],"handId":4,"id":2,"length":44.9263,"tipPosition":[9.43916,101.727,46.5138],"tipVelocity":[954.225,-429.66,-637.846],"tool":false}],"r":[[-0.26293,-0.832556,-0.487564],[-0.690262,-0.190751,0.697963],[-0.674096,0.520062,-0.524528]],"s":10.5771,"t":[-26.1328,-1372.31,-1041.18],"timestamp":353560231},
{"hands":[{"direction":[-0.184687,-0.0790263,-0.93358],"id":1,"palmNormal":[0.151379,-0.94602,0.049185],"palmPosition":[-19.6698,98.288,-45.8678],"palmVelocity":[-220.788,26.8105,1.14441],"r":[[1,0,0],[0,1,0],[0,0,1]],"s":1,"sphereCenter":[-33.7401,129.28,-41.7959],"sphereRadius":65.7471,"t":[0,0,0]}],"id":14258,"pointables":[{"direction":[0.168629,-0.431327,0.886296],"handId":1,"id":2,"length":45.979,"tipPosition":[15.5429,101.853,38.7805],"tipVelocity":[246.896,5.11162,-312.81],"tool":false}],"r":[[-0.26293,-0.832556,-0.487564],[-0.690262,-0.190751,0.697963],[-0.674096,0.520062,-0.524528]],"s":10.5771,"t":[-18.8505,-1374.39,-1048.45],"timestamp":353584953},
{"hands":[],"id":14260,"pointables":[{"direction":[0.0367495,-0.681764,0.730649],"handId":4,"id":2,"length":48.0951,"tipPosition":[26.0273,110.19,36.6768],"tipVelocity":[1099.1,873.989,-220.539],"tool":false}],"r":[[-0.26293,-0.832556,-0.487564],[-0.690262,-0.190751,0.697963],[-0.674096,0.520062,-0.524528]],"s":10.5771,"t":[-9.96721,-1371.26,-1053.14],"timestamp":353594492},
{"hands":[],"id":14263,"pointables":[{"direction":[-0.0978437,-0.842319,0.530024],"handId":4,"id":2,"length":50.3969,"tipPosition":[34.3968,120.002,33.3216],"tipVelocity":[339.286,397.746,-136.012],"tool":false}],"r":[[-0.26293,-0.832556,-0.487564],[-0.690262,-0.190751,0.697963],[-0.674096,0.520062,-0.524528]],"s":10.5771,"t":[-1.34079,-1364.79,-1057.16],"timestamp":353619160},
{"hands":[{"direction":[-0.163931,-0.0866259,-0.940324],"id":1,"palmNormal":[0.131618,-0.95142,0.0606944],"palmPosition":[15.7762,107.56,-41.4915],"palmVelocity":[809.103,211.645,99.8952],"r":[[1,0,0],[0,1,0],[0,0,1]],"s":1,"sphereCenter":[-26.1375,117.182,-41.8771],"sphereRadius":72.1743,"t":[0,0,0]}],"id":14265,"pointables":[{"direction":[-0.0335958,-0.629034,0.776651],"handId":1,"id":2,"length":52.0108,"tipPosition":[60.9875,140.231,54.883],"tipVelocity":[2769.29,2106.74,2245.51],"tool":false}],"r":[[-0.26293,-0.832556,-0.487564],[-0.690262,-0.190751,0.697963],[-0.674096,0.520062,-0.524528]],"s":10.5771,"t":[16.2678,-1351.44,-1048.39],"timestamp":353628762},
{"hands":[{"direction":[-0.183175,-0.0934482,-0.939734],"id":1,"palmNormal":[0.125469,-0.956163,0.0685155],"palmPosition":[-11.3973,115.272,-45.5263],"palmVelocity":[-1107.27,314.269,-164.41],"r":[[1,0,0],[0,1,0],[0,0,1]],"s":1,"sphereCenter":[-25.7567,115.578,-40.0301],"sphereRadius":70.8731,"t":[-5.4347,1.54249,-0.806958]}],"id":14268,"pointables":[],"r":[[-0.26293,-0.832556,-0.487564],[-0.690262,-0.190751,0.697963],[-0.674096,0.520062,-0.524528]],"s":10.5771,"t":[24.9199,-1339.22,-1042.18],"timestamp":353653303},
{"hands":[{"direction":[-0.202454,-0.104854,-0.937448],"id":1,"palmNormal":[0.123208,-0.959403,0.0802537],"palmPosition":[-22.3879,122.359,-47.3311],"palmVelocity":[-1122.3,723.689,-184.3],"r":[[1,0,0],[0,1,0],[0,0,1]],"s":1,"sphereCenter":[-25.3433,113.891,-37.8544],"sphereRadius":70.3193,"t":[-11.9806,4.19391,-1.81349]}],"id":14270,"pointables":[],"r":[[-0.26293,-0.832556,-0.487564],[-0.690262,-0.190751,0.697963],[-0.674096,0.520062,-0.524528]],"s":10.5771,"t":[29.6435,-1328.02,-1037.58],"timestamp":353663096},
{"hands":[{"direction":[-0.227277,-0.114909,-0.932256],"id":1,"palmNormal":[0.124688,-0.962206,0.0887295],"palmPosition":[-34.0001,129.579,-54.5638],"palmVelocity":[-472.789,293.922,-294.477],"r":[[1,0,0],[0,1,0],[0,0,1]],"s":1,"sphereCenter":[-28.4054,123.432,-42.383],"sphereRadius":70.7441,"t":[-19.5397,7.75884,-4.06525]}],"id":14273,"pointables":[],"r":[[-0.26293,-0.832556,-0.487564],[-0.690262,-0.190751,0.697963],[-0.674096,0.520062,-0.524528]],"s":10.5771,"t":[31.1,-1317.62,-1035.34],"timestamp":353687657},
{"hands":[{"direction":[-0.251022,-0.123579,-0.926894],"id":1,"palmNormal":[0.131231,-0.9643,0.0933161],"palmPosition":[-43.05,134.357,-62.4716],"palmVelocity":[-936.162,494.26,-818.023],"r":[[1,0,0],[0,1,0],[0,0,1]],"s":1,"sphereCenter":[-31.5444,128.187,-48.1018],"sphereRadius":69.1217,"t":[-27.8443,11.9303,-9.14504]}],"id":14275,"pointables":[{"direction":[0.0996493,-0.502361,0.858897],"handId":3,"id":2,"length":52.5197,"tipPosition":[87.6362,110.435,78.1186],"tipVelocity":[-170.022,-999.181,-101.789],"tool":false}],"r":[[-0.26293,-0.832556,-0.487564],[-0.690262,-0.190751,0.697963],[-0.674096,0.520062,-0.524528]],"s":10.5771,"t":[31.0064,-1317.25,-1034.71],"timestamp":353697324},
{"hands":[{"direction":[-0.268235,-0.138464,-0.922118],"id":1,"palmNormal":[0.138364,-0.964517,0.106092],"palmPosition":[-43.3545,139.181,-63.0376],"palmVelocity":[-30.8584,488.948,-57.353],"r":[[1,0,0],[0,1,0],[0,0,1]],"s":1,"sphereCenter":[-34.5329,137.077,-51.4632],"sphereRadius":69.9368,"t":[-32.5443,18.966,-10.1255]}],"id":14277,"pointables":[{"direction":[0.394279,-0.216914,0.893024],"handId":1,"id":5,"length":86.4947,"tipPosition":[27.6595,166.839,25.6582],"tipVelocity":[-111.031,1003.23,316.058],"tool":false},{"direction":[0.0982231,-0.548557,0.830324],"handId":3,"id":2,"length":51.2771,"tipPosition":[85.2884,104.42,75.914],"tipVelocity":[-237.923,-609.579,-223.414],"tool":false}],"r":[[-0.280398,-0.83381,-0.475539],[-0.668987,-0.185518,0.71975],[-0.688356,0.519946,-0.505789]],"s":10.5935,"t":[30.0987,-1316.09,-1034.17],"timestamp":353707192},
{"hands":[{"direction":[-0.286339,-0.150726,-0.916809],"id":1,"palmNormal":[0.149399,-0.964399,0.113469],"palmPosition":[-46.8347,142.157,-65.346],"palmVelocity":[-358.307,306.328,-237.661],"r":[[1,0,0],[0,1,0],[0,0,1]],"s":1,"sphereCenter":[-37.1256,140.728,-55.3389],"sphereRadius":68.306,"t":[-35.7768,27.1794,-9.30925]}],"id":14279,"pointables":[{"direction":[0.41922,-0.165555,0.892662],"handId":1,"id":5,"length":82.2963,"tipPosition":[25.8948,176.23,28.2712],"tipVelocity":[-181.693,966.871,269.017],"tool":false},{"direction":[0.0884181,-0.598486,0.796239],"handId":3,"id":2,"length":52.097,"tipPosition":[82.5374,100.257,72.9885],"tipVelocity":[-283.23,-428.538,-301.193],"tool":false}],"r":[[-0.307462,-0.834957,-0.456414],[-0.633675,-0.178164,0.752804],[-0.709875,0.520676,-0.474313]],"s":10.6226,"t":[28.5159,-1314.21,-1033.98],"timestamp":353716905},
{"hands":[{"direction":[-0.301269,-0.165866,-0.911343],"id":1,"palmNormal":[0.1608,-0.96302,0.12466],"palmPosition":[-49.7724,144.699,-66.9156],"palmVelocity":[-292.835,253.443,-156.466],"r":[[1,0,0],[0,1,0],[0,0,1]],"s":1,"sphereCenter":[-39.7113,143.611,-59.053],"sphereRadius":66.7121,"t":[-38.4791,35.6828,-7.28215]}],"id":14281,"pointables":[{"direction":[0.430503,-0.0989624,0.897147],"handId":1,"id":5,"length":78.6559,"tipPosition":[23.7226,185.023,31.5092],"tipVelocity":[-216.524,876.534,322.761],"tool":false},{"direction":[0.0692396,-0.648947,0.757676],"handId":3,"id":2,"length":52.8544,"tipPosition":[79.3216,97.028,69.7539],"tipVelocity":[-320.551,-321.915,-322.425],"tool":false}],"r":[[-0.33956,-0.835127,-0.432739],[-0.587877,-0.170707,0.790734],[-0.734234,0.522898,-0.432987]],"s":10.6596,"t":[26.3776,-1311.88,-1033.88],"timestamp":353726937},
{"hands":[{"direction":[-0.313981,-0.17899,-0.90678],"id":1,"palmNormal":[0.174512,-0.961259,0.132267],"palmPosition":[-51.7654,146.822,-67.3896],"palmVelocity":[-204.137,217.374,-48.5483],"r":[[1,0,0],[0,1,0],[0,0,1]],"s":1,"sphereCenter":[-42.1523,146.037,-62.2269],"sphereRadius":65.2107,"t":[-41.3075,43.9089,-4.96448]}],"id":14283,"pointables":[{"direction":[0.430669,-0.0599513,0.900517],"handId":1,"id":5,"length":74.8819,"tipPosition":[20.7681,192.972,34.1174],"tipVelocity":[-302.625,814.18,267.157],"tool":false},{"direction":[0.0439408,-0.687619,0.724741],"handId":3,"id":2,"length":53.2171,"tipPosition":[75.4441,94.377,66.05],"tipVelocity":[-397.169,-271.534,-379.39],"tool":false}],"r":[[-0.372907,-0.834241,-0.406181],[-0.535418,-0.164053,0.828501],[-0.757805,0.52643,-0.385491]],"s":10.7017,"t":[23.6003,-1309.38,-1034.11],"timestamp":353736700},
{"hands":[{"direction":[-0.313744,-0.203738,-0.902557],"id":1,"palmNormal":[0.188257,-0.954663,0.156757],"palmPosition":[-50.4379,151.633,-61.307],"palmVelocity":[54.6938,198.253,250.61],"r":[[1,0,0],[0,1,0],[0,0,1]],"s":1,"sphereCenter":[-45.2698,154.305,-62.5517],"sphereRadius":66.7192,"t":[-46.1623,53.3743,-1.09894]}],"id":14286,"pointables":[{"direction":[0.416211,0.00535026,0.909252],"handId":1,"id":5,"length":70.5705,"tipPosition":[13.8868,203.677,39.5308],"tipVelocity":[-283.517,441.048,223.04],"tool":false},{"direction":[-0.0132482,-0.733764,0.679275],"handId":3,"id":2,"length":53.2896,"tipPosition":[66.3221,91.3032,57.6337],"tipVelocity":[-375.837,-126.643,-346.763],"tool":false}],"r":[[-0.410817,-0.83077,-0.375567],[-0.468723,-0.160872,0.868573],[-0.782002,0.532862,-0.323312]],"s":10.7508,"t":[18.2109,-1306.23,-1034.97],"timestamp":353760971},
