[
{"hands":[],"id":669854,"pointables":[],"r":[[0.73307,0.0772399,0.675753],[0.240807,0.899703,-0.364069],[-0.636098,0.429614,0.640945]],"s":67.3056,"t":[-1468.35,-1658.22,11652.5],"timestamp":22204478996},
{"hands":[],"id":669855,"pointables":[],"r":[[0.73307,0.0772399,0.675753],[0.240807,0.899703,-0.364069],[-0.636098,0.429614,0.640945]],"s":67.3056,"t":[-1468.35,-1658.22,11652.5],"timestamp":22204487944},
{"hands":[],"id":669856,"pointables":[],"r":[[0.73307,0.0772399,0.675753],[0.240807,0.899703,-0.364069],[-0.636098,0.429614,0.640945]],"s":67.3056,"t":[-1468.35,-1658.22,11652.5],"timestamp":22204496467},
{"hands":[],"id":669857,"pointables":[],"r":[[0.73307,0.0772399,0.675753],[0.240807,0.899703,-0.364069],[-0.636098,0.429614,0.640945]],"s":67.3056,"t":[-1468.35,-1658.22,11652.5],"timestamp":22204505136},
{"hands":[],"id":669858,"pointables":[],"r":[[0.73307,0.0772399,0.675753],[0.240807,0.899703,-0.364069],[-0.636098,0.429614,0.640945]],"s":67.3056,"t":[-1468.35,-1658.22,11652.5],"timestamp":22204513894},
{"hands":[],"id":669859,"pointables":[],"r":[[0.73307,0.0772399,0.675753],[0.240807,0.899703,-0.364069],[-0.636098,0.429614,0.640945]],"s":67.3056,"t":[-1468.35,-1658.22,11652.5],"timestamp":22204522346},
{"hands":[],"id":669860,"pointables":[],"r":[[0.73307,0.0772399,0.675753],[0.240807,0.899703,-0.364069],[-0.636098,0.429614,0.640945]],"s":67.3056,"t":[-1468.35,-1658.22,11652.5],"timestamp":22204531327},
{"hands":[],"id":669861,"pointables":[],"r":[[0.73307,0.0772399,0.675753],[0.240807,0.899703,-0.364069],[-0.636098,0.429614,0.640945]],"s":67.3056,"t":[-1468.35,-1658.22,11652.5],"timestamp":22204539925},
{"hands":[],"id":669862,"pointables":[],"r":[[0.73307,0.0772399,0.675753],[0.240807,0.899703,-0.364069],[-0.636098,0.429614,0.640945]],"s":67.3056,"t":[-1468.35,-1658.22,11652.5],"timestamp":22204548694},
{"hands":[],"id":669863,"pointables":[],"r":[[0.73307,0.0772399,0.675753],[0.240807,0.899703,-0.364069],[-0.636098,0.429614,0.640945]],"s":67.3056,"t":[-1468.35,-1658.22,11652.5],"timestamp":22204557091},
{"hands":[],"id":669864,"pointables":[],"r":[[0.73307,0.0772399,0.675753],[0.240807,0.899703,-0.364069],[-0.636098,0.429614,0.640945]],"s":67.3056,"t":[-1468.35,-1658.22,11652.5],"timestamp":22204565725},
{"hands":[],"id":669865,"pointables":[{"direction":[-0.292154,-0.193948,-0.936499],"handId":3,"id":2,"length":25.2665,"tipPosition":[88.21,78.9395,-81.3646],"tipVelocity":[172.998,202.538,53.8462],"tool":false}],"r":[[0.73307,0.0772399,0.675753],[0.240807,0.899703,-0.364069],[-0.636098,0.429614,0.640945]],"s":67.3056,"t":[-1467.57,-1657.32,11652.8],"timestamp":22204574692},
{"hands":[],"id":669866,"pointables":[{"direction":[0.00347231,-0.209617,-0.977777],"handId":1,"id":4,"length":32.6919,"tipPosition":[66.1141,83.2346,-91.7363],"tipVelocity":[-252.174,340.968,209.067],"tool":false},{"direction":[-0.23562,-0.205553,-0.949859],"handId":3,"id":2,"length":27.8545,"tipPosition":[87.4814,79.7971,-84.7332],"tipVelocity":[-84.7191,99.7247,-391.686],"tool":false}],"r":[[0.707038,0.113352,0.698032],[0.235626,0.892907,-0.383663],[-0.666766,0.435739,0.604611]],"s":67.2983,"t":[-1467.91,-1655.92,11652.5],"timestamp":22204583292},
{"hands":[],"id":669867,"pointables":[{"direction":[-0.00719304,-0.200682,-0.97963],"handId":1,"id":4,"length":31.4161,"tipPosition":[64.4375,86.016,-90.1245],"tipVelocity":[-197.334,327.383,189.716],"tool":false},{"direction":[-0.193283,-0.219367,-0.956305],"handId":3,"id":2,"length":30.394,"tipPosition":[86.7976,81.0201,-87.3099],"tipVelocity":[-80.4818,143.956,-303.286],"tool":false}],"r":[[0.662405,0.169035,0.729826],[0.230384,0.881036,-0.413158],[-0.712841,0.441818,0.54466]],"s":67.2971,"t":[-1468.67,-1654.21,11652.1],"timestamp":22204591788},
{"hands":[],"id":669868,"pointables":[{"direction":[-0.069158,-0.225244,-0.971845],"handId":1,"id":4,"length":35.7313,"tipPosition":[63.0644,88.9166,-88.6311],"tipVelocity":[-155.809,329.124,169.455],"tool":false},{"direction":[-0.15512,-0.193141,-0.968831],"handId":-1,"id":2,"length":27.9042,"tipPosition":[84.0912,80.1822,-84.7786],"tipVelocity":[-307.089,-95.0822,287.217],"tool":false}],"r":[[0.639293,0.237659,0.731316],[0.207639,0.862361,-0.461756],[-0.740399,0.447047,0.501955]],"s":67.2964,"t":[-1470.07,-1652.85,11653],"timestamp":22204600601},
{"hands":[],"id":669869,"pointables":[{"direction":[-0.126886,-0.240378,-0.96235],"handId":1,"id":4,"length":39.0614,"tipPosition":[61.8432,92.0123,-87.094],"tipVelocity":[-139.995,354.893,176.216],"tool":false},{"direction":[-0.442026,0.196266,-0.875267],"handId":9,"id":5,"length":33.2631,"tipPosition":[39.5607,108.465,-24.3774],"tipVelocity":[-19.8718,651.23,189.512],"tool":false}],"r":[[0.617188,0.295947,0.729036],[0.183588,0.846824,-0.499184],[-0.765098,0.441933,0.468317]],"s":67.2973,"t":[-1471.11,-1649.97,11654.2],"timestamp":22204609324},
{"hands":[],"id":669870,"pointables":[{"direction":[-0.170394,-0.251153,-0.952832],"handId":1,"id":4,"length":41.6794,"tipPosition":[60.6409,95.3208,-85.6825],"tipVelocity":[-143.648,395.273,168.631],"tool":false},{"direction":[-0.433917,0.214859,-0.874958],"handId":9,"id":5,"length":34.0212,"tipPosition":[39.0977,114.271,-22.6383],"tipVelocity":[-55.3181,693.664,207.778],"tool":false},{"direction":[0.263071,0.164281,-0.950687],"handId":6,"id":8,"length":32.533,"tipPosition":[-100.641,89.8129,34.6864],"tipVelocity":[-2.49849,413.724,229.729],"tool":false}],"r":[[0.597214,0.3417,0.725656],[0.165543,0.832726,-0.528359],[-0.784813,0.435671,0.440749]],"s":67.298,"t":[-1471.87,-1646.8,11655.6],"timestamp":22204617694},
{"hands":[],"id":669871,"pointables":[{"direction":[-0.201921,-0.256367,-0.945253],"handId":1,"id":4,"length":43.802,"tipPosition":[59.4772,99.054,-84.0815],"tipVelocity":[-130.638,419.093,179.727],"tool":false},{"direction":[-0.428795,0.233327,-0.87275],"handId":9,"id":5,"length":34.8638,"tipPosition":[38.4264,119.88,-20.7008],"tipVelocity":[-75.357,629.692,217.504],"tool":false},{"direction":[0.255853,0.136129,-0.957083],"handId":6,"id":8,"length":32.8917,"tipPosition":[-100.38,93.695,35.2523],"tipVelocity":[29.2747,435.797,63.5318],"tool":false}],"r":[[0.580496,0.377199,0.721627],[0.152017,0.820448,-0.55114],[-0.799947,0.429635,0.418926]],"s":67.297,"t":[-1472.58,-1643.27,11657.2],"timestamp":22204626602},
{"hands":[],"id":669872,"pointables":[{"direction":[-0.215838,-0.254973,-0.942551],"handId":14,"id":4,"length":45.5452,"tipPosition":[58.2691,103.249,-82.267],"tipVelocity":[-138.668,481.523,208.284],"tool":false},{"direction":[-0.423786,0.250513,-0.87043],"handId":9,"id":5,"length":35.8335,"tipPosition":[37.4269,125.339,-18.9092],"tipVelocity":[-114.724,626.679,205.651],"tool":false},{"direction":[0.243337,0.127999,-0.961459],"handId":6,"id":8,"length":33.2034,"tipPosition":[-100.026,97.7919,35.6406],"tipVelocity":[40.6086,470.263,44.5644],"tool":false}],"r":[[0.56687,0.404528,0.717646],[0.142045,0.810089,-0.56884],[-0.811469,0.424396,0.401754]],"s":67.2939,"t":[-1473.44,-1639.41,11658.8],"timestamp":22204635314},
{"hands":[],"id":669873,"pointables":[{"direction":[-0.225991,-0.252701,-0.940782],"handId":14,"id":4,"length":47.0363,"tipPosition":[57.0006,107.969,-80.0858],"tipVelocity":[-144.854,539.001,249.081],"tool":false},{"direction":[0.0639601,-0.110783,-0.991784],"handId":7,"id":11,"length":38.287,"tipPosition":[-130.629,113.783,-31.9763],"tipVelocity":[71.8859,475.247,-140.541],"tool":false},{"direction":[-0.418436,0.263125,-0.869297],"handId":9,"id":5,"length":36.6982,"tipPosition":[36.5473,130.166,-16.6255],"tipVelocity":[-100.451,551.187,260.779],"tool":false},{"direction":[0.235396,0.125223,-0.963799],"handId":6,"id":8,"length":33.7542,"tipPosition":[-99.5315,102.436,35.2838],"tipVelocity":[56.5273,530.358,-40.7438],"tool":false}],"r":[[0.557594,0.424796,0.713188],[0.134643,0.801487,-0.582657],[-0.819122,0.420912,0.389709]],"s":67.2884,"t":[-1473.96,-1635.26,11659.9],"timestamp":22204644071},
{"hands":[],"id":669874,"pointables":[{"direction":[-0.232412,-0.249965,-0.939948],"handId":1,"id":4,"length":48.3454,"tipPosition":[55.6586,112.913,-78.1491],"tipVelocity":[-158.009,582.11,228.026],"tool":false},{"direction":[0.0845665,-0.104584,-0.990914],"handId":7,"id":11,"length":43.1244,"tipPosition":[-130.115,117.968,-33.4672],"tipVelocity":[60.5144,492.732,-175.539],"tool":false},{"direction":[-0.413767,0.271078,-0.869088],"handId":9,"id":5,"length":37.5853,"tipPosition":[35.6201,134.402,-14.1457],"tipVelocity":[-109.17,498.746,291.978],"tool":false},{"direction":[0.237465,0.142052,-0.960953],"handId":6,"id":8,"length":35.5063,"tipPosition":[-98.4105,108.439,32.5743],"tipVelocity":[131.984,706.777,-319.024],"tool":false}],"r":[[0.55275,0.439652,0.707936],[0.12869,0.794286,-0.593758],[-0.823351,0.419304,0.382463]],"s":67.2796,"t":[-1474.33,-1630.9,11660.5],"timestamp":22204652564},
{"hands":[],"id":669875,"pointables":[{"direction":[-0.0673264,-0.117,-0.990847],"handId":1,"id":12,"length":63.9448,"tipPosition":[104.921,109.026,-84.8091],"tipVelocity":[-58.7333,192.584,163.39],"tool":false},{"direction":[-0.233379,-0.24504,-0.941005],"handId":1,"id":4,"length":49.4843,"tipPosition":[54.3489,118.045,-76.0216],"tipVelocity":[-150.028,587.902,243.709],"tool":false},{"direction":[0.102447,-0.102667,-0.989426],"handId":7,"id":11,"length":46.7673,"tipPosition":[-129.589,122.122,-34.9221],"tipVelocity":[60.3032,475.855,-166.659],"tool":false},{"direction":[-0.409164,0.276483,-0.869564],"handId":9,"id":5,"length":38.4174,"tipPosition":[34.2772,138.128,-12.0406],"tipVelocity":[-153.828,426.849,241.14],"tool":false},{"direction":[0.239844,0.152869,-0.9587],"handId":6,"id":8,"length":36.876,"tipPosition":[-97.1569,115.571,29.4381],"tipVelocity":[143.604,816.912,-359.241],"tool":false}],"r":[[0.551347,0.451808,0.701346],[0.12212,0.787902,-0.60357],[-0.82529,0.418425,0.379232]],"s":67.2692,"t":[-1474.77,-1626.65,11661.6],"timestamp":22204661294},
{"hands":[],"id":669876,"pointables":[{"direction":[-0.0696922,-0.147495,-0.986604],"handId":-1,"id":2,"length":36.6203,"tipPosition":[77.3531,93.457,-81.3541],"tipVelocity":[-389.193,-449.814,495.495],"tool":false},{"direction":[-0.233441,-0.239957,-0.942298],"handId":1,"id":4,"length":50.4509,"tipPosition":[53.2158,123.237,-73.7862],"tipVelocity":[-129.434,593.062,255.353],"tool":false},{"direction":[0.114597,-0.0999101,-0.988375],"handId":7,"id":11,"length":49.5468,"tipPosition":[-129.068,126.289,-36.7952],"tipVelocity":[59.536,475.975,-213.972],"tool":false},{"direction":[-0.406413,0.280812,-0.869467],"handId":1,"id":5,"length":39.1137,"tipPosition":[32.4822,141.258,-10.3924],"tipVelocity":[-205.051,357.49,188.282],"tool":false},{"direction":[0.240444,0.164843,-0.956563],"handId":6,"id":8,"length":38.0261,"tipPosition":[-95.8607,123.563,26.062],"tipVelocity":[148.065,913.037,-385.669],"tool":false}],"r":[[0.553987,0.46368,0.691447],[0.11172,0.781625,-0.613662],[-0.824995,0.41721,0.381208]],"s":67.2561,"t":[-1475.56,-1622.44,11662.9],"timestamp":22204670048},
{"hands":[],"id":669877,"pointables":[{"direction":[-0.0843152,-0.122872,-0.988834],"handId":1,"id":12,"length":65.1675,"tipPosition":[99.2637,113.656,-83.7471],"tipVelocity":[-329.86,270.019,61.9293],"tool":false},{"direction":[-0.21641,-0.272744,-0.937431],"handId":1,"id":2,"length":40.0402,"tipPosition":[76.5616,92.6213,-78.7106],"tipVelocity":[-94.2671,-99.5365,314.853],"tool":false},{"direction":[-0.229265,-0.233296,-0.944992],"handId":1,"id":4,"length":51.317,"tipPosition":[52.2159,128.146,-71.6341],"tipVelocity":[-119.09,584.671,256.321],"tool":false},{"direction":[0.124577,-0.0980058,-0.987358],"handId":6,"id":11,"length":51.8476,"tipPosition":[-128.509,130.478,-38.8185],"tipVelocity":[66.5988,498.941,-240.987],"tool":false},{"direction":[-0.403608,0.282183,-0.870329],"handId":1,"id":5,"length":39.833,"tipPosition":[30.4187,143.747,-8.82045],"tipVelocity":[-245.772,296.462,187.223],"tool":false},{"direction":[0.241665,0.178369,-0.953825],"handId":9,"id":8,"length":39.013,"tipPosition":[-94.6209,131.551,22.8824],"tipVelocity":[147.667,951.324,-378.706],"tool":false}],"r":[[0.558384,0.474138,0.680735],[0.100598,0.77582,-0.622883],[-0.823461,0.416289,0.385508]],"s":67.2415,"t":[-1476.4,-1618.13,11664.3],"timestamp":22204678444},
{"hands":[],"id":669878,"pointables":[{"direction":[-0.0940439,-0.1258,-0.987588],"handId":1,"id":12,"length":66.0378,"tipPosition":[94.9656,117.624,-82.7032],"tipVelocity":[-488.814,451.206,118.714],"tool":false},{"direction":[-0.410053,-0.440041,-0.798887],"handId":1,"id":2,"length":43.6039,"tipPosition":[75.6724,92.0476,-76.2571],"tipVelocity":[-101.123,-65.2443,279.033],"tool":false},{"direction":[-0.225681,-0.227415,-0.947286],"handId":1,"id":4,"length":52.0753,"tipPosition":[51.3862,132.667,-69.6884],"tipVelocity":[-94.3688,514.151,221.276],"tool":false},{"direction":[0.170423,-0.00355177,-0.985365],"handId":1,"id":10,"length":33.5017,"tipPosition":[120.249,96.6227,-45.8898],"tipVelocity":[36.9371,63.9261,-160.938],"tool":false},{"direction":[0.129675,-0.0948191,-0.987013],"handId":6,"id":11,"length":53.1496,"tipPosition":[-127.968,134.758,-40.9388],"tipVelocity":[61.4617,486.789,-241.129],"tool":false},{"direction":[-0.40281,0.283703,-0.870205],"handId":1,"id":5,"length":40.4861,"tipPosition":[27.9862,145.596,-7.59756],"tipVelocity":[-276.634,210.268,139.076],"tool":false},{"direction":[0.240895,0.196131,-0.950527],"handId":9,"id":8,"length":39.7694,"tipPosition":[-93.472,139.152,19.8428],"tipVelocity":[130.658,864.509,-345.684],"tool":false}],"r":[[0.563551,0.484141,0.669341],[0.0889435,0.769989,-0.631827],[-0.821279,0.415601,0.390867]],"s":67.2283,"t":[-1477.23,-1613.99,11665.4],"timestamp":22204687237},
{"hands":[],"id":669879,"pointables":[{"direction":[-0.0972635,-0.125646,-0.987296],"handId":1,"id":12,"length":66.7788,"tipPosition":[91.5704,121.174,-81.7785],"tipVelocity":[-380.931,398.293,103.748],"tool":false},{"direction":[-0.558164,-0.575668,-0.597544],"handId":1,"id":2,"length":46.7646,"tipPosition":[74.9924,91.9834,-74.1677],"tipVelocity":[-76.2982,-7.21132,234.412],"tool":false},{"direction":[-0.216663,-0.219628,-0.951221],"handId":1,"id":4,"length":52.7474,"tipPosition":[50.6992,136.694,-68.0943],"tipVelocity":[-77.0716,451.834,178.852],"tool":false},{"direction":[0.172669,0.00305371,-0.984975],"handId":1,"id":10,"length":35.5616,"tipPosition":[120.361,97.2635,-46.8527],"tipVelocity":[12.6381,71.8895,-108.034],"tool":false},{"direction":[0.135477,-0.0885683,-0.986814],"handId":6,"id":11,"length":54.6882,"tipPosition":[-127.394,139.039,-43.2031],"tipVelocity":[64.3991,480.317,-254.051],"tool":false},{"direction":[-0.404336,0.284838,-0.869126],"handId":1,"id":5,"length":41.008,"tipPosition":[25.8637,146.369,-5.53385],"tipVelocity":[-238.137,86.7923,231.539],"tool":false},{"direction":[0.240495,0.210161,-0.947626],"handId":9,"id":8,"length":40.3925,"tipPosition":[-92.1749,146.137,16.4548],"tipVelocity":[145.527,783.714,-380.12],"tool":false}],"r":[[0.569551,0.493554,0.65728],[0.0770573,0.76407,-0.640515],[-0.818336,0.415454,0.397145]],"s":67.2165,"t":[-1477.99,-1610.14,11666.5],"timestamp":22204696150},
{"hands":[],"id":669880,"pointables":[{"direction":[-0.0984285,-0.125303,-0.987224],"handId":1,"id":12,"length":67.2385,"tipPosition":[88.7889,124.414,-80.8001],"tipVelocity":[-325.58,379.303,114.522],"tool":false},{"direction":[-0.623762,-0.64929,-0.435137],"handId":1,"id":2,"length":49.828,"tipPosition":[74.4784,92.2974,-72.3753],"tipVelocity":[-60.1639,36.7571,209.817],"tool":false},{"direction":[-0.208183,-0.213205,-0.95457],"handId":1,"id":4,"length":53.4043,"tipPosition":[50.0639,140.161,-67.0346],"tipVelocity":[-74.369,405.791,124.047],"tool":false},{"direction":[0.17624,0.00996319,-0.984297],"handId":1,"id":10,"length":37.2271,"tipPosition":[120.365,97.9719,-47.5482],"tipVelocity":[0.432468,82.9219,-81.4129],"tool":false},{"direction":[0.139942,-0.0823525,-0.986729],"handId":6,"id":11,"length":56.0121,"tipPosition":[-126.821,143.312,-45.5663],"tipVelocity":[67.0465,500.156,-276.616],"tool":false},{"direction":[-0.407089,0.282882,-0.868479],"handId":1,"id":5,"length":41.5136,"tipPosition":[23.3948,146.691,-4.103],"tipVelocity":[-288.995,37.6786,167.488],"tool":false},{"direction":[0.245856,0.212906,-0.945635],"handId":9,"id":8,"length":40.9376,"tipPosition":[-91.0987,151.548,14.1923],"tipVelocity":[125.981,633.285,-264.833],"tool":false}],"r":[[0.575998,0.50214,0.645044],[0.0655144,0.758196,-0.648727],[-0.814821,0.415925,0.403822]],"s":67.2063,"t":[-1478.62,-1606.6,11667.5],"timestamp":22204704693},
{"hands":[],"id":669881,"pointables":[{"direction":[-0.0990234,-0.125245,-0.987172],"handId":1,"id":12,"length":67.7382,"tipPosition":[86.4205,127.331,-79.7652],"tipVelocity":[-270.681,333.322,118.281],"tool":false},{"direction":[-0.645191,-0.686135,-0.336076],"handId":1,"id":2,"length":53.4005,"tipPosition":[73.9708,92.722,-70.7531],"tipVelocity":[-58.0157,48.5338,185.391],"tool":false},{"direction":[-0.208505,-0.21011,-0.955186],"handId":1,"id":4,"length":53.837,"tipPosition":[49.4548,143.11,-65.6152],"tipVelocity":[-69.6038,337.015,162.223],"tool":false},{"direction":[0.143043,-0.0760672,-0.986789],"handId":6,"id":11,"length":57.1509,"tipPosition":[-126.162,147.392,-48.165],"tipVelocity":[75.3634,466.238,-297.001],"tool":false},{"direction":[0.172175,0.0095834,-0.98502],"handId":1,"id":10,"length":38.5485,"tipPosition":[120.3,98.7304,-47.9602],"tipVelocity":[-7.4501,86.6929,-47.0746],"tool":false},{"direction":[-0.410938,0.281547,-0.8671],"handId":1,"id":5,"length":41.9764,"tipPosition":[20.7855,146.311,-3.05883],"tipVelocity":[-298.21,-43.4832,119.334],"tool":false},{"direction":[0.256163,0.206662,-0.944283],"handId":9,"id":8,"length":41.4336,"tipPosition":[-89.8114,156.101,11.7588],"tipVelocity":[147.116,520.359,-278.111],"tool":false}],"r":[[0.583029,0.509723,0.63266],[0.0544722,0.752429,-0.656418],[-0.810623,0.417173,0.410922]],"s":67.1968,"t":[-1479.2,-1603.37,11668.5],"timestamp":22204713443},
{"hands":[],"id":669882,"pointables":[{"direction":[-0.102512,-0.125831,-0.986741],"handId":1,"id":12,"length":68.1021,"tipPosition":[84.3777,129.987,-78.7327],"tipVelocity":[-236.979,308.205,119.774],"tool":false},{"direction":[-0.635724,-0.692253,-0.341527],"handId":1,"id":2,"length":57.3784,"tipPosition":[73.3029,93.0521,-69.1243],"tipVelocity":[-77.4826,38.2869,188.962],"tool":false},{"direction":[-0.207383,-0.205389,-0.956456],"handId":1,"id":4,"length":56.0272,"tipPosition":[48.7374,145.463,-65.5156],"tipVelocity":[-83.2302,272.999,11.5446],"tool":false},{"direction":[0.144712,-0.0725053,-0.986814],"handId":6,"id":11,"length":58.1132,"tipPosition":[-125.434,151.235,-50.7895],"tipVelocity":[84.4261,445.853,-304.465],"tool":false},{"direction":[0.159514,-0.000816844,-0.987195],"handId":1,"id":10,"length":39.5746,"tipPosition":[120.173,99.4872,-48.1984],"tipVelocity":[-14.7181,87.7926,-27.6332],"tool":false},{"direction":[-0.416187,0.277323,-0.865956],"handId":1,"id":5,"length":42.432,"tipPosition":[18.4221,145.449,-1.9499],"tipVelocity":[-274.178,-99.945,128.646],"tool":false},{"direction":[0.26775,0.194993,-0.943551],"handId":9,"id":8,"length":41.8733,"tipPosition":[-88.3293,159.741,9.46391],"tipVelocity":[171.937,422.305,-266.231],"tool":false}],"r":[[0.590387,0.516378,0.62032],[0.0439981,0.746826,-0.663562],[-0.80592,0.419051,0.418197]],"s":67.1881,"t":[-1479.82,-1600.58,11669.1],"timestamp":22204722063},
{"hands":[],"id":669883,"pointables":[{"direction":[-0.105776,-0.126959,-0.986252],"handId":1,"id":12,"length":68.3749,"tipPosition":[82.5442,132.321,-77.6007],"tipVelocity":[-209.285,266.317,129.212],"tool":false},{"direction":[-0.623548,-0.692517,-0.362777],"handId":1,"id":2,"length":61.817,"tipPosition":[72.8662,93.6925,-67.7867],"tipVelocity":[-49.8406,73.0958,152.676],"tool":false},{"direction":[-0.205147,-0.20088,-0.957895],"handId":1,"id":4,"length":56.5076,"tipPosition":[48.013,147.448,-65.1596],"tipVelocity":[-82.6841,226.59,40.6377],"tool":false},{"direction":[0.103412,-0.0660601,-0.992442],"handId":7,"id":17,"length":52.3528,"tipPosition":[-154.684,148.508,-61.4372],"tipVelocity":[49.543,189.258,-210.993],"tool":false},{"direction":[0.145378,-0.0705813,-0.986855],"handId":6,"id":11,"length":58.9471,"tipPosition":[-124.616,154.752,-53.1837],"tipVelocity":[93.3615,401.396,-273.275],"tool":false},{"direction":[0.147485,-0.0109663,-0.989004],"handId":1,"id":10,"length":40.4277,"tipPosition":[120.002,100.238,-48.3009],"tipVelocity":[-19.5435,85.6745,-11.7045],"tool":false},{"direction":[-0.422275,0.269798,-0.865386],"handId":1,"id":5,"length":42.8328,"tipPosition":[15.9395,144.413,-1.4473],"tipVelocity":[-283.368,-118.3,57.368],"tool":false},{"direction":[0.27743,0.184126,-0.942937],"handId":9,"id":8,"length":42.2149,"tipPosition":[-86.7054,162.708,7.33488],"tipVelocity":[185.362,338.665,-243.013],"tool":false}],"r":[[0.597872,0.52171,0.608578],[0.0345841,0.741717,-0.669821],[-0.800845,0.421515,0.425409]],"s":67.1796,"t":[-1480.28,-1598.27,11669],"timestamp":22204730824},
{"hands":[],"id":669884,"pointables":[{"direction":[-0.0941054,-0.121382,-0.988135],"handId":6,"id":12,"length":65.0361,"tipPosition":[80.9013,134.324,-76.7815],"tipVelocity":[-190.659,232.473,95.0702],"tool":false},{"direction":[-0.64783,-0.724692,-0.234815],"handId":14,"id":2,"length":66.3979,"tipPosition":[72.3182,94.2055,-66.5126],"tipVelocity":[-63.5957,59.5378,147.852],"tool":false},{"direction":[0.0580274,-0.0640045,-0.996261],"handId":7,"id":17,"length":48.5345,"tipPosition":[-154.16,149.943,-63.9935],"tipVelocity":[60.7313,166.44,-296.652],"tool":false},{"direction":[0.166804,0.00555321,-0.985974],"handId":3,"id":10,"length":38.6399,"tipPosition":[119.834,100.972,-48.5045],"tipVelocity":[-19.4819,85.1826,-23.6305],"tool":false},{"direction":[-0.181875,-0.145076,-0.972561],"handId":1,"id":4,"length":55.4573,"tipPosition":[61.171,142.772,-41.8193],"tipVelocity":[1526.98,-542.704,2708.63],"tool":false},{"direction":[-0.42967,0.262414,-0.864015],"handId":1,"id":5,"length":42.8524,"tipPosition":[14.8548,142.624,1.00635],"tipVelocity":[-125.881,-207.583,284.746],"tool":false},{"direction":[0.285939,0.170945,-0.942877],"handId":16,"id":8,"length":42.3961,"tipPosition":[-85.3545,164.773,6.63509],"tipVelocity":[156.77,239.576,-81.2104],"tool":false}],"r":[[0.607423,0.525288,0.595911],[0.0264709,0.736359,-0.676074],[-0.793937,0.426437,0.433376]],"s":67.1732,"t":[-1480.59,-1596.75,11669.4],"timestamp":22204739441},
{"hands":[],"id":669885,"pointables":[{"direction":[-0.0955934,-0.12142,-0.987987],"handId":1,"id":12,"length":65.5167,"tipPosition":[79.4144,135.995,-75.9123],"tipVelocity":[-173.681,195.219,101.527],"tool":false},{"direction":[0.0379267,-0.0632727,-0.997275],"handId":7,"id":17,"length":46.6457,"tipPosition":[-153.518,151.26,-65.7364],"tipVelocity":[75.0137,153.905,-203.588],"tool":false},{"direction":[-0.638883,-0.728157,-0.248225],"handId":1,"id":2,"length":71.0154,"tipPosition":[71.8808,94.8549,-65.3552],"tipVelocity":[-51.0951,75.8596,135.196],"tool":false},{"direction":[0.146467,-0.0715008,-0.986628],"handId":6,"id":11,"length":59.6679,"tipPosition":[-123.305,157.977,-55.7891],"tipVelocity":[76.3527,187.771,-151.67],"tool":false},{"direction":[-0.182458,-0.146388,-0.972255],"handId":1,"id":4,"length":58.404,"tipPosition":[54.1764,147.508,-52.5714],"tipVelocity":[-817.029,553.23,-1255.93],"tool":false},{"direction":[0.149959,-0.011652,-0.988624],"handId":1,"id":10,"length":39.4129,"tipPosition":[119.582,101.654,-48.2443],"tipVelocity":[-29.4309,79.6552,30.3916],"tool":false},{"direction":[-0.43553,0.253958,-0.863608],"handId":1,"id":5,"length":42.4207,"tipPosition":[12.5641,141.261,0.841751],"tipVelocity":[-267.575,-159.18,-19.2266],"tool":false},{"direction":[0.288857,0.176848,-0.940897],"handId":9,"id":8,"length":42.6206,"tipPosition":[-83.4141,166.797,4.60322],"tipVelocity":[226.648,236.461,-237.339],"tool":false}],"r":[[0.615394,0.528289,0.584979],[0.0191926,0.73189,-0.681153],[-0.787986,0.430405,0.440261]],"s":67.1648,"t":[-1480.92,-1595.92,11669.1],"timestamp":22204748002},
{"hands":[],"id":669886,"pointables":[{"direction":[-0.074003,-0.118797,-0.990157],"handId":1,"id":12,"length":61.7459,"tipPosition":[78.1303,137.264,-76.471],"tipVelocity":[-145.509,143.753,-63.3052],"tool":false},{"direction":[0.00834832,-0.0840799,-0.996424],"handId":7,"id":17,"length":43.7184,"tipPosition":[-152.696,152.223,-68.1829],"tipVelocity":[93.186,109.053,-277.223],"tool":false},{"direction":[0.113104,-0.0623086,-0.991627],"handId":1,"id":10,"length":37.3613,"tipPosition":[112.873,97.1973,-46.128],"tipVelocity":[-760.21,-504.975,239.808],"tool":false},{"direction":[-0.442499,0.243532,-0.863068],"handId":1,"id":5,"length":44.0443,"tipPosition":[11.0138,139.569,1.40369],"tipVelocity":[-175.667,-191.771,63.6752],"tool":false},{"direction":[0.291716,0.184188,-0.938603],"handId":6,"id":8,"length":44.3297,"tipPosition":[-81.6463,168.286,3.39386],"tipVelocity":[200.323,168.734,-137.038],"tool":false}],"r":[[0.623275,0.532437,0.572746],[0.0107406,0.726512,-0.68707],[-0.781929,0.434385,0.447098]],"s":67.1546,"t":[-1481.73,-1595.02,11668.7],"timestamp":22204756827},
{"hands":[{"direction":[-0.0256081,0.214001,-0.942756],"id":1,"palmNormal":[-0.539689,-0.73501,-0.198339],"palmPosition":[77.9043,123.676,13.9294],"palmVelocity":[-41.3574,113.62,-510.921],"r":[[1,0,0],[0,1,0],[0,0,1]],"s":1,"sphereCenter":[70.8965,101.318,-21.6846],"sphereRadius":65.7581,"t":[0,0,0]}],"id":669887,"pointables":[{"direction":[0.0239516,-0.0840634,-0.996173],"handId":7,"id":17,"length":45.9298,"tipPosition":[-151.661,152.985,-69.5193],"tipVelocity":[120.071,88.4897,-155.078],"tool":false},{"direction":[0.145763,-0.0785106,-0.986199],"handId":6,"id":11,"length":60.2796,"tipPosition":[-121.331,160.311,-58.7679],"tipVelocity":[113.155,133.825,-170.773],"tool":false},{"direction":[-0.17908,-0.145441,-0.973025],"handId":1,"id":4,"length":60.4449,"tipPosition":[49.4358,149.742,-57.1766],"tipVelocity":[-271.773,128.082,-264.015],"tool":false},{"direction":[0.105413,-0.068236,-0.992085],"handId":1,"id":10,"length":38.0979,"tipPosition":[113.505,98.5581,-46.0536],"tipVelocity":[73.2918,157.894,8.64211],"tool":false},{"direction":[0.293015,0.195962,-0.93581],"handId":9,"id":8,"length":45.9107,"tipPosition":[-79.6387,169.446,1.825],"tipVelocity":[232.949,134.589,-182.045],"tool":false},{"direction":[-0.448279,0.23348,-0.862863],"handId":1,"id":5,"length":45.1467,"tipPosition":[9.70355,137.922,1.84752],"tipVelocity":[-152.039,-191.108,51.5005],"tool":false}],"r":[[0.629809,0.535723,0.562443],[0.00377437,0.721978,-0.691906],[-0.776741,0.437891,0.452686]],"s":67.1441,"t":[-1483.06,-1593.94,11667],"timestamp":22204765445},
{"hands":[{"direction":[-0.0209398,0.224136,-0.944168],"id":1,"palmNormal":[-0.524948,-0.751813,-0.208567],"palmPosition":[77.7455,123.947,16.1961],"palmVelocity":[-18.4076,31.4038,262.749],"r":[[0.99999,-0.00431538,0.000777483],[0.00431669,0.999989,-0.00169495],[-0.00077016,0.00169829,0.999998]],"s":1.00395,"sphereCenter":[69.6376,101.833,-19.67],"sphereRadius":65.8951,"t":[-0.513146,0.430106,0.2652]}],"id":669888,"pointables":[{"direction":[-0.0737382,-0.117619,-0.990317],"handId":1,"id":12,"length":62.361,"tipPosition":[76.8295,138.194,-75.511],"tipVelocity":[-75.4253,53.9533,55.6695],"tool":false},{"direction":[0.034673,-0.0839963,-0.995863],"handId":7,"id":17,"length":47.9462,"tipPosition":[-150.498,153.506,-70.889],"tipVelocity":[134.755,60.3665,-158.765],"tool":false},{"direction":[0.145989,-0.0860683,-0.985535],"handId":6,"id":11,"length":60.8881,"tipPosition":[-119.184,161.774,-61.5737],"tipVelocity":[248.834,169.495,-325.24],"tool":false},{"direction":[-0.177141,-0.145926,-0.973307],"handId":1,"id":4,"length":62.4628,"tipPosition":[46.5133,150.532,-59.2344],"tipVelocity":[-338.765,91.573,-238.535],"tool":false},{"direction":[0.0997276,-0.0766022,-0.992062],"handId":1,"id":10,"length":38.753,"tipPosition":[113.948,99.5993,-45.8969],"tipVelocity":[51.4112,120.695,18.1577],"tool":false},{"direction":[0.294659,0.204716,-0.933417],"handId":9,"id":8,"length":45.4963,"tipPosition":[-77.6425,170.17,0.523027],"tipVelocity":[231.393,83.909,-150.918],"tool":false},{"direction":[-0.453785,0.22353,-0.86262],"handId":1,"id":5,"length":46.0228,"tipPosition":[8.95168,136.148,2.75167],"tipVelocity":[-87.1538,-205.603,104.805],"tool":false}],"r":[[0.63602,0.537929,0.553272],[-0.00204279,0.71815,-0.695886],[-0.77167,0.441467,0.457857]],"s":67.1336,"t":[-1483.5,-1593,11665.5],"timestamp":22204774072},
{"hands":[{"direction":[-0.0128893,0.238722,-0.943356],"id":1,"palmNormal":[-0.510887,-0.764287,-0.225088],"palmPosition":[77.183,124.665,12.8066],"palmVelocity":[-64.6081,82.4014,-389.333],"r":[[0.999899,-0.014226,0.000766563],[0.0142304,0.99988,-0.00607809],[-0.000680005,0.00608838,0.999981]],"s":1.00278,"sphereCenter":[67.5359,100.659,-19.7538],"sphereRadius":66.3493,"t":[-1.16087,0.892809,0.464144]}],"id":669889,"pointables":[{"direction":[-0.0724764,-0.116694,-0.99052],"handId":1,"id":12,"length":62.9944,"tipPosition":[75.6851,138.689,-74.9012],"tipVelocity":[-131.45,56.8918,70.0356],"tool":false},{"direction":[0.0427008,-0.0838383,-0.995564],"handId":7,"id":17,"length":49.6155,"tipPosition":[-149.204,153.752,-72.1856],"tipVelocity":[148.735,28.306,-148.928],"tool":false},{"direction":[0.146049,-0.0949177,-0.984713],"handId":6,"id":11,"length":61.33,"tipPosition":[-116.872,162.335,-64.0276],"tipVelocity":[265.622,64.4683,-281.867],"tool":false},{"direction":[-0.41591,-0.626845,-0.658851],"handId":1,"id":2,"length":80.7337,"tipPosition":[71.9039,98.7241,-61.1833],"tipVelocity":[527.249,716.406,-110.071],"tool":true,"width":11.1873},{"direction":[-0.176628,-0.146728,-0.97328],"handId":1,"id":4,"length":62.6555,"tipPosition":[44.4974,150.495,-60.3763],"tipVelocity":[-231.552,-4.19898,-131.162],"tool":false},{"direction":[0.0959229,-0.0843991,-0.991804],"handId":1,"id":10,"length":39.3721,"tipPosition":[114.25,100.331,-45.7642],"tipVelocity":[34.6216,84.0673,15.2408],"tool":false},{"direction":[0.296287,0.210862,-0.931532],"handId":9,"id":8,"length":45.6469,"tipPosition":[-75.5388,170.237,-0.615576],"tipVelocity":[241.635,7.73185,-130.784],"tool":false},{"direction":[-0.458443,0.214565,-0.862434],"handId":1,"id":5,"length":46.6862,"tipPosition":[8.16937,134.533,3.2827],"tipVelocity":[-89.8581,-185.598,60.9958],"tool":false}],"r":[[0.641934,0.538085,0.546246],[-0.00566025,0.715715,-0.69837],[-0.766739,0.445215,0.462487]],"s":67.1234,"t":[-1483.33,-1592.35,11664.2],"timestamp":22204782778},
{"hands":[{"direction":[-0.00948865,0.243441,-0.94542],"id":1,"palmNormal":[-0.498375,-0.778613,-0.229596],"palmPosition":[77.0498,124.634,15.1326],"palmVelocity":[-15.5357,-3.56502,271.378],"r":[[0.999694,-0.0247365,0.000845281],[0.0247438,0.999643,-0.0100347],[-0.000596757,0.0100525,0.999949]],"s":1.00302,"sphereCenter":[66.2054,100.215,-18.1733],"sphereRadius":66.6802,"t":[-1.88429,0.809479,0.716371]}],"id":669890,"pointables":[{"direction":[-0.0721515,-0.1158,-0.990649],"handId":1,"id":12,"length":63.4759,"tipPosition":[74.688,138.757,-74.3788],"tipVelocity":[-116.337,7.83677,60.948],"tool":false},{"direction":[0.0515842,-0.0848366,-0.995059],"handId":7,"id":17,"length":51.0584,"tipPosition":[-147.785,153.725,-73.3089],"tipVelocity":[165.462,-3.14556,-131.065],"tool":false},{"direction":[0.148884,-0.101982,-0.983582],"handId":6,"id":11,"length":61.7749,"tipPosition":[-114.42,162.071,-66.1327],"tipVelocity":[286.048,-30.7387,-245.604],"tool":false},{"direction":[-0.179154,-0.149579,-0.972384],"handId":1,"id":4,"length":62.8197,"tipPosition":[42.9838,149.814,-61.1015],"tipVelocity":[-176.599,-79.4542,-84.6073],"tool":false},{"direction":[-0.517771,-0.701308,-0.489981],"handId":1,"id":2,"length":85.6171,"tipPosition":[71.1048,98.0947,-60.463],"tipVelocity":[-93.2349,-73.4294,84.0336],"tool":true,"width":11.1663},{"direction":[0.0909455,-0.0964834,-0.991171],"handId":1,"id":10,"length":41.2158,"tipPosition":[114.482,100.811,-45.6219],"tipVelocity":[27.0528,55.9303,16.6108],"tool":false},{"direction":[0.298145,0.222054,-0.928333],"handId":9,"id":8,"length":46.4227,"tipPosition":[-73.5363,169.574,-1.06704],"tipVelocity":[233.638,-77.3337,-52.6734],"tool":false},{"direction":[-0.46193,0.206048,-0.86265],"handId":1,"id":5,"length":47.1587,"tipPosition":[7.42366,133.079,3.58821],"tipVelocity":[-87.0038,-169.548,35.6448],"tool":false}],"r":[[0.647562,0.537819,0.539828],[-0.00883286,0.713675,-0.700422],[-0.761962,0.448798,0.466899]],"s":67.113,"t":[-1483.37,-1592.26,11663.4],"timestamp":22204791349},
{"hands":[{"direction":[-0.00731666,0.245931,-0.947711],"id":1,"palmNormal":[-0.486675,-0.791972,-0.23155],"palmPosition":[76.8795,124.324,16.9219],"palmVelocity":[-19.5964,-35.673,205.854],"r":[[0.999375,-0.0353479,0.00080492],[0.0353555,0.999287,-0.013273],[-0.000335175,0.0132931,0.999912]],"s":1.00362,"sphereCenter":[65.2127,100.018,-16.6426],"sphereRadius":66.8945,"t":[-2.64311,0.317202,0.917563]}],"id":669891,"pointables":[{"direction":[0.0583367,-0.0859663,-0.994589],"handId":7,"id":17,"length":52.2725,"tipPosition":[-146.268,153.434,-74.2403],"tipVelocity":[174.593,-33.5308,-107.156],"tool":false},{"direction":[-0.0694968,-0.114245,-0.991019],"handId":1,"id":12,"length":63.9978,"tipPosition":[73.8119,138.354,-73.9993],"tipVelocity":[-100.799,-46.322,43.6656],"tool":false},{"direction":[0.149949,-0.113883,-0.982113],"handId":6,"id":11,"length":64.0948,"tipPosition":[-111.847,161.059,-67.9164],"tipVelocity":[296.035,-116.517,-205.209],"tool":false},{"direction":[-0.177505,-0.150123,-0.972602],"handId":1,"id":4,"length":62.9595,"tipPosition":[41.7832,148.576,-61.6625],"tipVelocity":[-138.127,-142.478,-64.5498],"tool":false},{"direction":[-0.585628,-0.749494,-0.308705],"handId":1,"id":2,"length":89.1076,"tipPosition":[70.3106,97.1935,-59.8173],"tipVelocity":[-91.3728,-103.684,74.2878],"tool":true,"width":11.9507},{"direction":[0.0914592,-0.102141,-0.990557],"handId":1,"id":10,"length":42.4678,"tipPosition":[114.678,101.057,-45.4717],"tipVelocity":[22.5925,28.4071,17.2752],"tool":false},{"direction":[0.302853,0.225681,-0.925931],"handId":9,"id":8,"length":47.0929,"tipPosition":[-71.4392,168.252,-1.2653],"tipVelocity":[241.265,-152.163,-22.8095],"tool":false},{"direction":[-0.465011,0.198106,-0.862855],"handId":1,"id":5,"length":47.5397,"tipPosition":[6.69868,131.666,3.70225],"tipVelocity":[-83.4084,-162.608,13.1196],"tool":false}],"r":[[0.652813,0.537219,0.53407],[-0.011556,0.712006,-0.702079],[-0.757431,0.452154,0.471015]],"s":67.1023,"t":[-1483.64,-1592.75,11662.9],"timestamp":22204800041},
{"hands":[{"direction":[-0.00326788,0.252151,-0.948505],"id":1,"palmNormal":[-0.476065,-0.802217,-0.238316],"palmPosition":[76.5272,124.058,15.7039],"palmVelocity":[-41.1303,-31.0592,-142.191],"r":[[0.998921,-0.0464369,0.000979067],[0.0464466,0.998796,-0.0158178],[-0.000243356,0.0158462,0.999874]],"s":1.00481,"sphereCenter":[63.3087,97.9058,-17.0497],"sphereRadius":67.5425,"t":[-3.27643,-0.693946,1.09124]}],"id":669892,"pointables":[{"direction":[0.153677,-0.123412,-0.980384],"handId":6,"id":11,"length":65.9703,"tipPosition":[-109.257,159.559,-69.3837],"tipVelocity":[302.366,-175.105,-171.299],"tool":false},{"direction":[-0.179962,-0.154508,-0.971463],"handId":1,"id":4,"length":63.1178,"tipPosition":[40.8196,146.756,-62.0816],"tipVelocity":[-112.491,-212.466,-48.9197],"tool":false},{"direction":[0.0927519,-0.108978,-0.989707],"handId":1,"id":10,"length":44.5747,"tipPosition":[114.855,101.083,-45.3255],"tipVelocity":[20.7187,3.00219,17.0641],"tool":false},{"direction":[0.30712,0.22935,-0.923621],"handId":9,"id":8,"length":47.732,"tipPosition":[-69.2439,166.447,-1.3277],"tipVelocity":[256.288,-210.635,-7.28403],"tool":false},{"direction":[-0.467909,0.190571,-0.862985],"handId":1,"id":5,"length":47.819,"tipPosition":[6.19086,130.136,4.04147],"tipVelocity":[-59.2832,-178.615,39.6009],"tool":false}],"r":[[0.657659,0.535991,0.529337],[-0.0135355,0.71097,-0.703092],[-0.753194,0.45523,0.474831]],"s":67.0913,"t":[-1483.68,-1593.76,11662.6],"timestamp":22204808607},
{"hands":[{"direction":[0.000872633,0.253194,-0.950472],"id":1,"palmNormal":[-0.465643,-0.812893,-0.240058],"palmPosition":[76.2495,123.448,16.5799],"palmVelocity":[-32.1393,-70.5499,101.387],"r":[[0.998463,-0.0553873,0.00216407],[0.0554144,0.998341,-0.0156161],[-0.00129555,0.0157121,0.999876]],"s":1.00568,"sphereCenter":[62.6501,97.7027,-15.0744],"sphereRadius":67.2909,"t":[-3.8504,-2.17501,1.33057]}],"id":669893,"pointables":[{"direction":[0.063194,-0.0912006,-0.993825],"handId":7,"id":17,"length":53.6839,"tipPosition":[-144.316,152.398,-75.8886],"tipVelocity":[113.414,-60.2064,-95.7989],"tool":false},{"direction":[0.157724,-0.130383,-0.978838],"handId":6,"id":11,"length":67.7306,"tipPosition":[-106.622,157.599,-70.725],"tipVelocity":[304.91,-226.84,-155.24],"tool":false},{"direction":[-0.183085,-0.158754,-0.970194],"handId":1,"id":4,"length":63.2777,"tipPosition":[40.0947,144.543,-62.1801],"tipVelocity":[-83.899,-256.161,-11.405],"tool":false},{"direction":[-0.359753,-0.704928,-0.611272],"handId":1,"id":2,"length":85.6139,"tipPosition":[66.4878,92.5597,-56.9275],"tipVelocity":[-222.177,-269.316,167.951],"tool":true,"width":11.9987},{"direction":[0.0950524,-0.117173,-0.988552],"handId":1,"id":10,"length":46.8394,"tipPosition":[115.063,100.932,-45.2117],"tipVelocity":[24.0276,-17.4967,13.1703],"tool":false},{"direction":[0.311693,0.23178,-0.92148],"handId":9,"id":8,"length":48.223,"tipPosition":[-66.7949,164.492,-1.8069],"tipVelocity":[283.449,-226.347,-55.4637],"tool":false},{"direction":[-0.47024,0.182996,-0.863358],"handId":1,"id":5,"length":48.0153,"tipPosition":[5.88648,128.447,4.53761],"tipVelocity":[-35.2291,-195.454,57.4242],"tool":false}],"r":[[0.662851,0.535085,0.523748],[-0.0164957,0.709762,-0.704248],[-0.748569,0.458172,0.479293]],"s":67.0795,"t":[-1483.6,-1595.24,11662.4],"timestamp":22204817247},
{"hands":[{"direction":[-0.000409518,0.244624,-0.95441],"id":1,"palmNormal":[-0.456146,-0.825055,-0.229854],"palmPosition":[76.217,122.492,19.4994],"palmVelocity":[-3.70712,-109.107,333.21],"r":[[0.998011,-0.0629099,0.00394073],[0.0629572,0.997928,-0.0133044],[-0.00309558,0.013526,0.999904]],"s":1.0069,"sphereCenter":[62.0885,97.2568,-13.4076],"sphereRadius":67.1192,"t":[-4.34874,-4.04624,1.60255]}],"id":669894,"pointables":[{"direction":[0.0650469,-0.0947923,-0.99337],"handId":7,"id":17,"length":56.4887,"tipPosition":[-142.331,151.163,-77.36],"tipVelocity":[226.581,-140.938,-167.922],"tool":false},{"direction":[0.162102,-0.14125,-0.976612],"handId":6,"id":11,"length":68.9185,"tipPosition":[-104.007,155.38,-71.5416],"tipVelocity":[298.479,-253.235,-93.1999],"tool":false},{"direction":[-0.184684,-0.164776,-0.968886],"handId":1,"id":4,"length":63.4229,"tipPosition":[39.5148,141.841,-62.3438],"tipVelocity":[-66.1805,-308.308,-18.6763],"tool":false},{"direction":[-0.230474,-0.676287,-0.699655],"handId":1,"id":2,"length":82.09,"tipPosition":[63.1063,88.0785,-54.4935],"tipVelocity":[-385.934,-511.436,277.8],"tool":true,"width":11.1232},{"direction":[0.100173,-0.122819,-0.987361],"handId":1,"id":10,"length":47.9609,"tipPosition":[115.313,100.646,-45.0558],"tipVelocity":[28.5177,-32.6576,17.7929],"tool":false},{"direction":[0.317846,0.230086,-0.919801],"handId":9,"id":8,"length":48.1115,"tipPosition":[-64.5067,162.165,-1.79687],"tipVelocity":[261.15,-265.511,1.14464],"tool":false},{"direction":[-0.471964,0.176269,-0.863817],"handId":1,"id":5,"length":48.0824,"tipPosition":[5.62094,126.626,4.99097],"tipVelocity":[-30.3051,-207.875,51.7417],"tool":false}],"r":[[0.668057,0.534469,0.517728],[-0.0200407,0.708439,-0.705487],[-0.74384,0.46093,0.483989]],"s":67.0673,"t":[-1483.44,-1597.09,11662.3],"timestamp":22204826009},
