[
{"hands":[],"id":101523,"pointables":[],"r":[[-0.98262,-0.173386,0.0663001],[0.177257,-0.982468,0.0577655],[0.055122,0.0685136,0.996126]],"s":951.01,"t":[-6325.94,-28091.1,26341.2],"timestamp":28352735406},
{"hands":[],"id":101525,"pointables":[],"r":[[-0.98262,-0.173386,0.0663001],[0.177257,-0.982468,0.0577655],[0.055122,0.0685136,0.996126]],"s":951.01,"t":[-6325.94,-28091.1,26341.2],"timestamp":28352744953},
{"hands":[],"id":101527,"pointables":[],"r":[[-0.98262,-0.173386,0.0663001],[0.177257,-0.982468,0.0577655],[0.055122,0.0685136,0.996126]],"s":951.01,"t":[-6325.94,-28091.1,26341.2],"timestamp":28352754123},
{"hands":[],"id":101529,"pointables":[],"r":[[-0.98262,-0.173386,0.0663001],[0.177257,-0.982468,0.0577655],[0.055122,0.0685136,0.996126]],"s":951.01,"t":[-6325.94,-28091.1,26341.2],"timestamp":28352763475},
{"hands":[],"id":101531,"pointables":[],"r":[[-0.98262,-0.173386,0.0663001],[0.177257,-0.982468,0.0577655],[0.055122,0.0685136,0.996126]],"s":951.01,"t":[-6325.94,-28091.1,26341.2],"timestamp":28352773001},
{"hands":[],"id":101533,"pointables":[],"r":[[-0.98262,-0.173386,0.0663001],[0.177257,-0.982468,0.0577655],[0.055122,0.0685136,0.996126]],"s":951.01,"t":[-6325.94,-28091.1,26341.2],"timestamp":28352782336},
{"hands":[],"id":101535,"pointables":[],"r":[[-0.98262,-0.173386,0.0663001],[0.177257,-0.982468,0.0577655],[0.055122,0.0685136,0.996126]],"s":951.01,"t":[-6325.94,-28091.1,26341.2],"timestamp":28352791502},
{"hands":[],"id":101537,"pointables":[],"r":[[-0.98262,-0.173386,0.0663001],[0.177257,-0.982468,0.0577655],[0.055122,0.0685136,0.996126]],"s":951.01,"t":[-6325.94,-28091.1,26341.2],"timestamp":28352800945},
{"hands":[],"id":101539,"pointables":[],"r":[[-0.98262,-0.173386,0.0663001],[0.177257,-0.982468,0.0577655],[0.055122,0.0685136,0.996126]],"s":951.01,"t":[-6325.94,-28091.1,26341.2],"timestamp":28352810414},
{"hands":[],"id":101541,"pointables":[],"r":[[-0.98262,-0.173386,0.0663001],[0.177257,-0.982468,0.0577655],[0.055122,0.0685136,0.996126]],"s":951.01,"t":[-6325.94,-28091.1,26341.2],"timestamp":28352819789},
{"hands":[],"id":101543,"pointables":[],"r":[[-0.98262,-0.173386,0.0663001],[0.177257,-0.982468,0.0577655],[0.055122,0.0685136,0.996126]],"s":951.01,"t":[-6325.94,-28091.1,26341.2],"timestamp":28352829196},
{"hands":[],"id":101545,"pointables":[],"r":[[-0.98262,-0.173386,0.0663001],[0.177257,-0.982468,0.0577655],[0.055122,0.0685136,0.996126]],"s":951.01,"t":[-6325.94,-28091.1,26341.2],"timestamp":28352838279},
{"hands":[],"id":101547,"pointables":[],"r":[[-0.98262,-0.173386,0.0663001],[0.177257,-0.982468,0.0577655],[0.055122,0.0685136,0.996126]],"s":951.01,"t":[-6325.94,-28091.1,26341.2],"timestamp":28352847718},
{"hands":[],"id":101549,"pointables":[],"r":[[-0.98262,-0.173386,0.0663001],[0.177257,-0.982468,0.0577655],[0.055122,0.0685136,0.996126]],"s":951.01,"t":[-6325.94,-28091.1,26341.2],"timestamp":28352857042},
{"hands":[],"id":101551,"pointables":[],"r":[[-0.98262,-0.173386,0.0663001],[0.177257,-0.982468,0.0577655],[0.055122,0.0685136,0.996126]],"s":951.01,"t":[-6325.94,-28091.1,26341.2],"timestamp":28352866183},
{"hands":[],"id":101553,"pointables":[],"r":[[-0.98262,-0.173386,0.0663001],[0.177257,-0.982468,0.0577655],[0.055122,0.0685136,0.996126]],"s":951.01,"t":[-6325.94,-28091.1,26341.2],"timestamp":28352875825},
{"hands":[],"id":101555,"pointables":[],"r":[[-0.98262,-0.173386,0.0663001],[0.177257,-0.982468,0.0577655],[0.055122,0.0685136,0.996126]],"s":951.01,"t":[-6325.94,-28091.1,26341.2],"timestamp":28352885160},
{"hands":[],"id":101557,"pointables":[],"r":[[-0.98262,-0.173386,0.0663001],[0.177257,-0.982468,0.0577655],[0.055122,0.0685136,0.996126]],"s":951.01,"t":[-6325.94,-28091.1,26341.2],"timestamp":28352894529},
{"hands":[],"id":101559,"pointables":[],"r":[[-0.98262,-0.173386,0.0663001],[0.177257,-0.982468,0.0577655],[0.055122,0.0685136,0.996126]],"s":951.01,"t":[-6325.94,-28091.1,26341.2],"timestamp":28352903838},
{"hands":[],"id":101561,"pointables":[],"r":[[-0.98262,-0.173386,0.0663001],[0.177257,-0.982468,0.0577655],[0.055122,0.0685136,0.996126]],"s":951.01,"t":[-6325.94,-28091.1,26341.2],"timestamp":28352913048},
{"hands":[],"id":101563,"pointables":[],"r":[[-0.98262,-0.173386,0.0663001],[0.177257,-0.982468,0.0577655],[0.055122,0.0685136,0.996126]],"s":951.01,"t":[-6325.94,-28091.1,26341.2],"timestamp":28352922516},
{"hands":[],"id":101565,"pointables":[],"r":[[-0.98262,-0.173386,0.0663001],[0.177257,-0.982468,0.0577655],[0.055122,0.0685136,0.996126]],"s":951.01,"t":[-6325.94,-28091.1,26341.2],"timestamp":28352931864},
{"hands":[],"id":101567,"pointables":[],"r":[[-0.98262,-0.173386,0.0663001],[0.177257,-0.982468,0.0577655],[0.055122,0.0685136,0.996126]],"s":951.01,"t":[-6325.94,-28091.1,26341.2],"timestamp":28352941188},
{"hands":[],"id":101569,"pointables":[],"r":[[-0.98262,-0.173386,0.0663001],[0.177257,-0.982468,0.0577655],[0.055122,0.0685136,0.996126]],"s":951.01,"t":[-6325.94,-28091.1,26341.2],"timestamp":28352950505},
{"hands":[],"id":101571,"pointables":[],"r":[[-0.98262,-0.173386,0.0663001],[0.177257,-0.982468,0.0577655],[0.055122,0.0685136,0.996126]],"s":951.01,"t":[-6325.94,-28091.1,26341.2],"timestamp":28352959870},
{"hands":[],"id":101573,"pointables":[],"r":[[-0.98262,-0.173386,0.0663001],[0.177257,-0.982468,0.0577655],[0.055122,0.0685136,0.996126]],"s":951.01,"t":[-6325.94,-28091.1,26341.2],"timestamp":28352969114},
{"hands":[],"id":101575,"pointables":[],"r":[[-0.98262,-0.173386,0.0663001],[0.177257,-0.982468,0.0577655],[0.055122,0.0685136,0.996126]],"s":951.01,"t":[-6325.94,-28091.1,26341.2],"timestamp":28352978504},
{"hands":[],"id":101577,"pointables":[],"r":[[-0.98262,-0.173386,0.0663001],[0.177257,-0.982468,0.0577655],[0.055122,0.0685136,0.996126]],"s":951.01,"t":[-6325.94,-28091.1,26341.2],"timestamp":28352987959},
{"hands":[],"id":101579,"pointables":[],"r":[[-0.98262,-0.173386,0.0663001],[0.177257,-0.982468,0.0577655],[0.055122,0.0685136,0.996126]],"s":951.01,"t":[-6325.94,-28091.1,26341.2],"timestamp":28352997189},
{"hands":[],"id":101581,"pointables":[],"r":[[-0.98262,-0.173386,0.0663001],[0.177257,-0.982468,0.0577655],[0.055122,0.0685136,0.996126]],"s":951.01,"t":[-6325.94,-28091.1,26341.2],"timestamp":28353006577},
{"hands":[],"id":101583,"pointables":[],"r":[[-0.98262,-0.173386,0.0663001],[0.177257,-0.982468,0.0577655],[0.055122,0.0685136,0.996126]],"s":951.01,"t":[-6325.94,-28091.1,26341.2],"timestamp":28353016003},
{"hands":[],"id":101585,"pointables":[],"r":[[-0.98262,-0.173386,0.0663001],[0.177257,-0.982468,0.0577655],[0.055122,0.0685136,0.996126]],"s":951.01,"t":[-6325.94,-28091.1,26341.2],"timestamp":28353025281},
{"hands":[],"id":101587,"pointables":[],"r":[[-0.98262,-0.173386,0.0663001],[0.177257,-0.982468,0.0577655],[0.055122,0.0685136,0.996126]],"s":951.01,"t":[-6325.94,-28091.1,26341.2],"timestamp":28353034521},
{"hands":[],"id":101589,"pointables":[],"r":[[-0.98262,-0.173386,0.0663001],[0.177257,-0.982468,0.0577655],[0.055122,0.0685136,0.996126]],"s":951.01,"t":[-6325.94,-28091.1,26341.2],"timestamp":28353043936},
{"hands":[],"id":101591,"pointables":[],"r":[[-0.98262,-0.173386,0.0663001],[0.177257,-0.982468,0.0577655],[0.055122,0.0685136,0.996126]],"s":951.01,"t":[-6325.94,-28091.1,26341.2],"timestamp":28353053357},
{"hands":[{"direction":[-0.333352,0.128422,-0.757514],"id":11,"palmNormal":[0.328071,-0.653485,-0.269044],"palmPosition":[-106.383,191.369,145.006],"palmVelocity":[-626.904,361.741,-789.862],"r":[[1,0,0],[0,1,0],[0,0,1]],"s":1,"sphereCenter":[-98.3924,146.039,186.861],"sphereRadius":90.9959,"t":[0,0,0]}],"id":101593,"pointables":[],"r":[[-0.98262,-0.173386,0.0663001],[0.177257,-0.982468,0.0577655],[0.055122,0.0685136,0.996126]],"s":951.01,"t":[-6327.11,-28090.4,26339.7],"timestamp":28353062716},
{"hands":[{"direction":[-0.373969,0.062964,-0.75881],"id":11,"palmNormal":[0.242776,-0.710827,-0.129574],"palmPosition":[-108.751,197.587,145.869],"palmVelocity":[-254.03,666.866,92.5048],"r":[[1,0,0],[0,1,0],[0,0,1]],"s":1,"sphereCenter":[-102.997,154.231,182.395],"sphereRadius":88.629,"t":[-0.473715,1.24357,0.172503]}],"id":101595,"pointables":[],"r":[[-0.98262,-0.173386,0.0663001],[0.177257,-0.982468,0.0577655],[0.055122,0.0685136,0.996126]],"s":951.01,"t":[-6328.53,-28088.6,26338.7],"timestamp":28353072040},
{"hands":[{"direction":[-0.444369,0.0993694,-0.717447],"id":11,"palmNormal":[0.272802,-0.638771,-0.281598],"palmPosition":[-107.237,201.388,143.614],"palmVelocity":[161.735,405.945,-240.841],"r":[[1,0,0],[0,1,0],[0,0,1]],"s":1,"sphereCenter":[-108.729,162.197,179.635],"sphereRadius":86.5911,"t":[-0.549822,2.9986,-0.140493]}],"id":101597,"pointables":[],"r":[[-0.98262,-0.173386,0.0663001],[0.177257,-0.982468,0.0577655],[0.055122,0.0685136,0.996126]],"s":951.01,"t":[-6329.35,-28086.4,26337.4],"timestamp":28353081403},
{"hands":[{"direction":[-0.484733,0.129479,-0.706875],"id":11,"palmNormal":[0.284192,-0.647377,-0.361198],"palmPosition":[-105.98,205.528,141.829],"palmVelocity":[134.403,442.758,-190.947],"r":[[1,0,0],[0,1,0],[0,0,1]],"s":1,"sphereCenter":[-113.299,171.168,176.163],"sphereRadius":84.1659,"t":[-0.359402,5.2305,-0.747921]}],"id":101599,"pointables":[],"r":[[-0.98262,-0.173386,0.0663001],[0.177257,-0.982468,0.0577655],[0.055122,0.0685136,0.996126]],"s":951.01,"t":[-6329.76,-28083.9,26336.1],"timestamp":28353090752},
{"hands":[{"direction":[-0.513489,0.15406,-0.703351],"id":11,"palmNormal":[0.28847,-0.665756,-0.413323],"palmPosition":[-107.976,209.475,137.596],"palmVelocity":[-217.705,430.529,-461.605],"r":[[1,0,0],[0,1,0],[0,0,1]],"s":1,"sphereCenter":[-116.855,177.314,169.941],"sphereRadius":81.2833,"t":[-0.606292,7.80551,-2.08035]}],"id":101601,"pointables":[],"r":[[-0.98262,-0.173386,0.0663001],[0.177257,-0.982468,0.0577655],[0.055122,0.0685136,0.996126]],"s":951.01,"t":[-6330.49,-28081,26334.1],"timestamp":28353099921},
{"hands":[{"direction":[-0.53722,0.154696,-0.707058],"id":11,"palmNormal":[0.297955,-0.69638,-0.427889],"palmPosition":[-97.66,211.89,142.575],"palmVelocity":[1111.08,260.146,536.18],"r":[[1,0,0],[0,1,0],[0,0,1]],"s":1,"sphereCenter":[-116.018,184.419,165.203],"sphereRadius":79.4877,"t":[1.25946,10.3486,-2.15062]}],"id":101603,"pointables":[],"r":[[-0.98262,-0.173386,0.0663001],[0.177257,-0.982468,0.0577655],[0.055122,0.0685136,0.996126]],"s":951.01,"t":[-6329.01,-28078.2,26333.6],"timestamp":28353109206},
{"hands":[{"direction":[-0.565613,0.156215,-0.701598],"id":11,"palmNormal":[0.317807,-0.697808,-0.46309],"palmPosition":[-83.3601,213.303,151.22],"palmVelocity":[1524.02,150.494,921.33],"r":[[1,0,0],[0,1,0],[0,0,1]],"s":1,"sphereCenter":[-116.397,206.256,170.883],"sphereRadius":86.3891,"t":[5.61205,12.6655,-0.477856]}],"id":101605,"pointables":[],"r":[[-0.98262,-0.173386,0.0663001],[0.177257,-0.982468,0.0577655],[0.055122,0.0685136,0.996126]],"s":951.01,"t":[-6324.96,-28075.7,26334.9],"timestamp":28353118589},
{"hands":[{"direction":[-0.586781,0.169329,-0.696378],"id":11,"palmNormal":[0.380103,-0.607439,-0.522715],"palmPosition":[-71.2073,213.803,158.415],"palmVelocity":[1274.82,52.4458,754.763],"r":[[1,0,0],[0,1,0],[0,0,1]],"s":1,"sphereCenter":[-112.4,213.413,168.691],"sphereRadius":82.3002,"t":[11.5247,14.619,2.29938]}],"id":101607,"pointables":[],"r":[[-0.98262,-0.173386,0.0663001],[0.177257,-0.982468,0.0577655],[0.055122,0.0685136,0.996126]],"s":951.01,"t":[-6319.3,-28073.6,26337.3],"timestamp":28353128122},
{"hands":[],"id":101609,"pointables":[],"r":[[-0.98262,-0.173386,0.0663001],[0.177257,-0.982468,0.0577655],[0.055122,0.0685136,0.996126]],"s":951.01,"t":[-6314.77,-28072,26339.3],"timestamp":28353137405},
{"hands":[],"id":101611,"pointables":[],"r":[[-0.98262,-0.173386,0.0663001],[0.177257,-0.982468,0.0577655],[0.055122,0.0685136,0.996126]],"s":951.01,"t":[-6311.14,-28070.6,26340.9],"timestamp":28353146674},
{"hands":[],"id":101613,"pointables":[],"r":[[-0.98262,-0.173386,0.0663001],[0.177257,-0.982468,0.0577655],[0.055122,0.0685136,0.996126]],"s":951.01,"t":[-6308.24,-28069.6,26342.2],"timestamp":28353156148},
{"hands":[{"direction":[-0.603527,0.17881,-0.693732],"id":11,"palmNormal":[0.370906,-0.633565,-0.538044],"palmPosition":[-73.912,217.74,154.163],"palmVelocity":[-72.6742,105.806,-114.252],"r":[[1,0,0],[0,1,0],[0,0,1]],"s":1,"sphereCenter":[-114.366,237.893,169.939],"sphereRadius":92.4508,"t":[0,0,0]}],"id":101615,"pointables":[],"r":[[-0.98262,-0.173386,0.0663001],[0.177257,-0.982468,0.0577655],[0.055122,0.0685136,0.996126]],"s":951.01,"t":[-6306.46,-28067.9,26342.3],"timestamp":28353165339},
{"hands":[],"id":101617,"pointables":[],"r":[[-0.98262,-0.173386,0.0663001],[0.177257,-0.982468,0.0577655],[0.055122,0.0685136,0.996126]],"s":951.01,"t":[-6305.03,-28066.6,26342.4],"timestamp":28353174766},
{"hands":[],"id":101619,"pointables":[],"r":[[-0.98262,-0.173386,0.0663001],[0.177257,-0.982468,0.0577655],[0.055122,0.0685136,0.996126]],"s":951.01,"t":[-6303.89,-28065.5,26342.6],"timestamp":28353184112},
{"hands":[{"direction":[-0.590223,0.191622,-0.712314],"id":11,"palmNormal":[0.270983,-0.705112,-0.476261],"palmPosition":[-116.357,230.93,100.108],"palmVelocity":[-1504.82,467.612,-1916.43],"r":[[1,0,0],[0,1,0],[0,0,1]],"s":1,"sphereCenter":[-123.64,242.566,145.515],"sphereRadius":84.7561,"t":[0,0,0]}],"id":101621,"pointables":[],"r":[[-0.98262,-0.173386,0.0663001],[0.177257,-0.982468,0.0577655],[0.055122,0.0685136,0.996126]],"s":951.01,"t":[-6311.47,-28062.1,26331.8],"timestamp":28353193545},
{"hands":[{"direction":[-0.581988,0.192809,-0.72889],"id":11,"palmNormal":[0.210083,-0.763986,-0.42265],"palmPosition":[-138.727,240.284,66.9189],"palmVelocity":[-2413.66,1009.28,-3581.04],"r":[[1,0,0],[0,1,0],[0,0,1]],"s":1,"sphereCenter":[-133.726,247.53,122.865],"sphereRadius":78.4973,"t":[-4.47397,1.8708,-6.63782]}],"id":101623,"pointables":[],"r":[[-0.98262,-0.173386,0.0663001],[0.177257,-0.982468,0.0577655],[0.055122,0.0685136,0.996126]],"s":951.01,"t":[-6322.01,-28057.4,26316.6],"timestamp":28353202813},
{"hands":[{"direction":[-0.564611,0.19039,-0.749906],"id":11,"palmNormal":[0.191867,-0.806318,-0.387845],"palmPosition":[-144.729,243.752,51.8597],"palmVelocity":[-642.24,371.074,-1611.3],"r":[[1,0,0],[0,1,0],[0,0,1]],"s":1,"sphereCenter":[-141.394,250.624,104.296],"sphereRadius":73.3561,"t":[-9.25362,4.06105,-14.9599]}],"id":101625,"pointables":[],"r":[[-0.98262,-0.173386,0.0663001],[0.177257,-0.982468,0.0577655],[0.055122,0.0685136,0.996126]],"s":951.01,"t":[-6331.64,-28053,26301.4],"timestamp":28353212159},
{"hands":[{"direction":[-0.546376,0.19671,-0.767547],"id":11,"palmNormal":[0.190877,-0.831307,-0.378046],"palmPosition":[-137.817,241.687,65.1992],"palmVelocity":[743.102,-221.954,1434.05],"r":[[1,0,0],[0,1,0],[0,0,1]],"s":1,"sphereCenter":[-139.716,249.513,91.9198],"sphereRadius":68.4092,"t":[-11.6949,5.40032,-18.9497]}],"id":101627,"pointables":[],"r":[[-0.98262,-0.173386,0.0663001],[0.177257,-0.982468,0.0577655],[0.055122,0.0685136,0.996126]],"s":951.01,"t":[-6337.96,-28049.9,26291.9],"timestamp":28353221461},
{"hands":[{"direction":[-0.542108,0.212772,-0.772582],"id":11,"palmNormal":[0.148498,-0.854376,-0.372059],"palmPosition":[-139.156,241.985,71.4462],"palmVelocity":[-141.235,31.3417,658.542],"r":[[1,0,0],[0,1,0],[0,0,1]],"s":1,"sphereCenter":[-141.92,256.328,87.0255],"sphereRadius":67.5605,"t":[-10.4634,4.8016,-16.8586]}],"id":101629,"pointables":[{"direction":[-0.470683,0.332529,-0.817241],"handId":11,"id":9,"length":65.9337,"tipPosition":[-167.015,261.909,-15.3796],"tipVelocity":[516.993,-267.417,861.468],"tool":false}],"r":[[-0.98262,-0.173386,0.0663001],[0.177257,-0.982468,0.0577655],[0.055122,0.0685136,0.996126]],"s":951.01,"t":[-6338.67,-28049.6,26291.3],"timestamp":28353230947},
{"hands":[{"direction":[-0.52994,0.203316,-0.78807],"id":11,"palmNormal":[0.270836,-0.783057,-0.392834],"palmPosition":[-155.36,236.062,37.5421],"palmVelocity":[-1749.6,-639.527,-3660.95],"r":[[1,0,0],[0,1,0],[0,0,1]],"s":1,"sphereCenter":[-155.104,252.304,74.5415],"sphereRadius":69.1926,"t":[-12.2459,8.35993,-21.5415]}],"id":101631,"pointables":[{"direction":[-0.336702,0.458329,-0.822537],"handId":11,"id":9,"length":66.8289,"tipPosition":[-171.812,269.624,-26.8364],"tipVelocity":[-517.912,833.104,-1237.1],"tool":false}],"r":[[-0.98262,-0.173386,0.0663001],[0.177257,-0.982468,0.0577655],[0.055122,0.0685136,0.996126]],"s":951.01,"t":[-6341.42,-28045.6,26285.2],"timestamp":28353240208},
{"hands":[{"direction":[-0.509895,0.193994,-0.806115],"id":11,"palmNormal":[0.306992,-0.795216,-0.377991],"palmPosition":[-153.22,237.33,34.2952],"palmVelocity":[228.702,135.568,-347.048],"r":[[1,0,0],[0,1,0],[0,0,1]],"s":1,"sphereCenter":[-156.673,252.152,61.4294],"sphereRadius":65.836,"t":[-14.8387,11.3187,-30.0554]}],"id":101633,"pointables":[{"direction":[-0.368869,0.227913,-0.901106],"handId":11,"id":9,"length":66.006,"tipPosition":[-175.215,271.983,-39.1814],"tipVelocity":[-363.745,252.159,-1319.47],"tool":false}],"r":[[-0.98262,-0.173386,0.0663001],[0.177257,-0.982468,0.0577655],[0.055122,0.0685136,0.996126]],"s":951.01,"t":[-6344.5,-28042.4,26276],"timestamp":28353249564},
{"hands":[{"direction":[-0.487162,0.177626,-0.824841],"id":11,"palmNormal":[0.325167,-0.815816,-0.347054],"palmPosition":[-155.757,236.887,28.9933],"palmVelocity":[-273.105,-47.7223,-570.643],"r":[[1,0,0],[0,1,0],[0,0,1]],"s":1,"sphereCenter":[-160.064,250.049,49.5247],"sphereRadius":62.3778,"t":[-16.9068,11.3046,-38.5157]}],"id":101635,"pointables":[{"direction":[-0.32161,-0.0138971,-0.94677],"handId":11,"id":9,"length":65.6963,"tipPosition":[-176.758,268.996,-47.5879],"tipVelocity":[-166.126,-321.49,-904.803],"tool":false}],"r":[[-0.98262,-0.173386,0.0663001],[0.177257,-0.982468,0.0577655],[0.055122,0.0685136,0.996126]],"s":951.01,"t":[-6346.81,-28042.3,26267.2],"timestamp":28353258855},
{"hands":[{"direction":[-0.467496,0.167348,-0.84046],"id":11,"palmNormal":[0.328647,-0.835939,-0.323938],"palmPosition":[-155.672,234.625,32.3544],"palmVelocity":[9.06314,-239.752,356.234],"r":[[1,0,0],[0,1,0],[0,0,1]],"s":1,"sphereCenter":[-159.275,247.648,41.8861],"sphereRadius":59.587,"t":[-18.0211,9.59374,-41.9789]}],"id":101637,"pointables":[{"direction":[-0.271076,-0.0367352,-0.961857],"handId":11,"id":9,"length":64.8135,"tipPosition":[-176.919,265.589,-46.0542],"tipVelocity":[-17.0005,-361.168,162.557],"tool":false}],"r":[[-0.98262,-0.173386,0.0663001],[0.177257,-0.982468,0.0577655],[0.055122,0.0685136,0.996126]],"s":951.01,"t":[-6348.04,-28043.9,26263.6],"timestamp":28353268290},
{"hands":[{"direction":[-0.448099,0.145487,-0.855652],"id":11,"palmNormal":[0.377585,-0.828494,-0.301901],"palmPosition":[-160.523,231.686,20.6511],"palmVelocity":[-528.954,-320.419,-1275.98],"r":[[1,0,0],[0,1,0],[0,0,1]],"s":1,"sphereCenter":[-161.754,244.664,32.2154],"sphereRadius":57.5203,"t":[-19.621,5.80698,-47.5766]}],"id":101639,"pointables":[{"direction":[-0.268147,-0.155419,-0.950759],"handId":11,"id":9,"length":64.8459,"tipPosition":[-179.004,259.726,-53.7863],"tipVelocity":[-227.374,-639.191,-843.013],"tool":false}],"r":[[-0.98262,-0.173386,0.0663001],[0.177257,-0.982468,0.0577655],[0.055122,0.0685136,0.996126]],"s":951.01,"t":[-6349.7,-28047.7,26257.9],"timestamp":28353277462},
{"hands":[{"direction":[-0.433918,0.130043,-0.867568],"id":11,"palmNormal":[0.411234,-0.824603,-0.288869],"palmPosition":[-164.907,229.008,13.2839],"palmVelocity":[-466.082,-284.705,-783.241],"r":[[1,0,0],[0,1,0],[0,0,1]],"s":1,"sphereCenter":[-161.81,242.455,22.025],"sphereRadius":55.8692,"t":[-21.7147,0.251603,-53.3944]}],"id":101641,"pointables":[{"direction":[-0.256452,-0.0897384,-0.962382],"handId":11,"id":9,"length":63.5994,"tipPosition":[-181.592,252.402,-59.8241],"tipVelocity":[-275.095,-778.652,-641.914],"tool":false}],"r":[[-0.98262,-0.173386,0.0663001],[0.177257,-0.982468,0.0577655],[0.055122,0.0685136,0.996126]],"s":951.01,"t":[-6351.83,-28053.2,26252],"timestamp":28353286868},
{"hands":[{"direction":[-0.409447,0.12819,-0.880833],"id":11,"palmNormal":[0.46887,-0.793251,-0.286595],"palmPosition":[-168.072,225.276,8.3359],"palmVelocity":[-340.586,-401.615,-532.506],"r":[[1,0,0],[0,1,0],[0,0,1]],"s":1,"sphereCenter":[-160.841,240.378,12.6944],"sphereRadius":55.8266,"t":[-24.0443,-6.33214,-58.2163]}],"id":101643,"pointables":[{"direction":[-0.193248,-0.180382,-0.964426],"handId":11,"id":9,"length":62.2421,"tipPosition":[-184.157,244.79,-63.6503],"tipVelocity":[-276.094,-819.212,-411.765],"tool":false}],"r":[[-0.98262,-0.173386,0.0663001],[0.177257,-0.982468,0.0577655],[0.055122,0.0685136,0.996126]],"s":951.01,"t":[-6354.17,-28059.8,26247.2],"timestamp":28353296160},
{"hands":[{"direction":[-0.400483,0.104003,-0.889213],"id":11,"palmNormal":[0.537039,-0.741089,-0.28455],"palmPosition":[-170.365,219.688,3.09276],"palmVelocity":[-242.284,-590.416,-554.009],"r":[[1,0,0],[0,1,0],[0,0,1]],"s":1,"sphereCenter":[-161.608,236.869,5.0637],"sphereRadius":55.1408,"t":[-26.7171,-13.6421,-62.1243]}],"id":101645,"pointables":[{"direction":[-0.193891,-0.175099,-0.96527],"handId":11,"id":9,"length":61.3304,"tipPosition":[-187.173,236.754,-66.6443],"tipVelocity":[-318.68,-849.134,-316.358],"tool":false}],"r":[[-0.98262,-0.173386,0.0663001],[0.177257,-0.982468,0.0577655],[0.055122,0.0685136,0.996126]],"s":951.01,"t":[-6356.85,-28067.1,26243.3],"timestamp":28353305624},
{"hands":[{"direction":[-0.388755,0.0749039,-0.897214],"id":11,"palmNormal":[0.601762,-0.685304,-0.276104],"palmPosition":[-170.955,212.375,2.19749],"palmVelocity":[-63.1201,-782.513,-95.7911],"r":[[1,0,0],[0,1,0],[0,0,1]],"s":1,"sphereCenter":[-165.709,231.47,-0.290453],"sphereRadius":54.5197,"t":[-29.9026,-21.7372,-65.2549]}],"id":101647,"pointables":[{"direction":[-0.172562,-0.212848,-0.961727],"handId":11,"id":9,"length":58.886,"tipPosition":[-190.872,227.874,-68.9975],"tipVelocity":[-395.706,-950.157,-251.787],"tool":false}],"r":[[-0.98262,-0.173386,0.0663001],[0.177257,-0.982468,0.0577655],[0.055122,0.0685136,0.996126]],"s":951.01,"t":[-6360.04,-28075.2,26240.1],"timestamp":28353314970},
{"hands":[{"direction":[-0.352507,0.0599561,-0.910931],"id":11,"palmNormal":[0.61213,-0.699615,-0.234964],"palmPosition":[-170.791,204.517,3.94511],"palmVelocity":[18.0251,-861.981,191.709],"r":[[1,0,0],[0,1,0],[0,0,1]],"s":1,"sphereCenter":[-171.965,225.353,-3.26441],"sphereRadius":55.1212,"t":[-33.7271,-25.7761,-68.427]}],"id":101649,"pointables":[{"direction":[-0.150415,-0.143169,-0.978201],"handId":11,"id":9,"length":54.6104,"tipPosition":[-195.335,227.891,-72.2112],"tipVelocity":[-489.63,1.88955,-352.533],"tool":false}],"r":[[-0.98262,-0.173386,0.0663001],[0.177257,-0.982468,0.0577655],[0.055122,0.0685136,0.996126]],"s":951.01,"t":[-6363.87,-28079.3,26237],"timestamp":28353324086},
{"hands":[{"direction":[-0.347361,0.0267261,-0.914339],"id":11,"palmNormal":[0.599121,-0.727299,-0.195199],"palmPosition":[-168.831,198.517,11.5317],"palmVelocity":[208.704,-638.968,807.941],"r":[[1,0,0],[0,1,0],[0,0,1]],"s":1,"sphereCenter":[-177.859,218.867,-5.92356],"sphereRadius":55.4853,"t":[-37.6527,-29.7906,-71.2713]}],"id":101651,"pointables":[{"direction":[-0.151994,-0.0956867,-0.983739],"handId":11,"id":9,"length":50.5745,"tipPosition":[-199.362,223.901,-74.7276],"tipVelocity":[-428.829,-424.917,-267.992],"tool":false}],"r":[[-0.98262,-0.173386,0.0663001],[0.177257,-0.982468,0.0577655],[0.055122,0.0685136,0.996126]],"s":951.01,"t":[-6367.79,-28083.3,26234.1],"timestamp":28353333476},
{"hands":[{"direction":[-0.36726,0.00173032,-0.906998],"id":11,"palmNormal":[0.651663,-0.636868,-0.243195],"palmPosition":[-173.103,195.152,4.86953],"palmVelocity":[-447.065,-352.111,-697.097],"r":[[1,0,0],[0,1,0],[0,0,1]],"s":1,"sphereCenter":[-177.835,215.726,-10.5288],"sphereRadius":56.9399,"t":[-42.5085,-29.5486,-71.6245]}],"id":101653,"pointables":[{"direction":[-0.0630216,-0.189074,-0.979938],"handId":11,"id":9,"length":50.6368,"tipPosition":[-205.148,228.399,-72.5896],"tipVelocity":[-605.413,470.695,223.71],"tool":false}],"r":[[-0.98262,-0.173386,0.0663001],[0.177257,-0.982468,0.0577655],[0.055122,0.0685136,0.996126]],"s":951.01,"t":[-6372.65,-28083,26233.8],"timestamp":28353343033},
{"hands":[{"direction":[-0.382312,-0.0123457,-0.902763],"id":11,"palmNormal":[0.620542,-0.68016,-0.229599],"palmPosition":[-180.008,192.442,1.99196],"palmVelocity":[-748.768,-293.904,-312.066],"r":[[0.997811,-0.0645034,-0.0146013],[0.0652838,0.995973,0.0614454],[0.0105791,-0.0622641,0.998004]],"s":1.19167,"sphereCenter":[-184.724,211.878,-11.9493],"sphereRadius":57.4141,"t":[-47.0122,-36.7363,-70.971]}],"id":101655,"pointables":[{"direction":[-0.132214,-0.026674,-0.990862],"handId":11,"id":14,"length":43.4134,"tipPosition":[-221.763,198.039,-83.9202],"tipVelocity":[-318.298,-3151.36,207.531],"tool":false},{"direction":[-0.0200777,-0.231527,-0.972621],"handId":11,"id":9,"length":45.9716,"tipPosition":[-210.516,228.223,-71.1831],"tipVelocity":[-582.179,-19.1066,152.533],"tool":false}],"r":[[-0.992524,-0.112241,0.0479349],[0.11737,-0.985479,0.122705],[0.0334664,0.127413,0.991285]],"s":951.202,"t":[-6377.15,-28090.2,26234.4],"timestamp":28353352254},
{"hands":[{"direction":[-0.367082,-0.0338286,-0.909324],"id":11,"palmNormal":[0.551608,-0.736315,-0.167428],"palmPosition":[-179.007,187.922,10.9387],"palmVelocity":[104.991,-474.127,938.406],"r":[[0.992886,-0.115394,-0.0293502],[0.117936,0.987015,0.109053],[0.0163849,-0.111739,0.993603]],"s":1.32959,"sphereCenter":[-188.303,212.983,-15.5651],"sphereRadius":60.6339,"t":[-51.3017,-50.4932,-70.1045]}],"id":101657,"pointables":[{"direction":[0.245892,-0.221057,-0.943754],"handId":11,"id":14,"length":41.7652,"tipPosition":[-225.838,177.713,-82.8407],"tipVelocity":[-427.458,-2131.95,113.227],"tool":false}],"r":[[-0.997514,-0.0637385,0.0300392],[0.0679897,-0.982607,0.172801],[0.0185027,0.174413,0.984499]],"s":951.34,"t":[-6381.44,-28104,26235.3],"timestamp":28353361788},
{"hands":[{"direction":[-0.379746,-0.0679442,-0.9007],"id":11,"palmNormal":[0.505791,-0.776768,-0.109524],"palmPosition":[-173.851,184.226,21.7722],"palmVelocity":[563.945,-404.229,1185.03],"r":[[0.986905,-0.155459,-0.0430155],[0.160141,0.976247,0.145935],[0.0193067,-0.150913,0.988358]],"s":1.42809,"sphereCenter":[-188.159,209.069,-16.1753],"sphereRadius":60.8039,"t":[-50.2787,-70.6063,-64.5792]}],"id":101659,"pointables":[{"direction":[0.499512,-0.403435,-0.766634],"handId":11,"id":14,"length":41.8949,"tipPosition":[-219.502,151.244,-72.6566],"tipVelocity":[693.021,-2895.36,1113.99],"tool":false},{"direction":[0.372732,-0.201423,-0.905814],"handId":6,"id":2,"length":37.8551,"tipPosition":[-320.648,246.884,-24.9772],"tipVelocity":[241.031,-690.474,109.93],"tool":false}],"r":[[-0.999072,-0.0425383,0.00682808],[0.0429743,-0.972724,0.227952],[-0.00305484,0.228034,0.973648]],"s":951.461,"t":[-6381.45,-28119.1,26238.5],"timestamp":28353370930},
{"hands":[{"direction":[-0.380827,-0.100119,-0.897041],"id":11,"palmNormal":[0.47399,-0.806222,-0.05772],"palmPosition":[-170.579,180.446,25.2993],"palmVelocity":[350.808,-405.184,378.073],"r":[[0.980814,-0.187002,-0.0550866],[0.193862,0.965372,0.174568],[0.0205345,-0.181898,0.983103]],"s":1.49805,"sphereCenter":[-187.772,199.848,-14.8609],"sphereRadius":59.2361,"t":[-47.0812,-87.1581,-57.1541]}],"id":101661,"pointables":[{"direction":[0.481983,-0.535263,-0.693675],"handId":11,"id":14,"length":41.0258,"tipPosition":[-214.13,138.253,-63.3316],"tipVelocity":[575.83,-1392.47,999.571],"tool":false},{"direction":[0.537339,-0.254808,-0.803953],"handId":6,"id":2,"length":36.394,"tipPosition":[-317.677,239.056,-23.4398],"tipVelocity":[318.455,-839.136,164.789],"tool":false}],"r":[[-0.999322,-0.0310533,-0.0197885],[0.024299,-0.959911,0.279249],[-0.0276668,0.278579,0.960015]],"s":951.553,"t":[-6379.37,-28131.8,26242.8],"timestamp":28353380259},
{"hands":[{"direction":[-0.378249,-0.129723,-0.894665],"id":11,"palmNormal":[0.439755,-0.831042,-0.00747226],"palmPosition":[-169.919,177.17,24.1578],"palmVelocity":[69.8018,-346.479,-120.719],"r":[[0.975106,-0.211863,-0.0654415],[0.220761,0.955253,0.196865],[0.0208048,-0.206412,0.978244]],"s":1.54753,"sphereCenter":[-187.208,194.384,-15.1859],"sphereRadius":58.5372,"t":[-44.6391,-98.6044,-55.1785]}],"id":101663,"pointables":[{"direction":[0.691201,-0.562034,-0.454267],"handId":11,"id":14,"length":39.9796,"tipPosition":[-212.444,131.913,-66.8055],"tipVelocity":[178.388,-670.559,-367.377],"tool":false}],"r":[[-0.998876,-0.022911,-0.0414932],[0.0084847,-0.947706,0.319033],[-0.0466327,0.318323,0.946835]],"s":951.618,"t":[-6377.49,-28141.3,26243.3],"timestamp":28353389715},
{"hands":[{"direction":[-0.361639,-0.166863,-0.893149],"id":11,"palmNormal":[0.334938,-0.845182,0.0770294],"palmPosition":[-173.405,178.308,26.0389],"palmVelocity":[-371.091,121.07,200.21],"r":[[0.970007,-0.231489,-0.0741556],[0.242205,0.946265,0.21429],[0.0205651,-0.225824,0.973951]],"s":1.58242,"sphereCenter":[-187.406,190.752,-16.6514],"sphereRadius":58.8376,"t":[-42.4916,-105.941,-54.8417]}],"id":101665,"pointables":[{"direction":[0.799737,-0.520597,-0.298999],"handId":11,"id":14,"length":32.5803,"tipPosition":[-210.591,128.685,-68.1075],"tipVelocity":[197.186,-343.528,-138.57],"tool":false}],"r":[[-0.998107,-0.0170649,-0.0590781],[-0.00470063,-0.93674,0.349995],[-0.0613134,0.349611,0.934887]],"s":951.663,"t":[-6375.62,-28147.7,26242.8],"timestamp":28353399111},
{"hands":[{"direction":[-0.342452,-0.201366,-0.891972],"id":11,"palmNormal":[0.260733,-0.856661,0.145184],"palmPosition":[-176.261,170.297,7.5364],"palmVelocity":[-308.978,-866.807,-2002.01],"r":[[0.965588,-0.247011,-0.0813934],[0.259299,0.93851,0.227953],[0.0200818,-0.241214,0.970264]],"s":1.60697,"sphereCenter":[-186.916,187.912,-19.2871],"sphereRadius":58.9582,"t":[-41.3448,-113.413,-58.2727]}],"id":101667,"pointables":[],"r":[[-0.99723,-0.0128135,-0.0732664],[-0.0155771,-0.927225,0.374181],[-0.072729,0.374286,0.924457]],"s":951.696,"t":[-6374.7,-28154.4,26238.8],"timestamp":28353408353},
{"hands":[{"direction":[-0.33489,-0.244132,-0.881309],"id":11,"palmNormal":[0.196881,-0.854194,0.222072],"palmPosition":[-181.515,172.943,10.6035],"palmVelocity":[-563.652,283.926,329.014],"r":[[0.961837,-0.259307,-0.0873494],[0.272928,0.931951,0.2387],[0.0195088,-0.253431,0.967157]],"s":1.62422,"sphereCenter":[-186.867,190.815,-22.3819],"sphereRadius":62.3632,"t":[-41.4782,-118.861,-60.4042]}],"id":101669,"pointables":[],"r":[[-0.996361,-0.00968344,-0.0846836],[-0.0244813,-0.919152,0.393143],[-0.081644,0.393785,0.91557]],"s":951.719,"t":[-6375.01,-28159.3,26236.2],"timestamp":28353417675},
{"hands":[{"direction":[-0.337363,-0.273714,-0.872717],"id":11,"palmNormal":[0.154672,-0.8585,0.27402],"palmPosition":[-183.479,174.003,12.6258],"palmVelocity":[-208.312,112.359,214.53],"r":[[0.958697,-0.269064,-0.092218],[0.283798,0.926478,0.247178],[0.0189313,-0.26314,0.964572]],"s":1.63633,"sphereCenter":[-187.467,193.731,-24.3347],"sphereRadius":65.7389,"t":[-41.9776,-123.008,-61.7049]}],"id":101671,"pointables":[],"r":[[-0.995559,-0.00735206,-0.0938545],[-0.0317308,-0.912405,0.408056],[-0.0886334,0.409222,0.90812]],"s":951.734,"t":[-6375.65,-28162.9,26234.5],"timestamp":28353427102},
{"hands":[{"direction":[-0.33559,-0.300932,-0.865868],"id":11,"palmNormal":[0.132877,-0.862618,0.313469],"palmPosition":[-177.36,174.498,19.2544],"palmVelocity":[648.509,52.5048,702.48],"r":[[0.956097,-0.276816,-0.0961781],[0.292471,0.921957,0.253883],[0.0183931,-0.270866,0.962441]],"s":1.64482,"sphereCenter":[-185.127,190.68,-23.091],"sphereRadius":64.969,"t":[-41.1533,-126.226,-61.4197]}],"id":101673,"pointables":[],"r":[[-0.994849,-0.00559699,-0.101212],[-0.0376093,-0.906827,0.419821],[-0.0941318,0.421465,0.901946]],"s":951.746,"t":[-6374.94,-28165.8,26234.4],"timestamp":28353436538},
{"hands":[{"direction":[-0.340354,-0.339657,-0.846997],"id":11,"palmNormal":[0.112562,-0.849912,0.370058],"palmPosition":[-174.61,174.483,19.3989],"palmVelocity":[302.216,-1.63476,15.8781],"r":[[0.953961,-0.282984,-0.0993871],[0.299394,0.918249,0.259195],[0.017914,-0.277018,0.960698]],"s":1.65077,"sphereCenter":[-182.635,184.54,-20.6543],"sphereRadius":64.5508,"t":[-28.4646,-136.816,-54.214]}],"id":101675,"pointables":[{"direction":[0.0969949,-0.376556,-0.921302],"handId":11,"id":2,"length":34.8156,"tipPosition":[-293.124,221.095,-9.31368],"tipVelocity":[375.568,-274.736,216.076],"tool":false}],"r":[[-0.994238,-0.00426309,-0.107111],[-0.0423615,-0.902252,0.429124],[-0.0984702,0.431189,0.896872]],"s":951.754,"t":[-6362.31,-28176.2,26241.5],"timestamp":28353445635},
{"hands":[{"direction":[-0.321873,-0.340524,-0.856619],"id":11,"palmNormal":[0.142479,-0.863218,0.353944],"palmPosition":[-164.095,170.554,3.9155],"palmVelocity":[1127.15,-421.172,-1659.7],"r":[[0.952216,-0.287895,-0.10198],[0.304922,0.915225,0.263413],[0.0174996,-0.281922,0.959278]],"s":1.65493,"sphereCenter":[-177.695,179.904,-21.1478],"sphereRadius":62.5073,"t":[-16.2106,-146.073,-51.5462]}],"id":101677,"pointables":[],"r":[[-0.993721,-0.00324074,-0.111837],[-0.0461944,-0.898519,0.436496],[-0.101902,0.438922,0.892728]],"s":951.759,"t":[-6350.1,-28185.3,26244],"timestamp":28353454964},
{"hands":[{"direction":[-0.371548,-0.372574,-0.802789],"id":11,"palmNormal":[0.114014,-0.820972,0.431989],"palmPosition":[-154.5,171.385,4.14915],"palmVelocity":[1010.65,87.4998,24.6106],"r":[[0.950798,-0.29181,-0.104071],[0.309338,0.912769,0.266765],[0.0171481,-0.285833,0.958126]],"s":1.65785,"sphereCenter":[-178.005,180.703,-14.6391],"sphereRadius":62.9939,"t":[-12.3434,-155.84,-41.774]}],"id":101679,"pointables":[{"direction":[-0.520567,-0.179629,-0.834711],"handId":11,"id":2,"length":35.9514,"tipPosition":[-297.643,210.819,7.56272],"tipVelocity":[-240.108,-545.916,896.584],"tool":false}],"r":[[-0.99329,-0.00245142,-0.115621],[-0.0492805,-0.895488,0.442349],[-0.104622,0.445079,0.889359]],"s":951.763,"t":[-6346.26,-28194.9,26253.7],"timestamp":28353464458},
{"hands":[{"direction":[-0.351028,-0.35452,-0.822543],"id":11,"palmNormal":[0.15865,-0.839626,0.380581],"palmPosition":[-149.27,169.183,-9.58659],"palmVelocity":[554.479,-233.454,-1456.29],"r":[[0.949648,-0.294932,-0.105754],[0.312866,0.91078,0.269434],[0.0168543,-0.288954,0.957195]],"s":1.6599,"sphereCenter":[-174.26,179.378,-17.379],"sphereRadius":61.9558,"t":[-8.2036,-164.094,-36.7035]}],"id":101681,"pointables":[],"r":[[-0.992934,-0.00183822,-0.118652],[-0.0517617,-0.893034,0.447002],[-0.106782,0.449985,0.886629]],"s":951.766,"t":[-6342.14,-28203.1,26258.7],"timestamp":28353473890},
{"hands":[{"direction":[-0.334227,-0.332932,-0.840705],"id":11,"palmNormal":[0.17271,-0.861907,0.337414],"palmPosition":[-145.158,169.78,-18.6305],"palmVelocity":[444.481,64.5888,-977.61],"r":[[0.948719,-0.297424,-0.107107],[0.315685,0.909174,0.27156],[0.0166111,-0.291446,0.956443]],"s":1.66133,"sphereCenter":[-169.447,176.152,-19.7486],"sphereRadius":60.8328,"t":[-4.06942,-170.577,-34.4558]}],"id":101683,"pointables":[],"r":[[-0.992642,-0.00135931,-0.121078],[-0.0537546,-0.891053,0.450706],[-0.108499,0.453898,0.884423]],"s":951.768,"t":[-6338.02,-28209.6,26261],"timestamp":28353483141},
{"hands":[{"direction":[-0.33682,-0.318099,-0.850079],"id":11,"palmNormal":[0.221036,-0.868321,0.285811],"palmPosition":[-136.773,172.316,-11.9537],"palmVelocity":[895.469,270.812,713.02],"r":[[0.947969,-0.299413,-0.108194],[0.317939,0.90788,0.273255],[0.0164113,-0.293436,0.955838]],"s":1.66233,"sphereCenter":[-164.372,174.825,-22.1794],"sphereRadius":59.8145,"t":[0.914957,-175.257,-31.3223]}],"id":101685,"pointables":[],"r":[[-0.992404,-0.000983633,-0.123019],[-0.055354,-0.889456,0.453656],[-0.109866,0.45702,0.882645]],"s":951.769,"t":[-6333.04,-28214.2,26264.1],"timestamp":28353492505},
{"hands":[{"direction":[-0.343154,-0.277927,-0.860311],"id":11,"palmNormal":[0.219036,-0.887834,0.224007],"palmPosition":[-130.911,175.058,-9.90032],"palmVelocity":[623.985,291.833,218.566],"r":[[0.947366,-0.301002,-0.109066],[0.31974,0.906839,0.274607],[0.0162481,-0.295026,0.955351]],"s":1.66304,"sphereCenter":[-160.753,176.221,-24.4338],"sphereRadius":59.6977,"t":[4.16004,-176.117,-31.2979]}],"id":101687,"pointables":[{"direction":[-0.143221,-0.222661,-0.964318],"handId":11,"id":19,"length":27.8207,"tipPosition":[-133.234,156.124,-75.9231],"tipVelocity":[160.274,314.95,-328.322],"tool":false}],"r":[[-0.99221,-0.000687853,-0.124573],[-0.0566367,-0.888171,0.456009],[-0.110956,0.459512,0.881214]],"s":951.77,"t":[-6329.81,-28215,26264.1],"timestamp":28353501900},
{"hands":[{"direction":[-0.345485,-0.265988,-0.867634],"id":11,"palmNormal":[0.230843,-0.899882,0.19957],"palmPosition":[-126.271,177.658,-9.84577],"palmVelocity":[499.538,279.85,5.87222],"r":[[0.946881,-0.302272,-0.109766],[0.321181,0.906002,0.275687],[0.0161155,-0.296297,0.95496]],"s":1.66353,"sphereCenter":[-155.189,174.207,-26.1841],"sphereRadius":59.6359,"t":[7.10003,-174.822,-32.8716]}],"id":101689,"pointables":[{"direction":[-0.156882,-0.228124,-0.96091],"handId":11,"id":19,"length":28.77,"tipPosition":[-130.599,159.575,-79.0951],"tipVelocity":[283.659,371.529,-341.476],"tool":false}],"r":[[-0.992053,-0.000454274,-0.125816],[-0.0576649,-0.887139,0.457886],[-0.111825,0.461503,0.880063]],"s":951.77,"t":[-6326.87,-28213.7,26262.5],"timestamp":28353511189},
{"hands":[{"direction":[-0.345501,-0.252391,-0.875345],"id":11,"palmNormal":[0.232079,-0.912046,0.179303],"palmPosition":[-121.718,180.138,-11.2868],"palmVelocity":[500.663,272.764,-158.462],"r":[[0.954083,-0.278569,-0.110116],[0.298614,0.91346,0.276442],[0.0235786,-0.296631,0.954701]],"s":1.66531,"sphereCenter":[-149.678,173.199,-28.0276],"sphereRadius":59.7101,"t":[10.524,-173.606,-35.0282]}],"id":101691,"pointables":[{"direction":[-0.154819,-0.230853,-0.960592],"handId":11,"id":19,"length":28.7186,"tipPosition":[-126.879,163.228,-82.5603],"tipVelocity":[409.087,401.649,-381.046],"tool":false},{"direction":[0.0870334,-0.218175,-0.972021],"handId":11,"id":12,"length":35.7074,"tipPosition":[-87.0752,163.193,-77.8191],"tipVelocity":[450.373,-151.771,-221.426],"tool":false}],"r":[[-0.992259,-0.025546,-0.121526],[-0.0334413,-0.887492,0.459609],[-0.119594,0.460115,0.879768]],"s":951.772,"t":[-6323.45,-28212.5,26260.3],"timestamp":28353520283},
{"hands":[{"direction":[-0.350406,-0.236593,-0.88073],"id":11,"palmNormal":[0.222535,-0.924466,0.160339],"palmPosition":[-117.654,182.753,-13.1775],"palmVelocity":[423.099,272.27,-196.841],"r":[[0.959418,-0.259486,-0.11038],[0.280434,0.919021,0.277052],[0.0295507,-0.296763,0.954494]],"s":1.66655,"sphereCenter":[-144.532,172.611,-30.0567],"sphereRadius":59.6822,"t":[14.5377,-171.14,-38.1546]}],"id":101693,"pointables":[{"direction":[-0.154575,-0.209925,-0.965421],"handId":11,"id":19,"length":27.2902,"tipPosition":[-122.276,166.945,-86.6565],"tipVelocity":[479.266,386.955,-426.461],"tool":false}],"r":[[-0.991958,-0.0456075,-0.118064],[-0.0140599,-0.887339,0.460902],[-0.125784,0.458856,0.879562]],"s":951.774,"t":[-6319.43,-28210.1,26257.2],"timestamp":28353529888},
{"hands":[{"direction":[-0.352796,-0.218993,-0.886654],"id":11,"palmNormal":[0.206988,-0.936026,0.142827],"palmPosition":[-113.951,185.417,-14.232],"palmVelocity":[398.607,286.768,-113.515],"r":[[0.957751,-0.278517,-0.0717031],[0.28742,0.918158,0.272718],[-0.0101218,-0.281805,0.959418]],"s":1.64982,"sphereCenter":[-139.76,172.695,-32.3758],"sphereRadius":59.582,"t":[14.9606,-166.794,-42.1711]}],"id":101695,"pointables":[{"direction":[-0.140196,-0.221451,-0.965041],"handId":11,"id":19,"length":26.8034,"tipPosition":[-123.339,173.169,-91.5631],"tipVelocity":[-114.497,670.046,-528.163],"tool":false},{"direction":[-0.113337,-0.443138,-0.88926],"handId":11,"id":9,"length":26.1064,"tipPosition":[-153.368,178.159,-90.3676],"tipVelocity":[-518.622,-70.7999,655.164],"tool":false},{"direction":[0.0433974,-0.283958,-0.957854],"handId":11,"id":12,"length":37.5285,"tipPosition":[-90.243,170.228,-87.1487],"tipVelocity":[-167.655,372.321,-493.763],"tool":false}],"r":[[-0.996265,-0.0195092,-0.0841141],[-0.0211554,-0.889301,0.456832],[-0.0837152,0.456905,0.885567]],"s":951.757,"t":[-6319.01,-28205.7,26253.2],"timestamp":28353539178},
