[
{"hands":[{"direction":[-0.144031,0.91335,0.332999],"id":1,"palmNormal":[-0.0116122,0.367864,-0.924022],"palmPosition":[1.97064,277.201,300.654],"palmVelocity":[-35.1501,-8.87844,12.2977],"r":[[1,0,0],[0,1,0],[0,0,1]],"s":1,"sphereCenter":[-17.8156,282.372,297.271],"sphereRadius":114.292,"t":[-0.0612526,-0.0154716,0.02143]}],"id":27868,"pointables":[],"r":[[-0.135676,0.485168,-0.863831],[-0.89182,-0.439598,-0.106826],[-0.431567,0.755888,0.492325]],"s":263.377,"t":[2863.24,-2957,3480.76],"timestamp":23800554260},
{"hands":[{"direction":[-0.137269,0.898214,0.371773],"id":1,"palmNormal":[-0.0153135,0.418571,-0.899193],"palmPosition":[6.20958,279.197,299.989],"palmVelocity":[498.465,234.716,-78.106],"r":[[1,0,0],[0,1,0],[0,0,1]],"s":1,"sphereCenter":[-18.6537,298.947,276.549],"sphereRadius":123.391,"t":[0.737534,0.371357,-0.0942688]}],"id":27869,"pointables":[],"r":[[-0.135676,0.485168,-0.863831],[-0.89182,-0.439598,-0.106826],[-0.431567,0.755888,0.492325]],"s":263.377,"t":[2864.31,-2956.37,3480.92],"timestamp":23800562764},
{"hands":[{"direction":[-0.164852,0.908449,0.301374],"id":1,"palmNormal":[-0.026807,0.292573,-0.925967],"palmPosition":[-4.13136,269.366,296.569],"palmVelocity":[-1202.71,-1143.34,-397.769],"r":[[1,0,0],[0,1,0],[0,0,1]],"s":1,"sphereCenter":[-18.8677,266.191,293.364],"sphereRadius":131.258,"t":[-0.691625,-1.28527,-0.870831]}],"id":27870,"pointables":[],"r":[[-0.135676,0.485168,-0.863831],[-0.89182,-0.439598,-0.106826],[-0.431567,0.755888,0.492325]],"s":263.377,"t":[2863.1,-2957.83,3480.36],"timestamp":23800571362},
{"hands":[],"id":27871,"pointables":[],"r":[[-0.135676,0.485168,-0.863831],[-0.89182,-0.439598,-0.106826],[-0.431567,0.755888,0.492325]],"s":263.377,"t":[2862.14,-2959,3479.91],"timestamp":23800580132},
{"hands":[],"id":27872,"pointables":[],"r":[[-0.135676,0.485168,-0.863831],[-0.89182,-0.439598,-0.106826],[-0.431567,0.755888,0.492325]],"s":263.377,"t":[2861.36,-2959.94,3479.55],"timestamp":23800588882},
{"hands":[],"id":27873,"pointables":[],"r":[[-0.135676,0.485168,-0.863831],[-0.89182,-0.439598,-0.106826],[-0.431567,0.755888,0.492325]],"s":263.377,"t":[2860.74,-2960.69,3479.26],"timestamp":23800597543},
{"hands":[],"id":27874,"pointables":[],"r":[[-0.135676,0.485168,-0.863831],[-0.89182,-0.439598,-0.106826],[-0.431567,0.755888,0.492325]],"s":263.377,"t":[2860.25,-2961.29,3479.03],"timestamp":23800606151},
{"hands":[],"id":27875,"pointables":[],"r":[[-0.135676,0.485168,-0.863831],[-0.89182,-0.439598,-0.106826],[-0.431567,0.755888,0.492325]],"s":263.377,"t":[2859.85,-2961.76,3478.85],"timestamp":23800614729},
{"hands":[{"direction":[-0.135582,0.916927,0.196597],"id":1,"palmNormal":[-0.025595,0.134265,-0.934163],"palmPosition":[-12.1441,268.09,293.414],"palmVelocity":[-153.527,-24.4436,-60.4582],"r":[[1,0,0],[0,1,0],[0,0,1]],"s":1,"sphereCenter":[-19.503,258.205,305.051],"sphereRadius":127.797,"t":[0,0,0]}],"id":27876,"pointables":[],"r":[[-0.135676,0.485168,-0.863831],[-0.89182,-0.439598,-0.106826],[-0.431567,0.755888,0.492325]],"s":263.377,"t":[2857.93,-2962.4,3478.07],"timestamp":23800623553},
{"hands":[],"id":27877,"pointables":[],"r":[[-0.135676,0.485168,-0.863831],[-0.89182,-0.439598,-0.106826],[-0.431567,0.755888,0.492325]],"s":263.377,"t":[2856.4,-2962.91,3477.45],"timestamp":23800632153},
{"hands":[],"id":27878,"pointables":[],"r":[[-0.135676,0.485168,-0.863831],[-0.89182,-0.439598,-0.106826],[-0.431567,0.755888,0.492325]],"s":263.377,"t":[2855.17,-2963.32,3476.95],"timestamp":23800640716},
{"hands":[],"id":27879,"pointables":[],"r":[[-0.135676,0.485168,-0.863831],[-0.89182,-0.439598,-0.106826],[-0.431567,0.755888,0.492325]],"s":263.377,"t":[2854.19,-2963.65,3476.55],"timestamp":23800649657},
{"hands":[],"id":27880,"pointables":[],"r":[[-0.135676,0.485168,-0.863831],[-0.89182,-0.439598,-0.106826],[-0.431567,0.755888,0.492325]],"s":263.377,"t":[2853.4,-2963.91,3476.24],"timestamp":23800658224},
{"hands":[],"id":27881,"pointables":[],"r":[[-0.135676,0.485168,-0.863831],[-0.89182,-0.439598,-0.106826],[-0.431567,0.755888,0.492325]],"s":263.377,"t":[2852.77,-2964.12,3475.98],"timestamp":23800667037},
{"hands":[],"id":27882,"pointables":[],"r":[[-0.135676,0.485168,-0.863831],[-0.89182,-0.439598,-0.106826],[-0.431567,0.755888,0.492325]],"s":263.377,"t":[2852.27,-2964.29,3475.78],"timestamp":23800675503},
{"hands":[],"id":27883,"pointables":[],"r":[[-0.135676,0.485168,-0.863831],[-0.89182,-0.439598,-0.106826],[-0.431567,0.755888,0.492325]],"s":263.377,"t":[2851.87,-2964.42,3475.61],"timestamp":23800684152},
{"hands":[],"id":27884,"pointables":[],"r":[[-0.135676,0.485168,-0.863831],[-0.89182,-0.439598,-0.106826],[-0.431567,0.755888,0.492325]],"s":263.377,"t":[2851.54,-2964.53,3475.48],"timestamp":23800692903},
{"hands":[],"id":27885,"pointables":[],"r":[[-0.135676,0.485168,-0.863831],[-0.89182,-0.439598,-0.106826],[-0.431567,0.755888,0.492325]],"s":263.377,"t":[2851.29,-2964.61,3475.38],"timestamp":23800701663},
{"hands":[],"id":27886,"pointables":[],"r":[[-0.135676,0.485168,-0.863831],[-0.89182,-0.439598,-0.106826],[-0.431567,0.755888,0.492325]],"s":263.377,"t":[2851.08,-2964.68,3475.3],"timestamp":23800710291},
{"hands":[],"id":27887,"pointables":[],"r":[[-0.135676,0.485168,-0.863831],[-0.89182,-0.439598,-0.106826],[-0.431567,0.755888,0.492325]],"s":263.377,"t":[2850.91,-2964.74,3475.23],"timestamp":23800718841},
{"hands":[],"id":27888,"pointables":[],"r":[[-0.135676,0.485168,-0.863831],[-0.89182,-0.439598,-0.106826],[-0.431567,0.755888,0.492325]],"s":263.377,"t":[2850.78,-2964.78,3475.18],"timestamp":23800727493},
{"hands":[],"id":27889,"pointables":[],"r":[[-0.135676,0.485168,-0.863831],[-0.89182,-0.439598,-0.106826],[-0.431567,0.755888,0.492325]],"s":263.377,"t":[2850.68,-2964.82,3475.13],"timestamp":23800736322},
{"hands":[],"id":27890,"pointables":[],"r":[[-0.135676,0.485168,-0.863831],[-0.89182,-0.439598,-0.106826],[-0.431567,0.755888,0.492325]],"s":263.377,"t":[2850.59,-2964.84,3475.1],"timestamp":23800744858},
{"hands":[],"id":27891,"pointables":[],"r":[[-0.135676,0.485168,-0.863831],[-0.89182,-0.439598,-0.106826],[-0.431567,0.755888,0.492325]],"s":263.377,"t":[2850.52,-2964.87,3475.07],"timestamp":23800753610},
{"hands":[],"id":27892,"pointables":[],"r":[[-0.135676,0.485168,-0.863831],[-0.89182,-0.439598,-0.106826],[-0.431567,0.755888,0.492325]],"s":263.377,"t":[2850.47,-2964.89,3475.05],"timestamp":23800762217},
{"hands":[],"id":27893,"pointables":[],"r":[[-0.135676,0.485168,-0.863831],[-0.89182,-0.439598,-0.106826],[-0.431567,0.755888,0.492325]],"s":263.377,"t":[2850.43,-2964.9,3475.03],"timestamp":23800770941},
{"hands":[],"id":27894,"pointables":[],"r":[[-0.135676,0.485168,-0.863831],[-0.89182,-0.439598,-0.106826],[-0.431567,0.755888,0.492325]],"s":263.377,"t":[2850.39,-2964.91,3475.02],"timestamp":23800779593},
{"hands":[],"id":27895,"pointables":[],"r":[[-0.135676,0.485168,-0.863831],[-0.89182,-0.439598,-0.106826],[-0.431567,0.755888,0.492325]],"s":263.377,"t":[2850.37,-2964.92,3475.01],"timestamp":23800788225},
{"hands":[],"id":27896,"pointables":[],"r":[[-0.135676,0.485168,-0.863831],[-0.89182,-0.439598,-0.106826],[-0.431567,0.755888,0.492325]],"s":263.377,"t":[2850.34,-2964.93,3475],"timestamp":23800796847},
{"hands":[],"id":27897,"pointables":[],"r":[[-0.135676,0.485168,-0.863831],[-0.89182,-0.439598,-0.106826],[-0.431567,0.755888,0.492325]],"s":263.377,"t":[2850.33,-2964.93,3474.99],"timestamp":23800805646},
{"hands":[],"id":27898,"pointables":[],"r":[[-0.135676,0.485168,-0.863831],[-0.89182,-0.439598,-0.106826],[-0.431567,0.755888,0.492325]],"s":263.377,"t":[2850.31,-2964.94,3474.98],"timestamp":23800814242},
{"hands":[],"id":27899,"pointables":[],"r":[[-0.135676,0.485168,-0.863831],[-0.89182,-0.439598,-0.106826],[-0.431567,0.755888,0.492325]],"s":263.377,"t":[2850.3,-2964.94,3474.98],"timestamp":23800823000},
{"hands":[],"id":27900,"pointables":[],"r":[[-0.135676,0.485168,-0.863831],[-0.89182,-0.439598,-0.106826],[-0.431567,0.755888,0.492325]],"s":263.377,"t":[2850.29,-2964.94,3474.98],"timestamp":23800831643},
{"hands":[],"id":27901,"pointables":[],"r":[[-0.135676,0.485168,-0.863831],[-0.89182,-0.439598,-0.106826],[-0.431567,0.755888,0.492325]],"s":263.377,"t":[2850.28,-2964.95,3474.97],"timestamp":23800840370},
{"hands":[],"id":27902,"pointables":[],"r":[[-0.135676,0.485168,-0.863831],[-0.89182,-0.439598,-0.106826],[-0.431567,0.755888,0.492325]],"s":263.377,"t":[2850.28,-2964.95,3474.97],"timestamp":23800848923},
{"hands":[],"id":27903,"pointables":[],"r":[[-0.135676,0.485168,-0.863831],[-0.89182,-0.439598,-0.106826],[-0.431567,0.755888,0.492325]],"s":263.377,"t":[2850.27,-2964.95,3474.97],"timestamp":23800857599},
{"hands":[{"direction":[0.158892,0.925045,-0.0171407],"id":1,"palmNormal":[0.0962008,-0.00819909,-0.95836],"palmPosition":[-16.922,285.793,306.161],"palmVelocity":[57.7963,163.223,52.4629],"r":[[1,0,0],[0,1,0],[0,0,1]],"s":1,"sphereCenter":[-21.0913,247.264,372.394],"sphereRadius":133.053,"t":[0,0,0]}],"id":27904,"pointables":[],"r":[[-0.135676,0.485168,-0.863831],[-0.89182,-0.439598,-0.106826],[-0.431567,0.755888,0.492325]],"s":263.377,"t":[2850.37,-2964.67,3475.06],"timestamp":23800866210},
{"hands":[{"direction":[0.163651,0.932339,0.0232268],"id":1,"palmNormal":[0.0844213,0.0480134,-0.964735],"palmPosition":[-16.7661,287.446,307.14],"palmVelocity":[17.7466,188.329,111.458],"r":[[1,0,0],[0,1,0],[0,0,1]],"s":1,"sphereCenter":[-22.1763,249.285,383.344],"sphereRadius":139.183,"t":[0.0311665,0.330744,0.195742]},{"direction":[0.229013,0.812586,-0.501636],"id":3,"palmNormal":[-0.486096,-0.378285,-0.774674],"palmPosition":[-35.3829,387.789,230.126],"palmVelocity":[-4.85668,-184.574,30.2892],"r":[[1,0,0],[0,1,0],[0,0,1]],"s":1,"sphereCenter":[-37.0935,377.919,241.641],"sphereRadius":61.4189,"t":[0,0,0]}],"id":27905,"pointables":[],"r":[[-0.134803,0.485612,-0.863718],[-0.893656,-0.436121,-0.105727],[-0.428028,0.757614,0.49276]],"s":263.372,"t":[2850.46,-2964.44,3475.25],"timestamp":23800874991},
{"hands":[{"direction":[0.164772,0.942231,0.0133665],"id":1,"palmNormal":[0.0982499,0.0193707,-0.971873],"palmPosition":[-16.5876,286.877,307.329],"palmVelocity":[20.2684,-64.6404,21.405],"r":[[1,0,0],[0,1,0],[0,0,1]],"s":1,"sphereCenter":[-21.9543,249.824,379.799],"sphereRadius":137.002,"t":[0.0918005,0.481481,0.390039]},{"direction":[0.225529,0.810823,-0.512421],"id":3,"palmNormal":[-0.4777,-0.391248,-0.77708],"palmPosition":[-35.5438,388.436,230.325],"palmVelocity":[-18.2798,73.4983,22.647],"r":[[1,0,0],[0,1,0],[0,0,1]],"s":1,"sphereCenter":[-37.0215,378.38,241.593],"sphereRadius":60.4349,"t":[-0.0321981,0.12946,0.0398904]}],"id":27906,"pointables":[],"r":[[-0.134114,0.486263,-0.863459],[-0.894646,-0.434134,-0.105528],[-0.426171,0.758338,0.493257]],"s":263.371,"t":[2850.53,-2964.25,3475.45],"timestamp":23800883798},
{"hands":[{"direction":[0.156881,0.950943,0.026248],"id":1,"palmNormal":[0.0956763,0.034372,-0.978023],"palmPosition":[-16.5201,287.846,307.521],"palmVelocity":[8.04359,115.429,22.9477],"r":[[1,0,0],[0,1,0],[0,0,1]],"s":1,"sphereCenter":[-21.352,250.75,376.195],"sphereRadius":134.524,"t":[0.153816,0.795922,0.584015]},{"direction":[0.239184,0.835431,-0.449144],"id":3,"palmNormal":[-0.470004,-0.283882,-0.811674],"palmPosition":[-36.1595,390.651,231.484],"palmVelocity":[-73.3164,263.788,138.002],"r":[[1,0,0],[0,1,0],[0,0,1]],"s":1,"sphereCenter":[-33.5922,385.07,246.43],"sphereRadius":64.6144,"t":[-0.181084,0.676034,0.303564]}],"id":27907,"pointables":[],"r":[[-0.133428,0.487659,-0.862778],[-0.894522,-0.434033,-0.106987],[-0.426647,0.757499,0.494133]],"s":263.371,"t":[2850.53,-2963.78,3475.74],"timestamp":23800892195},
{"hands":[{"direction":[0.157827,0.955919,-0.00316777],"id":1,"palmNormal":[0.104424,-0.0193896,-0.978582],"palmPosition":[-16.304,287.934,308.045],"palmVelocity":[24.0046,9.73468,58.207],"r":[[1,0,0],[0,1,0],[0,0,1]],"s":1,"sphereCenter":[-21.4127,250.756,378.339],"sphereRadius":135.355,"t":[0.246637,1.065,0.843968]},{"direction":[0.227856,0.833552,-0.46565],"id":3,"palmNormal":[-0.489388,-0.310918,-0.795563],"palmPosition":[-36.3863,387.567,231.819],"palmVelocity":[-25.2055,-342.666,37.2301],"r":[[1,0,0],[0,1,0],[0,0,1]],"s":1,"sphereCenter":[-35.8249,381.04,243.663],"sphereRadius":63.5801,"t":[-0.345563,0.496493,0.581517]}],"id":27908,"pointables":[],"r":[[-0.13184,0.489627,-0.861907],[-0.895973,-0.430851,-0.107704],[-0.424088,0.758045,0.495496]],"s":263.366,"t":[2850.53,-2963.71,3476.06],"timestamp":23800901195},
{"hands":[{"direction":[0.161513,0.960431,-0.0182352],"id":1,"palmNormal":[0.11511,-0.0455076,-0.980028],"palmPosition":[-15.9807,287.628,308.323],"palmVelocity":[37.9239,-35.8962,32.6048],"r":[[1,0,0],[0,1,0],[0,0,1]],"s":1,"sphereCenter":[-22.0527,253.571,381.831],"sphereRadius":136.603,"t":[0.385561,1.21905,1.10753]},{"direction":[0.228487,0.831673,-0.475661],"id":3,"palmNormal":[-0.520312,-0.308518,-0.780849],"palmPosition":[-36.7587,386.158,232.054],"palmVelocity":[-43.6695,-165.224,27.5933],"r":[[1,0,0],[0,1,0],[0,0,1]],"s":1,"sphereCenter":[-35.6122,380.514,244.976],"sphereRadius":64.0079,"t":[-0.551611,0.0711218,0.850931]}],"id":27909,"pointables":[],"r":[[-0.129813,0.492183,-0.860758],[-0.897742,-0.426898,-0.10871],[-0.420961,0.758626,0.49727]],"s":263.361,"t":[2850.53,-2963.82,3476.37],"timestamp":23800909721},
{"hands":[{"direction":[0.152069,0.966504,-0.00922695],"id":1,"palmNormal":[0.115005,-0.0273653,-0.983801],"palmPosition":[-15.8897,287.74,309.099],"palmVelocity":[10.7024,13.2054,91.2365],"r":[[1,0,0],[0,1,0],[0,0,1]],"s":1,"sphereCenter":[-21.9443,254.775,379.456],"sphereRadius":134.906,"t":[0.514901,1.36474,1.47353]},{"direction":[0.229714,0.820998,-0.496698],"id":3,"palmNormal":[-0.530627,-0.33222,-0.767487],"palmPosition":[-36.9042,384.759,232.904],"palmVelocity":[-17.1124,-164.615,99.8724],"r":[[1,0,0],[0,1,0],[0,0,1]],"s":1,"sphereCenter":[-36.8595,378.932,243.811],"sphereRadius":63.1036,"t":[-0.745551,-0.549119,1.23631]}],"id":27910,"pointables":[],"r":[[-0.127659,0.494705,-0.859634],[-0.899811,-0.422335,-0.109421],[-0.417185,0.75954,0.499055]],"s":263.355,"t":[2850.52,-2964.04,3476.77],"timestamp":23800918224},
{"hands":[{"direction":[0.145111,0.970687,0.00927215],"id":1,"palmNormal":[0.107705,0.00376179,-0.986338],"palmPosition":[-15.8113,289.055,309.414],"palmVelocity":[8.99473,150.923,36.1276],"r":[[1,0,0],[0,1,0],[0,0,1]],"s":1,"sphereCenter":[-21.338,252.845,376.112],"sphereRadius":133.366,"t":[0.634051,1.74436,1.82931]},{"direction":[0.244239,0.813306,-0.505933],"id":3,"palmNormal":[-0.510681,-0.345821,-0.777629],"palmPosition":[-36.8372,385.556,232.443],"palmVelocity":[7.68658,91.4366,-52.9026],"r":[[1,0,0],[0,1,0],[0,0,1]],"s":1,"sphereCenter":[-37.6118,377.843,242.629],"sphereRadius":61.5242,"t":[-0.887305,-0.885938,1.4524]}],"id":27911,"pointables":[],"r":[[-0.125704,0.496626,-0.858814],[-0.902076,-0.417486,-0.109383],[-0.412865,0.760966,0.500474]],"s":263.35,"t":[2850.53,-2964,3477.08],"timestamp":23800926939},
{"hands":[{"direction":[0.142385,0.9634,-0.0550459],"id":1,"palmNormal":[0.127044,-0.100286,-0.966307],"palmPosition":[-15.6398,288.317,309.558],"palmVelocity":[19.6435,-84.5657,16.5721],"r":[[1,0,0],[0,1,0],[0,0,1]],"s":1,"sphereCenter":[-22.4919,255.607,383.213],"sphereRadius":136.688,"t":[0.763672,1.90039,2.14287]},{"direction":[0.247754,0.8103,-0.513052],"id":3,"palmNormal":[-0.524961,-0.342152,-0.772268],"palmPosition":[-37.1901,388.762,233.843],"palmVelocity":[-40.4256,367.196,160.444],"r":[[1,0,0],[0,1,0],[0,0,1]],"s":1,"sphereCenter":[-37.6759,380.961,244.653],"sphereRadius":62.006,"t":[-1.0713,-0.514195,1.90544]}],"id":27912,"pointables":[],"r":[[-0.124823,0.498595,-0.857801],[-0.901673,-0.417765,-0.111618],[-0.414011,0.759523,0.501716]],"s":263.353,"t":[2850.52,-2963.72,3477.49],"timestamp":23800935670},
{"hands":[{"direction":[0.251497,0.798223,-0.531325],"id":3,"palmNormal":[-0.529276,-0.3618,-0.761663],"palmPosition":[-37.2308,387.78,233.569],"palmVelocity":[-4.70588,-113.511,-31.6969],"r":[[1,0,0],[0,1,0],[0,0,1]],"s":1,"sphereCenter":[-39.7143,377.748,243.225],"sphereRadius":61.6849,"t":[-1.22663,-0.413107,2.21305]}],"id":27913,"pointables":[],"r":[[-0.12412,0.500169,-0.856986],[-0.901348,-0.417984,-0.113406],[-0.414928,0.758367,0.502707]],"s":263.355,"t":[2850.5,-2963.7,3477.76],"timestamp":23800944317},
{"hands":[{"direction":[0.13997,0.968457,-0.0518053],"id":1,"palmNormal":[0.131813,-0.087593,-0.972543],"palmPosition":[-15.6737,288.915,310.875],"palmVelocity":[-1.96187,34.636,76.2985],"r":[[1,0,0],[0,1,0],[0,0,1]],"s":1,"sphereCenter":[-22.8337,256.786,384.233],"sphereRadius":136.573,"t":[0,0,0]},{"direction":[0.265517,0.755251,-0.573557],"id":3,"palmNormal":[-0.533287,-0.414953,-0.726496],"palmPosition":[-36.8143,389.466,229.967],"palmVelocity":[48.3621,195.693,-418.285],"r":[[1,0,0],[0,1,0],[0,0,1]],"s":1,"sphereCenter":[-42.6868,370.852,243.144],"sphereRadius":64.3536,"t":[-1.26759,0.00486521,1.73861]}],"id":27914,"pointables":[],"r":[[-0.123571,0.499832,-0.857262],[-0.902959,-0.414936,-0.111773],[-0.411577,0.76026,0.502602]],"s":263.365,"t":[2850.52,-2963.45,3477.74],"timestamp":23800952930},
{"hands":[{"direction":[0.120993,0.969085,-0.0850316],"id":1,"palmNormal":[0.146345,-0.129971,-0.967402],"palmPosition":[-15.7286,288.389,311.318],"palmVelocity":[-6.33498,-60.7311,51.0615],"r":[[1,0,0],[0,1,0],[0,0,1]],"s":1,"sphereCenter":[-22.3371,254.291,382.774],"sphereRadius":136.007,"t":[-0.0109823,-0.105283,0.0885202]},{"direction":[0.321503,0.756134,-0.527675],"id":3,"palmNormal":[-0.518007,-0.298826,-0.771444],"palmPosition":[-37.4559,388.744,232.34],"palmVelocity":[-74.0202,-83.2257,273.869],"r":[[1,0,0],[0,1,0],[0,0,1]],"s":1,"sphereCenter":[-35.2104,381.215,249.871],"sphereRadius":69.5567,"t":[-1.42868,0.194963,1.83383]}],"id":27915,"pointables":[],"r":[[-0.122877,0.500668,-0.856874],[-0.90346,-0.413732,-0.112185],[-0.410684,0.760366,0.503172]],"s":263.369,"t":[2850.47,-2963.37,3478.01],"timestamp":23800961598},
{"hands":[{"direction":[0.10582,0.954808,-0.152335],"id":1,"palmNormal":[0.159387,-0.2216,-0.940111],"palmPosition":[-15.9961,287.185,311.376],"palmVelocity":[-30.2079,-135.92,6.60846],"r":[[1,0,0],[0,1,0],[0,0,1]],"s":1,"sphereCenter":[-21.6251,249.362,380.835],"sphereRadius":136.009,"t":[-0.0732725,-0.430252,0.171041]},{"direction":[0.327026,0.754224,-0.535054],"id":3,"palmNormal":[-0.517717,-0.314299,-0.774383],"palmPosition":[-37.7137,388.365,234.24],"palmVelocity":[-29.1112,-42.7744,214.482],"r":[[1,0,0],[0,1,0],[0,0,1]],"s":1,"sphereCenter":[-36.1306,380.863,248.541],"sphereRadius":67.1303,"t":[-1.60911,0.271279,2.2899]}],"id":27916,"pointables":[],"r":[[-0.122717,0.501595,-0.856354],[-0.902598,-0.415162,-0.11383],[-0.412622,0.758975,0.503687]],"s":263.371,"t":[2850.38,-2963.47,3478.43],"timestamp":23800970454},
{"hands":[{"direction":[0.105417,0.956044,-0.171084],"id":1,"palmNormal":[0.165443,-0.235399,-0.941766],"palmPosition":[-15.9325,287.848,312.034],"palmVelocity":[7.48801,78.1124,77.3575],"r":[[1,0,0],[0,1,0],[0,0,1]],"s":1,"sphereCenter":[-21.4791,248.951,381.714],"sphereRadius":136.063,"t":[-0.110382,-0.557513,0.368489]}],"id":27917,"pointables":[],"r":[[-0.122591,0.502336,-0.855938],[-0.901906,-0.416302,-0.115146],[-0.414171,0.757859,0.504095]],"s":263.372,"t":[2850.32,-2963.42,3478.89],"timestamp":23800978949},
{"hands":[{"direction":[0.128489,0.952074,-0.189501],"id":1,"palmNormal":[0.168105,-0.258007,-0.939314],"palmPosition":[-16.0757,288.967,312.916],"palmVelocity":[-16.1688,126.298,99.596],"r":[[1,0,0],[0,1,0],[0,0,1]],"s":1,"sphereCenter":[-20.7016,244.953,381.012],"sphereRadius":136.694,"t":[-0.168705,-0.435648,0.702831]},{"direction":[0.360398,0.738268,-0.537306],"id":3,"palmNormal":[-0.506094,-0.313257,-0.788461],"palmPosition":[-37.2969,393.016,231.911],"palmVelocity":[24.0244,268.03,-134.241],"r":[[1,0,0],[0,1,0],[0,0,1]],"s":1,"sphereCenter":[-36.7931,380.394,251.027],"sphereRadius":67.1575,"t":[0,0,0]}],"id":27918,"pointables":[],"r":[[-0.123308,0.501342,-0.856418],[-0.901391,-0.417552,-0.114649],[-0.415077,0.75783,0.503393]],"s":263.384,"t":[2850.3,-2962.8,3479.11],"timestamp":23800987804},
{"hands":[{"direction":[0.139318,0.953514,-0.193022],"id":1,"palmNormal":[0.167008,-0.252822,-0.94434],"palmPosition":[-16.0642,288.911,313.272],"palmVelocity":[1.34085,-6.55552,41.6745],"r":[[1,0,0],[0,1,0],[0,0,1]],"s":1,"sphereCenter":[-20.8338,245.806,381.75],"sphereRadius":136.254,"t":[-0.21307,-0.349372,1.04161]}],"id":27919,"pointables":[],"r":[[-0.12388,0.500546,-0.856801],[-0.900978,-0.418551,-0.114251],[-0.415802,0.757805,0.502831]],"s":263.391,"t":[2850.28,-2962.31,3479.36],"timestamp":23800996359},
{"hands":[{"direction":[0.127024,0.955776,-0.20332],"id":1,"palmNormal":[0.172365,-0.254402,-0.945411],"palmPosition":[-16.2709,288.154,314.159],"palmVelocity":[-24.111,-88.2595,103.468],"r":[[1,0,0],[0,1,0],[0,0,1]],"s":1,"sphereCenter":[-20.6597,244.61,380.379],"sphereRadius":135.539,"t":[-0.289902,-0.431681,1.49004]},{"direction":[0.331023,0.753069,-0.537936],"id":3,"palmNormal":[-0.529409,-0.321572,-0.773042],"palmPosition":[-37.346,390.269,234.011],"palmVelocity":[-2.86679,-160.379,122.591],"r":[[1,0,0],[0,1,0],[0,0,1]],"s":1,"sphereCenter":[-34.9127,381.236,252.878],"sphereRadius":66.8377,"t":[0,0,0]}],"id":27920,"pointables":[],"r":[[-0.124131,0.500147,-0.856997],[-0.900856,-0.418887,-0.11398],[-0.415992,0.757883,0.502558]],"s":263.392,"t":[2850.24,-2962.28,3479.86],"timestamp":23801004932},
{"hands":[{"direction":[0.311921,0.754696,-0.550864],"id":3,"palmNormal":[-0.534847,-0.349012,-0.759486],"palmPosition":[-37.5791,387.384,235.042],"palmVelocity":[-26.4833,-327.772,117.158],"r":[[1,0,0],[0,1,0],[0,0,1]],"s":1,"sphereCenter":[-35.0136,380.891,251.942],"sphereRadius":64.4812,"t":[-0.0466158,-0.576945,0.206222]}],"id":27921,"pointables":[],"r":[[-0.124331,0.499828,-0.857154],[-0.900759,-0.419156,-0.113764],[-0.416143,0.757945,0.502339]],"s":263.392,"t":[2850.17,-2962.82,3480.47],"timestamp":23801013733},
{"hands":[{"direction":[0.137488,0.960347,-0.152644],"id":1,"palmNormal":[0.157688,-0.166447,-0.958755],"palmPosition":[-16.2303,291.026,315.486],"palmVelocity":[2.31849,164.288,75.9028],"r":[[1,0,0],[0,1,0],[0,0,1]],"s":1,"sphereCenter":[-20.4476,243.702,382.077],"sphereRadius":136.304,"t":[0,0,0]},{"direction":[0.300669,0.787193,-0.500167],"id":3,"palmNormal":[-0.507306,-0.28938,-0.796942],"palmPosition":[-37.9101,388.02,237.748],"palmVelocity":[-38.1278,73.2026,311.647],"r":[[1,0,0],[0,1,0],[0,0,1]],"s":1,"sphereCenter":[-32.1614,386.117,255.54],"sphereRadius":66.3315,"t":[-0.0893154,-0.93882,0.519625]}],"id":27922,"pointables":[{"direction":[-0.0632933,0.523018,-0.849968],"handId":3,"id":4,"length":51.8547,"tipPosition":[-47.1912,389.746,195.862],"tipVelocity":[-4.46658,-16.9071,48.4376],"tool":false}],"r":[[-0.123844,0.500577,-0.856788],[-0.901023,-0.418457,-0.114245],[-0.415717,0.757836,0.502855]],"s":263.387,"t":[2850.11,-2963.17,3480.98],"timestamp":23801022416},
{"hands":[{"direction":[0.357262,0.757544,-0.499303],"id":3,"palmNormal":[-0.49608,-0.270068,-0.814026],"palmPosition":[-38.1543,389.872,238.968],"palmVelocity":[-28.0897,213.053,140.397],"r":[[1,0,0],[0,1,0],[0,0,1]],"s":1,"sphereCenter":[-31.6605,389.333,257.052],"sphereRadius":65.9847,"t":[-0.104027,-0.928591,1.14784]}],"id":27923,"pointables":[{"direction":[-0.0634306,0.130474,-0.989421],"handId":3,"id":4,"length":51.6278,"tipPosition":[-47.1779,390.128,196.805],"tipVelocity":[1.5273,43.9816,108.481],"tool":false}],"r":[[-0.123454,0.501177,-0.856494],[-0.901233,-0.417898,-0.11463],[-0.415377,0.757749,0.503268]],"s":263.383,"t":[2850.09,-2963.15,3481.71],"timestamp":23801031109},
{"hands":[{"direction":[0.122509,0.967004,-0.131095],"id":1,"palmNormal":[-0.0212427,-0.122228,-0.930865],"palmPosition":[-18.2567,237.634,283.446],"palmVelocity":[-116.678,-3074.37,-1844.86],"r":[[1,0,0],[0,1,0],[0,0,1]],"s":1,"sphereCenter":[-35.0842,240.971,324.052],"sphereRadius":150.07,"t":[0,0,0]},{"direction":[0.378736,0.735999,-0.519212],"id":3,"palmNormal":[-0.521206,-0.276368,-0.79817],"palmPosition":[-37.9351,386.628,240.753],"palmVelocity":[25.2699,-373.985,205.744],"r":[[1,0,0],[0,1,0],[0,0,1]],"s":1,"sphereCenter":[-28.1096,390.657,259.278],"sphereRadius":67.6729,"t":[-0.0790116,-1.12836,1.84527]}],"id":27924,"pointables":[{"direction":[-0.0703019,0.568043,-0.819991],"handId":3,"id":4,"length":51.986,"tipPosition":[-47.1132,389.718,197.572],"tipVelocity":[7.4639,-47.2413,88.3847],"tool":false}],"r":[[-0.133955,0.498532,-0.856459],[-0.874283,-0.46635,-0.134712],[-0.466568,0.730742,0.498327]],"s":263.446,"t":[2850.11,-2963.35,3482.45],"timestamp":23801039783},
{"hands":[{"direction":[0.401117,0.634155,-0.581768],"id":3,"palmNormal":[-0.553591,-0.3708,-0.711069],"palmPosition":[-38.1471,390.877,237.086],"palmVelocity":[-24.6555,494.164,-426.42],"r":[[1,0,0],[0,1,0],[0,0,1]],"s":1,"sphereCenter":[-27.8219,393.14,257.126],"sphereRadius":65.825,"t":[0.0891387,-2.28435,2.16229]}],"id":27925,"pointables":[{"direction":[-0.0738004,-0.251382,-0.96507],"handId":3,"id":4,"length":53.2008,"tipPosition":[-46.8019,387.606,197.509],"tipVelocity":[36.2002,-245.633,-7.37205],"tool":false}],"r":[[-0.14229,0.4959,-0.856643],[-0.850564,-0.5039,-0.150422],[-0.506256,0.707226,0.493494]],"s":263.491,"t":[2850.27,-2964.5,3482.8],"timestamp":23801048382},
{"hands":[{"direction":[0.408151,0.652725,-0.570483],"id":3,"palmNormal":[-0.585982,-0.299082,-0.71915],"palmPosition":[-41.2454,388.198,226.269],"palmVelocity":[-353.164,-305.335,-1233.04],"r":[[1,0,0],[0,1,0],[0,0,1]],"s":1,"sphereCenter":[-53.4191,378.346,234.182],"sphereRadius":75.7859,"t":[0.0469684,-2.49257,3.25821]}],"id":27926,"pointables":[{"direction":[-0.052112,-0.297107,-0.953421],"handId":3,"id":4,"length":53.0803,"tipPosition":[-47.0544,388.346,199.383],"tipVelocity":[-28.7805,84.2966,213.704],"tool":false}],"r":[[-0.1489,0.493468,-0.856924],[-0.830252,-0.533106,-0.162729],[-0.537132,0.687232,0.489082]],"s":263.522,"t":[2850.23,-2964.71,3483.9],"timestamp":23801057155},
{"hands":[{"direction":[0.44793,0.604576,-0.590265],"id":3,"palmNormal":[-0.230052,-0.423198,-0.462471],"palmPosition":[-36.8379,365.091,220.754],"palmVelocity":[516.347,-2707.01,-646.088],"r":[[1,0,0],[0,1,0],[0,0,1]],"s":1,"sphereCenter":[-55.405,366.931,225.35],"sphereRadius":77.0532,"t":[0.108832,-2.29321,4.51321]}],"id":27927,"pointables":[{"direction":[-0.0436187,-0.526663,-0.848954],"handId":3,"id":4,"length":55.5015,"tipPosition":[-46.8885,388.953,200.797],"tipVelocity":[19.4351,71.1041,165.66],"tool":false}],"r":[[-0.154144,0.491315,-0.857233],[-0.813171,-0.555908,-0.172393],[-0.561242,0.670504,0.485213]],"s":263.544,"t":[2850.29,-2964.51,3485.17],"timestamp":23801065691},
{"hands":[{"direction":[-0.0319465,0.874676,-0.200449],"id":1,"palmNormal":[-0.161705,-0.331706,-0.677401],"palmPosition":[-20.3552,367.011,257.053],"palmVelocity":[-60.6557,3739.54,-762.881],"r":[[1,0,0],[0,1,0],[0,0,1]],"s":1,"sphereCenter":[-33.5981,278.65,305.273],"sphereRadius":124.771,"t":[0,0,0]},{"direction":[0.386998,0.626022,-0.607729],"id":3,"palmNormal":[-0.388327,-0.405366,-0.478714],"palmPosition":[-37.9893,358.378,239.847],"palmVelocity":[-132.511,-772.584,2197.43],"r":[[1,0,0],[0,1,0],[0,0,1]],"s":1,"sphereCenter":[-61.088,366.159,219.54],"sphereRadius":80.1695,"t":[-0.435928,-5.55002,14.6875]},{"direction":[-0.374126,0.755992,-0.126169],"id":5,"palmNormal":[-0.207276,-0.0153712,-0.761402],"palmPosition":[29.2807,249.612,207.069],"palmVelocity":[357.752,6582.91,2264.6],"r":[[1,0,0],[0,1,0],[0,0,1]],"s":1,"sphereCenter":[-15.1594,240.036,201.777],"sphereRadius":90.9069,"t":[0,0,0]}],"id":27928,"pointables":[{"direction":[-0.0727964,-0.574491,-0.815267],"handId":1,"id":4,"length":57.8301,"tipPosition":[-46.5738,389.096,201.733],"tipVelocity":[36.2078,16.4333,107.677],"tool":false},{"direction":[-0.62441,0.5575,-0.547089],"handId":5,"id":8,"length":71.4667,"tipPosition":[11.1557,265.374,204.832],"tipVelocity":[360.358,773.56,367.705],"tool":false}],"r":[[-0.151308,0.493069,-0.856732],[-0.802077,-0.567803,-0.185128],[-0.577736,0.659153,0.481392]],"s":263.55,"t":[2851.18,-2962.7,3486.83],"timestamp":23801074380},
{"hands":[{"direction":[0.49482,0.479418,-0.532652],"id":3,"palmNormal":[-0.323717,-0.221779,-0.618586],"palmPosition":[-36.8254,364.124,231.331],"palmVelocity":[44.2859,218.642,-324.056],"r":[[1,0,0],[0,1,0],[0,0,1]],"s":1,"sphereCenter":[-71.6326,345.884,241.183],"sphereRadius":99.0511,"t":[-0.620668,-7.45384,20.1234]},{"direction":[-0.348142,0.779466,-0.168909],"id":5,"palmNormal":[-0.280951,-0.110951,-0.752781],"palmPosition":[41.6473,214.639,202.256],"palmVelocity":[470.553,-1330.72,-183.147],"r":[[1,0,0],[0,1,0],[0,0,1]],"s":1,"sphereCenter":[5.53037,241.557,210.636],"sphereRadius":89.712,"t":[2.36626,6.71056,2.78494]}],"id":27931,"pointables":[{"direction":[-0.109884,0.467236,-0.877278],"handId":3,"id":4,"length":58.5724,"tipPosition":[-46.3986,388.545,202.431],"tipVelocity":[6.66952,-20.9586,26.5483],"tool":false},{"direction":[-0.620251,0.535397,-0.573271],"handId":5,"id":8,"length":71.727,"tipPosition":[15.8882,278.795,210.402],"tipVelocity":[180.073,510.678,211.936],"tool":false}],"r":[[-0.133537,0.502193,-0.854383],[-0.800211,-0.563232,-0.20599],[-0.584662,0.656179,0.477073]],"s":263.532,"t":[2852.86,-2958.57,3489.23],"timestamp":23801100661},
{"hands":[{"direction":[0.453052,0.509946,-0.567216],"id":3,"palmNormal":[-0.430081,-0.272949,-0.617126],"palmPosition":[-36.3285,370.59,237.788],"palmVelocity":[58.8433,765.643,764.689],"r":[[1,0,0],[0,1,0],[0,0,1]],"s":1,"sphereCenter":[-61.2026,354.916,245.696],"sphereRadius":88.7186,"t":[-0.687437,-8.28346,23.3767]},{"direction":[-0.344841,0.789259,-0.211606],"id":5,"palmNormal":[-0.344904,-0.207123,-0.723337],"palmPosition":[48.4168,215.481,204.304],"palmVelocity":[801.691,99.6654,242.591],"r":[[1,0,0],[0,1,0],[0,0,1]],"s":1,"sphereCenter":[23.3962,243.804,219.809],"sphereRadius":90.3681,"t":[5.64583,18.5255,6.80912]}],"id":27932,"pointables":[{"direction":[-0.0966359,0.60216,-0.792506],"handId":3,"id":4,"length":58.5184,"tipPosition":[-46.3474,388.789,203.501],"tipVelocity":[6.06373,28.9621,126.794],"tool":false},{"direction":[-0.588126,0.650707,-0.480299],"handId":5,"id":8,"length":71.1895,"tipPosition":[20.0811,295.714,215.665],"tipVelocity":[496.553,2003.71,623.332],"tool":false}],"r":[[-0.0993289,0.519745,-0.848527],[-0.806301,-0.541753,-0.237452],[-0.583106,0.660582,0.472883]],"s":263.492,"t":[2854.75,-2952.22,3492.01],"timestamp":23801109105},
{"hands":[{"direction":[0.240322,0.43563,-0.599872],"id":3,"palmNormal":[-0.468814,-0.413539,-0.314612],"palmPosition":[-35.5351,384.531,243.048],"palmVelocity":[92.0968,1618.24,610.563],"r":[[1,0,0],[0,1,0],[0,0,1]],"s":1,"sphereCenter":[-76.6308,343.276,264.538],"sphereRadius":109.253,"t":[-0.324114,-1.72772,27.6334]},{"direction":[-0.33882,0.789541,-0.262232],"id":5,"palmNormal":[-0.400767,-0.29331,-0.682813],"palmPosition":[52.0608,219.371,205.708],"palmVelocity":[422.984,451.58,162.999],"r":[[1,0,0],[0,1,0],[0,0,1]],"s":1,"sphereCenter":[37.7239,246.795,225.318],"sphereRadius":89.8026,"t":[9.35376,32.0159,11.0458]}],"id":27933,"pointables":[{"direction":[-0.565338,0.694031,-0.445773],"handId":5,"id":8,"length":70.5742,"tipPosition":[24.2174,310.88,220.115],"tipVelocity":[480.127,1760.41,516.451],"tool":false}],"r":[[-0.0744831,0.532879,-0.842907],[-0.809268,-0.5262,-0.261149],[-0.582698,0.662687,0.470435]],"s":263.482,"t":[2857.77,-2941.46,3495.63],"timestamp":23801117720},
{"hands":[{"direction":[0.287537,0.508875,-0.540937],"id":3,"palmNormal":[-0.424067,-0.331811,-0.500121],"palmPosition":[-33.9627,376.72,236.363],"palmVelocity":[178.641,-887.375,-759.466],"r":[[1,0,0],[0,1,0],[0,0,1]],"s":1,"sphereCenter":[-76.6791,336.181,257.535],"sphereRadius":104.691,"t":[-0.0107918,1.17851,30.1611]},{"direction":[-0.335239,0.789454,-0.304005],"id":5,"palmNormal":[-0.448219,-0.360455,-0.646697],"palmPosition":[54.4467,222.34,207.141],"palmVelocity":[271.061,337.266,162.775],"r":[[1,0,0],[0,1,0],[0,0,1]],"s":1,"sphereCenter":[50.3438,250.089,234.59],"sphereRadius":92.9258,"t":[12.7854,46.5395,15.2682]}],"id":27934,"pointables":[{"direction":[-0.0871592,0.776185,-0.624452],"handId":3,"id":4,"length":55.838,"tipPosition":[-46.084,388.046,204.3],"tipVelocity":[15.1187,-42.6749,45.855],"tool":false},{"direction":[-0.53634,0.743923,-0.398645],"handId":5,"id":8,"length":69.1118,"tipPosition":[27.3727,326.437,224.323],"tipVelocity":[358.475,1767.4,478.08],"tool":false}],"r":[[-0.029059,0.555047,-0.831311],[-0.819037,-0.489969,-0.298511],[-0.573005,0.6722,0.468842]],"s":263.451,"t":[2860.13,-2932.37,3498.69],"timestamp":23801126522},
{"hands":[{"direction":[0.281648,0.46113,-0.615197],"id":3,"palmNormal":[-0.561,-0.333047,-0.450656],"palmPosition":[-39.5095,385.927,229.731],"palmVelocity":[-646.324,1072.87,-772.747],"r":[[1,0,0],[0,1,0],[0,0,1]],"s":1,"sphereCenter":[-59.2858,352.716,260.012],"sphereRadius":95.398,"t":[0.094433,2.95213,32.6968]},{"direction":[-0.341118,0.784687,-0.340065],"id":5,"palmNormal":[-0.482173,-0.422294,-0.610609],"palmPosition":[55.806,226.162,207.36],"palmVelocity":[158.388,445.451,25.5595],"r":[[1,0,0],[0,1,0],[0,0,1]],"s":1,"sphereCenter":[60.6398,253.557,240.732],"sphereRadius":94.7693,"t":[16.0013,57.6078,18.7316]}],"id":27935,"pointables":[{"direction":[-0.0813223,0.548453,-0.832218],"handId":3,"id":4,"length":57.6845,"tipPosition":[-46.1869,388.687,206.844],"tipVelocity":[-11.987,74.6915,296.413],"tool":false},{"direction":[-0.502886,0.79697,-0.33458],"handId":5,"id":8,"length":66.81,"tipPosition":[30.3729,334.05,227.027],"tipVelocity":[349.6,887.094,315.118],"tool":false}],"r":[[0.0194361,0.578983,-0.815108],[-0.826767,-0.449127,-0.338735],[-0.562209,0.680488,0.469954]],"s":263.425,"t":[2862.04,-2925.77,3501.53],"timestamp":23801135104},
{"hands":[{"direction":[0.368592,0.406866,-0.62244],"id":3,"palmNormal":[-0.590203,-0.244751,-0.542085],"palmPosition":[-34.8081,385.958,241.04],"palmVelocity":[545.144,3.57475,1311.36],"r":[[1,0,0],[0,1,0],[0,0,1]],"s":1,"sphereCenter":[-55.3152,361.647,257.885],"sphereRadius":86.9617,"t":[0.20823,3.83505,34.7904]},{"direction":[-0.341658,0.783697,-0.368977],"id":5,"palmNormal":[-0.513328,-0.464269,-0.584547],"palmPosition":[56.1037,231.136,206.207],"palmVelocity":[34.5256,576.747,-133.802],"r":[[1,0,0],[0,1,0],[0,0,1]],"s":1,"sphereCenter":[68.6375,257.906,244.199],"sphereRadius":95.4745,"t":[17.7582,65.6289,19.8863]}],"id":27936,"pointables":[{"direction":[-0.0662703,0.512639,-0.856043],"handId":3,"id":4,"length":25.4875,"tipPosition":[-46.0645,388.679,208.495],"tipVelocity":[14.1893,-0.901444,191.498],"tool":false}],"r":[[0.0527748,0.601335,-0.797252],[-0.824052,-0.424722,-0.3749],[-0.564051,0.676762,0.473117]],"s":263.399,"t":[2863.06,-2922.47,3503.77],"timestamp":23801143728},
{"hands":[{"direction":[0.298616,0.470339,-0.631642],"id":3,"palmNormal":[-0.665044,-0.279845,-0.499882],"palmPosition":[-39.507,378.712,231.025],"palmVelocity":[-518.527,-799.571,-1105.14],"r":[[1,0,0],[0,1,0],[0,0,1]],"s":1,"sphereCenter":[-59.1038,358.895,252.256],"sphereRadius":78.2423,"t":[0.420306,3.96217,36.1811]},{"direction":[-0.352049,0.777372,-0.394114],"id":5,"palmNormal":[-0.536603,-0.506802,-0.551994],"palmPosition":[59.2979,221.308,211.1],"palmVelocity":[352.486,-1084.57,540.018],"r":[[1,0,0],[0,1,0],[0,0,1]],"s":1,"sphereCenter":[73.7441,258.636,241.486],"sphereRadius":91.64,"t":[20.2337,64.7252,22.9105]}],"id":27937,"pointables":[{"direction":[-0.0660711,0.81325,-0.578152],"handId":3,"id":4,"length":25.2403,"tipPosition":[-45.7542,388.051,209.183],"tipVelocity":[34.2482,-69.3767,75.8898],"tool":false}],"r":[[0.0896194,0.613975,-0.784221],[-0.827919,-0.391768,-0.401332],[-0.553641,0.685239,0.473212]],"s":263.388,"t":[2863.72,-2921.13,3505.24],"timestamp":23801152790},
{"hands":[{"direction":[0.350543,0.488471,-0.62428],"id":3,"palmNormal":[-0.679728,-0.199531,-0.559232],"palmPosition":[-43.7529,380.335,225.577],"palmVelocity":[-507.881,194.123,-651.765],"r":[[1,0,0],[0,1,0],[0,0,1]],"s":1,"sphereCenter":[-54.2021,364.44,248.353],"sphereRadius":66.55,"t":[0.639946,4.11075,37.389]},{"direction":[-0.346043,0.772631,-0.424057],"id":5,"palmNormal":[-0.551198,-0.535591,-0.53715],"palmPosition":[58.3059,231.958,204.822],"palmVelocity":[-118.669,1273.88,-751.031],"r":[[1,0,0],[0,1,0],[0,0,1]],"s":1,"sphereCenter":[76.8175,264.768,239.263],"sphereRadius":90.1843,"t":[20.9754,69.5982,21.2833]}],"id":27938,"pointables":[{"direction":[-0.0256671,0.874438,-0.484458],"handId":3,"id":4,"length":26.936,"tipPosition":[-45.527,388.221,210.208],"tipVelocity":[27.1772,20.3399,122.632],"tool":false}],"r":[[0.126105,0.626258,-0.769349],[-0.827787,-0.360959,-0.429508],[-0.546686,0.691021,0.472889]],"s":263.371,"t":[2864.16,-2920.38,3506.49],"timestamp":23801161150},
{"hands":[{"direction":[0.330025,0.575919,-0.539918],"id":3,"palmNormal":[-0.642981,-0.144757,-0.639108],"palmPosition":[-27.7357,370.418,225.778],"palmVelocity":[1872.48,-1159.38,23.5855],"r":[[1,0,0],[0,1,0],[0,0,1]],"s":1,"sphereCenter":[-36.5132,338.664,277.815],"sphereRadius":100.663,"t":[0.820945,3.94443,38.4847]}],"id":27939,"pointables":[{"direction":[0.0717475,0.765165,-0.639824],"handId":3,"id":4,"length":29.7879,"tipPosition":[-45.3846,387.739,211.192],"tipVelocity":[16.6424,-56.2564,114.963],"tool":false}],"r":[[0.155204,0.635157,-0.756628],[-0.826611,-0.335902,-0.451535],[-0.540949,0.695517,0.472895]],"s":263.359,"t":[2864.46,-2920.25,3507.6],"timestamp":23801169704},
{"hands":[{"direction":[0.0923248,0.477342,-0.507468],"id":3,"palmNormal":[-0.548064,-0.281733,-0.233027],"palmPosition":[-25.9381,380.416,230.135],"palmVelocity":[204.529,1137.51,495.643],"r":[[1,0,0],[0,1,0],[0,0,1]],"s":1,"sphereCenter":[-128.572,180.707,468.179],"sphereRadius":356.399,"t":[1.81025,8.86005,41.2106]}],"id":27940,"pointables":[{"direction":[0.0332913,0.846339,-0.531603],"handId":10,"id":4,"length":29.5402,"tipPosition":[-45.2324,389.003,211.935],"tipVelocity":[17.3173,143.741,84.5261],"tool":false}],"r":[[0.178403,0.641675,-0.74594],[-0.824988,-0.315616,-0.468809],[-0.536254,0.699028,0.473067]],"s":263.351,"t":[2864.68,-2919.55,3508.53],"timestamp":23801178493},
{"hands":[{"direction":[-0.424431,0.728171,-0.325107],"id":5,"palmNormal":[-0.413902,-0.307071,-0.616833],"palmPosition":[51.8266,273.769,171.713],"palmVelocity":[-248.429,1603.13,-1269.44],"r":[[1,0,0],[0,1,0],[0,0,1]],"s":1,"sphereCenter":[63.5495,322.624,118.652],"sphereRadius":193.078,"t":[0,0,0]}],"id":27941,"pointables":[],"r":[[0.196898,0.646499,-0.737069],[-0.823254,-0.299244,-0.482395],[-0.532432,0.701778,0.473312]],"s":263.345,"t":[2863.56,-2910.62,3502.65],"timestamp":23801187231},
{"hands":[{"direction":[-0.451611,0.730109,-0.224647],"id":5,"palmNormal":[-0.32264,-0.148368,-0.690151],"palmPosition":[50.8574,290.967,169.738],"palmVelocity":[-112.672,1999.32,-229.601],"r":[[1,0,0],[0,1,0],[0,0,1]],"s":1,"sphereCenter":[54.8101,354.245,52.4922],"sphereRadius":239.959,"t":[-0.19384,3.43962,-0.395005]}],"id":27942,"pointables":[],"r":[[0.211649,0.650107,-0.729771],[-0.82159,-0.28606,-0.493111],[-0.529334,0.703939,0.473577]],"s":263.341,"t":[2862.47,-2900.05,3497.56],"timestamp":23801195833},
{"hands":[{"direction":[0.12237,0.557877,-0.477046],"id":3,"palmNormal":[-0.306432,-0.319396,-0.423129],"palmPosition":[-21.9183,322.719,300.631],"palmVelocity":[153.603,-2204.7,2693.78],"r":[[1,0,0],[0,1,0],[0,0,1]],"s":1,"sphereCenter":[-104.36,202.15,459.147],"sphereRadius":304.64,"t":[0,0,0]},{"direction":[-0.444332,0.737514,-0.265131],"id":5,"palmNormal":[-0.375179,-0.26003,-0.658006],"palmPosition":[50.9214,263.338,178.129],"palmVelocity":[7.24822,-3129.04,950.311],"r":[[1,0,0],[0,1,0],[0,0,1]],"s":1,"sphereCenter":[58.6422,344.389,87.0993],"sphereRadius":208.699,"t":[-0.336112,0.665444,0.96724]}],"id":27943,"pointables":[],"r":[[0.216919,0.682574,-0.697882],[-0.781511,-0.306969,-0.543149],[-0.584968,0.663221,0.466852]],"s":263.386,"t":[2862.01,-2900.12,3501.37],"timestamp":23801204663},
