[
    {
      "id": "77325",
      "r": [
        [
          "0.0146411",
          "-0.900083",
          "-0.435473"
        ],
        [
          "0.997537",
          "-0.0167293",
          "0.0681164"
        ],
        [
          "-0.0685955",
          "-0.435398",
          "0.897621"
        ]
      ],
      "s": "3662.75",
      "t": [
        "-13165.6",
        "-54393.4",
        "7494.33"
      ],
      "timestamp": "48493008966"
    },
    {
      "id": "77326",
      "r": [
        [
          "0.0146411",
          "-0.900083",
          "-0.435473"
        ],
        [
          "0.997537",
          "-0.0167293",
          "0.0681164"
        ],
        [
          "-0.0685955",
          "-0.435398",
          "0.897621"
        ]
      ],
      "s": "3662.75",
      "t": [
        "-13165.6",
        "-54393.4",
        "7494.33"
      ],
      "timestamp": "48493026542"
    },
    {
      "id": "77327",
      "r": [
        [
          "0.0146411",
          "-0.900083",
          "-0.435473"
        ],
        [
          "0.997537",
          "-0.0167293",
          "0.0681164"
        ],
        [
          "-0.0685955",
          "-0.435398",
          "0.897621"
        ]
      ],
      "s": "3662.75",
      "t": [
        "-13165.6",
        "-54393.4",
        "7494.33"
      ],
      "timestamp": "48493043871"
    },
    {
      "id": "77328",
      "r": [
        [
          "0.0146411",
          "-0.900083",
          "-0.435473"
        ],
        [
          "0.997537",
          "-0.0167293",
          "0.0681164"
        ],
        [
          "-0.0685955",
          "-0.435398",
          "0.897621"
        ]
      ],
      "s": "3662.75",
      "t": [
        "-13165.6",
        "-54393.4",
        "7494.33"
      ],
      "timestamp": "48493061237"
    },
    {
      "id": "77329",
      "r": [
        [
          "0.0146411",
          "-0.900083",
          "-0.435473"
        ],
        [
          "0.997537",
          "-0.0167293",
          "0.0681164"
        ],
        [
          "-0.0685955",
          "-0.435398",
          "0.897621"
        ]
      ],
      "s": "3662.75",
      "t": [
        "-13165.6",
        "-54393.4",
        "7494.33"
      ],
      "timestamp": "48493078582"
    },
    {
      "id": "77330",
      "r": [
        [
          "0.0146411",
          "-0.900083",
          "-0.435473"
        ],
        [
          "0.997537",
          "-0.0167293",
          "0.0681164"
        ],
        [
          "-0.0685955",
          "-0.435398",
          "0.897621"
        ]
      ],
      "s": "3662.75",
      "t": [
        "-13165.6",
        "-54393.4",
        "7494.33"
      ],
      "timestamp": "48493095998"
    },
    {
      "id": "77331",
      "r": [
        [
          "0.0146411",
          "-0.900083",
          "-0.435473"
        ],
        [
          "0.997537",
          "-0.0167293",
          "0.0681164"
        ],
        [
          "-0.0685955",
          "-0.435398",
          "0.897621"
        ]
      ],
      "s": "3662.75",
      "t": [
        "-13165.6",
        "-54393.4",
        "7494.33"
      ],
      "timestamp": "48493113242"
    },
    {
      "id": "77332",
      "r": [
        [
          "0.0146411",
          "-0.900083",
          "-0.435473"
        ],
        [
          "0.997537",
          "-0.0167293",
          "0.0681164"
        ],
        [
          "-0.0685955",
          "-0.435398",
          "0.897621"
        ]
      ],
      "s": "3662.75",
      "t": [
        "-13165.6",
        "-54393.4",
        "7494.33"
      ],
      "timestamp": "48493130866"
    },
    {
      "id": "77333",
      "r": [
        [
          "0.0146411",
          "-0.900083",
          "-0.435473"
        ],
        [
          "0.997537",
          "-0.0167293",
          "0.0681164"
        ],
        [
          "-0.0685955",
          "-0.435398",
          "0.897621"
        ]
      ],
      "s": "3662.75",
      "t": [
        "-13165.6",
        "-54393.4",
        "7494.33"
      ],
      "timestamp": "48493148102"
    },
    {
      "id": "77334",
      "r": [
        [
          "0.0146411",
          "-0.900083",
          "-0.435473"
        ],
        [
          "0.997537",
          "-0.0167293",
          "0.0681164"
        ],
        [
          "-0.0685955",
          "-0.435398",
          "0.897621"
        ]
      ],
      "s": "3662.75",
      "t": [
        "-13165.6",
        "-54393.4",
        "7494.33"
      ],
      "timestamp": "48493165515"
    },
    {
      "id": "77335",
      "r": [
        [
          "0.0146411",
          "-0.900083",
          "-0.435473"
        ],
        [
          "0.997537",
          "-0.0167293",
          "0.0681164"
        ],
        [
          "-0.0685955",
          "-0.435398",
          "0.897621"
        ]
      ],
      "s": "3662.75",
      "t": [
        "-13165.6",
        "-54393.4",
        "7494.33"
      ],
      "timestamp": "48493182836"
    },
    {
      "id": "77336",
      "r": [
        [
          "0.0146411",
          "-0.900083",
          "-0.435473"
        ],
        [
          "0.997537",
          "-0.0167293",
          "0.0681164"
        ],
        [
          "-0.0685955",
          "-0.435398",
          "0.897621"
        ]
      ],
      "s": "3662.75",
      "t": [
        "-13165.6",
        "-54393.4",
        "7494.33"
      ],
      "timestamp": "48493200250"
    },
    {
      "id": "77337",
      "r": [
        [
          "0.0146411",
          "-0.900083",
          "-0.435473"
        ],
        [
          "0.997537",
          "-0.0167293",
          "0.0681164"
        ],
        [
          "-0.0685955",
          "-0.435398",
          "0.897621"
        ]
      ],
      "s": "3662.75",
      "t": [
        "-13165.6",
        "-54393.4",
        "7494.33"
      ],
      "timestamp": "48493217602"
    },
    {
      "id": "77338",
      "r": [
        [
          "0.0146411",
          "-0.900083",
          "-0.435473"
        ],
        [
          "0.997537",
          "-0.0167293",
          "0.0681164"
        ],
        [
          "-0.0685955",
          "-0.435398",
          "0.897621"
        ]
      ],
      "s": "3662.75",
      "t": [
        "-13165.6",
        "-54393.4",
        "7494.33"
      ],
      "timestamp": "48493235099"
    },
    {
      "id": "77339",
      "r": [
        [
          "0.0146411",
          "-0.900083",
          "-0.435473"
        ],
        [
          "0.997537",
          "-0.0167293",
          "0.0681164"
        ],
        [
          "-0.0685955",
          "-0.435398",
          "0.897621"
        ]
      ],
      "s": "3662.75",
      "t": [
        "-13165.6",
        "-54393.4",
        "7494.33"
      ],
      "timestamp": "48493252372"
    },
    {
      "id": "77340",
      "r": [
        [
          "0.0146411",
          "-0.900083",
          "-0.435473"
        ],
        [
          "0.997537",
          "-0.0167293",
          "0.0681164"
        ],
        [
          "-0.0685955",
          "-0.435398",
          "0.897621"
        ]
      ],
      "s": "3662.75",
      "t": [
        "-13165.6",
        "-54393.4",
        "7494.33"
      ],
      "timestamp": "48493269770"
    },
    {
      "id": "77341",
      "r": [
        [
          "0.0146411",
          "-0.900083",
          "-0.435473"
        ],
        [
          "0.997537",
          "-0.0167293",
          "0.0681164"
        ],
        [
          "-0.0685955",
          "-0.435398",
          "0.897621"
        ]
      ],
      "s": "3662.75",
      "t": [
        "-13165.6",
        "-54393.4",
        "7494.33"
      ],
      "timestamp": "48493287101"
    },
    {
      "id": "77342",
      "r": [
        [
          "0.0146411",
          "-0.900083",
          "-0.435473"
        ],
        [
          "0.997537",
          "-0.0167293",
          "0.0681164"
        ],
        [
          "-0.0685955",
          "-0.435398",
          "0.897621"
        ]
      ],
      "s": "3662.75",
      "t": [
        "-13165.6",
        "-54393.4",
        "7494.33"
      ],
      "timestamp": "48493304323"
    },
    {
      "id": "77343",
      "r": [
        [
          "0.0146411",
          "-0.900083",
          "-0.435473"
        ],
        [
          "0.997537",
          "-0.0167293",
          "0.0681164"
        ],
        [
          "-0.0685955",
          "-0.435398",
          "0.897621"
        ]
      ],
      "s": "3662.75",
      "t": [
        "-13165.6",
        "-54393.4",
        "7494.33"
      ],
      "timestamp": "48493321876"
    },
    {
      "id": "77344",
      "r": [
        [
          "0.0146411",
          "-0.900083",
          "-0.435473"
        ],
        [
          "0.997537",
          "-0.0167293",
          "0.0681164"
        ],
        [
          "-0.0685955",
          "-0.435398",
          "0.897621"
        ]
      ],
      "s": "3662.75",
      "t": [
        "-13165.6",
        "-54393.4",
        "7494.33"
      ],
      "timestamp": "48493339318"
    },
    {
      "id": "77345",
      "r": [
        [
          "0.0146411",
          "-0.900083",
          "-0.435473"
        ],
        [
          "0.997537",
          "-0.0167293",
          "0.0681164"
        ],
        [
          "-0.0685955",
          "-0.435398",
          "0.897621"
        ]
      ],
      "s": "3662.75",
      "t": [
        "-13165.6",
        "-54393.4",
        "7494.33"
      ],
      "timestamp": "48493356591"
    },
    {
      "id": "77346",
      "r": [
        [
          "0.0146411",
          "-0.900083",
          "-0.435473"
        ],
        [
          "0.997537",
          "-0.0167293",
          "0.0681164"
        ],
        [
          "-0.0685955",
          "-0.435398",
          "0.897621"
        ]
      ],
      "s": "3662.75",
      "t": [
        "-13165.6",
        "-54393.4",
        "7494.33"
      ],
      "timestamp": "48493373977"
    },
    {
      "id": "77347",
      "r": [
        [
          "0.0146411",
          "-0.900083",
          "-0.435473"
        ],
        [
          "0.997537",
          "-0.0167293",
          "0.0681164"
        ],
        [
          "-0.0685955",
          "-0.435398",
          "0.897621"
        ]
      ],
      "s": "3662.75",
      "t": [
        "-13165.6",
        "-54393.4",
        "7494.33"
      ],
      "timestamp": "48493391399"
    },
    {
      "id": "77348",
      "r": [
        [
          "0.0146411",
          "-0.900083",
          "-0.435473"
        ],
        [
          "0.997537",
          "-0.0167293",
          "0.0681164"
        ],
        [
          "-0.0685955",
          "-0.435398",
          "0.897621"
        ]
      ],
      "s": "3662.75",
      "t": [
        "-13165.6",
        "-54393.4",
        "7494.33"
      ],
      "timestamp": "48493408541"
    },
    {
      "id": "77349",
      "r": [
        [
          "0.0146411",
          "-0.900083",
          "-0.435473"
        ],
        [
          "0.997537",
          "-0.0167293",
          "0.0681164"
        ],
        [
          "-0.0685955",
          "-0.435398",
          "0.897621"
        ]
      ],
      "s": "3662.75",
      "t": [
        "-13165.6",
        "-54393.4",
        "7494.33"
      ],
      "timestamp": "48493426077"
    },
    {
      "id": "77350",
      "r": [
        [
          "0.0146411",
          "-0.900083",
          "-0.435473"
        ],
        [
          "0.997537",
          "-0.0167293",
          "0.0681164"
        ],
        [
          "-0.0685955",
          "-0.435398",
          "0.897621"
        ]
      ],
      "s": "3662.75",
      "t": [
        "-13165.6",
        "-54393.4",
        "7494.33"
      ],
      "timestamp": "48493443470"
    },
    {
      "id": "77351",
      "r": [
        [
          "0.0146411",
          "-0.900083",
          "-0.435473"
        ],
        [
          "0.997537",
          "-0.0167293",
          "0.0681164"
        ],
        [
          "-0.0685955",
          "-0.435398",
          "0.897621"
        ]
      ],
      "s": "3662.75",
      "t": [
        "-13165.6",
        "-54393.4",
        "7494.33"
      ],
      "timestamp": "48493460862"
    },
    {
      "id": "77352",
      "r": [
        [
          "0.0146411",
          "-0.900083",
          "-0.435473"
        ],
        [
          "0.997537",
          "-0.0167293",
          "0.0681164"
        ],
        [
          "-0.0685955",
          "-0.435398",
          "0.897621"
        ]
      ],
      "s": "3662.75",
      "t": [
        "-13165.6",
        "-54393.4",
        "7494.33"
      ],
      "timestamp": "48493478228"
    },
    {
      "id": "77353",
      "r": [
        [
          "0.0146411",
          "-0.900083",
          "-0.435473"
        ],
        [
          "0.997537",
          "-0.0167293",
          "0.0681164"
        ],
        [
          "-0.0685955",
          "-0.435398",
          "0.897621"
        ]
      ],
      "s": "3662.75",
      "t": [
        "-13165.6",
        "-54393.4",
        "7494.33"
      ],
      "timestamp": "48493495643"
    },
    {
      "id": "77354",
      "r": [
        [
          "0.0146411",
          "-0.900083",
          "-0.435473"
        ],
        [
          "0.997537",
          "-0.0167293",
          "0.0681164"
        ],
        [
          "-0.0685955",
          "-0.435398",
          "0.897621"
        ]
      ],
      "s": "3662.75",
      "t": [
        "-13165.6",
        "-54393.4",
        "7494.33"
      ],
      "timestamp": "48493513024"
    },
    {
      "id": "77355",
      "r": [
        [
          "0.0146411",
          "-0.900083",
          "-0.435473"
        ],
        [
          "0.997537",
          "-0.0167293",
          "0.0681164"
        ],
        [
          "-0.0685955",
          "-0.435398",
          "0.897621"
        ]
      ],
      "s": "3662.75",
      "t": [
        "-13165.6",
        "-54393.4",
        "7494.33"
      ],
      "timestamp": "48493530333"
    },
    {
      "id": "77356",
      "r": [
        [
          "0.0146411",
          "-0.900083",
          "-0.435473"
        ],
        [
          "0.997537",
          "-0.0167293",
          "0.0681164"
        ],
        [
          "-0.0685955",
          "-0.435398",
          "0.897621"
        ]
      ],
      "s": "3662.75",
      "t": [
        "-13165.6",
        "-54393.4",
        "7494.33"
      ],
      "timestamp": "48493547769"
    },
    {
      "id": "77357",
      "r": [
        [
          "0.0146411",
          "-0.900083",
          "-0.435473"
        ],
        [
          "0.997537",
          "-0.0167293",
          "0.0681164"
        ],
        [
          "-0.0685955",
          "-0.435398",
          "0.897621"
        ]
      ],
      "s": "3662.75",
      "t": [
        "-13165.6",
        "-54393.4",
        "7494.33"
      ],
      "timestamp": "48493565099"
    },
    {
      "id": "77358",
      "r": [
        [
          "0.0146411",
          "-0.900083",
          "-0.435473"
        ],
        [
          "0.997537",
          "-0.0167293",
          "0.0681164"
        ],
        [
          "-0.0685955",
          "-0.435398",
          "0.897621"
        ]
      ],
      "s": "3662.75",
      "t": [
        "-13165.6",
        "-54393.4",
        "7494.33"
      ],
      "timestamp": "48493582418"
    },
    {
      "id": "77359",
      "r": [
        [
          "0.0146411",
          "-0.900083",
          "-0.435473"
        ],
        [
          "0.997537",
          "-0.0167293",
          "0.0681164"
        ],
        [
          "-0.0685955",
          "-0.435398",
          "0.897621"
        ]
      ],
      "s": "3662.75",
      "t": [
        "-13165.6",
        "-54393.4",
        "7494.33"
      ],
      "timestamp": "48493599856"
    },
    {
      "id": "77360",
      "r": [
        [
          "0.0146411",
          "-0.900083",
          "-0.435473"
        ],
        [
          "0.997537",
          "-0.0167293",
          "0.0681164"
        ],
        [
          "-0.0685955",
          "-0.435398",
          "0.897621"
        ]
      ],
      "s": "3662.75",
      "t": [
        "-13165.6",
        "-54393.4",
        "7494.33"
      ],
      "timestamp": "48493617226"
    },
    {
      "hands": [
        {
          "direction": [
            "0.00270395",
            "0.341898",
            "-0.786492"
          ],
          "id": "4",
          "palmNormal": [
            "-0.269254",
            "-0.783267",
            "-0.343007"
          ],
          "palmPosition": [
            "17.387",
            "335.815",
            "37.7422"
          ],
          "palmVelocity": [
            "193.724",
            "711.1",
            "-412.006"
          ],
          "r": [
            [
              "1",
              "0",
              "0"
            ],
            [
              "0",
              "1",
              "0"
            ],
            [
              "0",
              "0",
              "1"
            ]
          ],
          "s": "1",
          "sphereCenter": [
            "12.0467",
            "286.751",
            "55.2137"
          ],
          "sphereRadius": "61.8872",
          "t": [
            "0",
            "0",
            "0"
          ]
        }
      ],
      "id": "77361",
      "r": [
        [
          "0.0146411",
          "-0.900083",
          "-0.435473"
        ],
        [
          "0.997537",
          "-0.0167293",
          "0.0681164"
        ],
        [
          "-0.0685955",
          "-0.435398",
          "0.897621"
        ]
      ],
      "s": "3662.75",
      "t": [
        "-13165",
        "-54390.9",
        "7492.89"
      ],
      "timestamp": "48493634664"
    },
    {
      "hands": [
        {
          "direction": [
            "0.0285513",
            "0.417974",
            "-0.771744"
          ],
          "id": "4",
          "palmNormal": [
            "-0.278145",
            "-0.745929",
            "-0.45285"
          ],
          "palmPosition": [
            "20.499",
            "343.258",
            "30.9632"
          ],
          "palmVelocity": [
            "179.802",
            "430.027",
            "-391.665"
          ],
          "r": [
            [
              "1",
              "0",
              "0"
            ],
            [
              "0",
              "1",
              "0"
            ],
            [
              "0",
              "0",
              "1"
            ]
          ],
          "s": "1",
          "sphereCenter": [
            "15.5658",
            "307.628",
            "45.2838"
          ],
          "sphereRadius": "62.6539",
          "t": [
            "0.622402",
            "1.48858",
            "-1.35579"
          ]
        }
      ],
      "id": "77362",
      "r": [
        [
          "0.0146411",
          "-0.900083",
          "-0.435473"
        ],
        [
          "0.997537",
          "-0.0167293",
          "0.0681164"
        ],
        [
          "-0.0685955",
          "-0.435398",
          "0.897621"
        ]
      ],
      "s": "3662.75",
      "t": [
        "-13163.8",
        "-54387.4",
        "7490.39"
      ],
      "timestamp": "48493651972"
    },
    {
      "hands": [
        {
          "direction": [
            "0.0472075",
            "0.478315",
            "-0.759054"
          ],
          "id": "4",
          "palmNormal": [
            "-0.260463",
            "-0.725706",
            "-0.530854"
          ],
          "palmPosition": [
            "21.9273",
            "337.278",
            "27.486"
          ],
          "palmVelocity": [
            "82.1636",
            "-343.989",
            "-200.023"
          ],
          "r": [
            [
              "1",
              "0",
              "0"
            ],
            [
              "0",
              "1",
              "0"
            ],
            [
              "0",
              "0",
              "1"
            ]
          ],
          "s": "1",
          "sphereCenter": [
            "17.3756",
            "320.881",
            "35.6138"
          ],
          "sphereRadius": "63.2605",
          "t": [
            "0.690062",
            "2.81475",
            "-5.00866"
          ]
        }
      ],
      "id": "77363",
      "pointables": [
        {
          "direction": [
            "-0.181019",
            "0.0490066",
            "-0.982258"
          ],
          "handId": "4",
          "id": "14",
          "length": "48.9872",
          "tipPosition": [
            "-34.9655",
            "326.142",
            "0.0650449"
          ],
          "tipVelocity": [
            "-28.0189",
            "66.944",
            "-342.266"
          ],
          "tool": "false"
        }
      ],
      "r": [
        [
          "0.0146411",
          "-0.900083",
          "-0.435473"
        ],
        [
          "0.997537",
          "-0.0167293",
          "0.0681164"
        ],
        [
          "-0.0685955",
          "-0.435398",
          "0.897621"
        ]
      ],
      "s": "3662.75",
      "t": [
        "-13163.5",
        "-54385.1",
        "7486.16"
      ],
      "timestamp": "48493669356"
    },
    {
      "hands": [
        {
          "direction": [
            "0.0360742",
            "0.524214",
            "-0.751636"
          ],
          "id": "4",
          "palmNormal": [
            "-0.246786",
            "-0.720266",
            "-0.575055"
          ],
          "palmPosition": [
            "22.2876",
            "322.473",
            "23.7328"
          ],
          "palmVelocity": [
            "20.7251",
            "-851.618",
            "-215.889"
          ],
          "r": [
            [
              "1",
              "0",
              "0"
            ],
            [
              "0",
              "1",
              "0"
            ],
            [
              "0",
              "0",
              "1"
            ]
          ],
          "s": "1",
          "sphereCenter": [
            "18.5361",
            "323.359",
            "23.9706"
          ],
          "sphereRadius": "63.8203",
          "t": [
            "-0.36918",
            "-0.599085",
            "-9.53573"
          ]
        }
      ],
      "id": "77364",
      "pointables": [
        {
          "direction": [
            "-0.184102",
            "0.0644097",
            "-0.980794"
          ],
          "handId": "4",
          "id": "14",
          "length": "49.2103",
          "tipPosition": [
            "-37.1516",
            "317.988",
            "-5.33624"
          ],
          "tipVelocity": [
            "-125.749",
            "-469.016",
            "-310.686"
          ],
          "tool": "false"
        }
      ],
      "r": [
        [
          "0.0146411",
          "-0.900083",
          "-0.435473"
        ],
        [
          "0.997537",
          "-0.0167293",
          "0.0681164"
        ],
        [
          "-0.0685955",
          "-0.435398",
          "0.897621"
        ]
      ],
      "s": "3662.75",
      "t": [
        "-13164.4",
        "-54388",
        "7481.34"
      ],
      "timestamp": "48493686741"
    },
    {
      "hands": [
        {
          "direction": [
            "0.0292001",
            "0.534681",
            "-0.766073"
          ],
          "id": "4",
          "palmNormal": [
            "-0.24365",
            "-0.742965",
            "-0.569855"
          ],
          "palmPosition": [
            "21.1812",
            "299.962",
            "22.3581"
          ],
          "palmVelocity": [
            "-63.7445",
            "-1296.97",
            "-79.2049"
          ],
          "r": [
            [
              "1",
              "0",
              "0"
            ],
            [
              "0",
              "1",
              "0"
            ],
            [
              "0",
              "0",
              "1"
            ]
          ],
          "s": "1",
          "sphereCenter": [
            "18.6282",
            "317.21",
            "13.497"
          ],
          "sphereRadius": "64.6776",
          "t": [
            "-2.78835",
            "-9.84799",
            "-13.7254"
          ]
        }
      ],
      "id": "77365",
      "pointables": [
        {
          "direction": [
            "-0.196257",
            "0.0671475",
            "-0.978251"
          ],
          "handId": "4",
          "id": "14",
          "length": "49.381",
          "tipPosition": [
            "-40.9307",
            "302.904",
            "-9.18854"
          ],
          "tipVelocity": [
            "-217.728",
            "-869.043",
            "-221.945"
          ],
          "tool": "false"
        }
      ],
      "r": [
        [
          "0.0146411",
          "-0.900083",
          "-0.435473"
        ],
        [
          "0.997537",
          "-0.0167293",
          "0.0681164"
        ],
        [
          "-0.0685955",
          "-0.435398",
          "0.897621"
        ]
      ],
      "s": "3662.75",
      "t": [
        "-13166.7",
        "-54397",
        "7477.01"
      ],
      "timestamp": "48493704098"
    },
    {
      "hands": [
        {
          "direction": [
            "0.0516087",
            "0.506548",
            "-0.795212"
          ],
          "id": "4",
          "palmNormal": [
            "-0.237982",
            "-0.781956",
            "-0.52716"
          ],
          "palmPosition": [
            "17.8085",
            "274.546",
            "23.6388"
          ],
          "palmVelocity": [
            "-193.982",
            "-1461.76",
            "73.6599"
          ],
          "r": [
            [
              "1",
              "0",
              "0"
            ],
            [
              "0",
              "1",
              "0"
            ],
            [
              "0",
              "0",
              "1"
            ]
          ],
          "s": "1",
          "sphereCenter": [
            "16.4699",
            "304.568",
            "3.72475"
          ],
          "sphereRadius": "66.145",
          "t": [
            "-7.14533",
            "-25.976",
            "-16.6021"
          ]
        }
      ],
      "id": "77366",
      "pointables": [
        {
          "direction": [
            "-0.216147",
            "0.0502993",
            "-0.975064"
          ],
          "handId": "4",
          "id": "14",
          "length": "49.4217",
          "tipPosition": [
            "-47.2255",
            "279.897",
            "-10.7523"
          ],
          "tipVelocity": [
            "-362.039",
            "-1323.24",
            "-89.9361"
          ],
          "tool": "false"
        }
      ],
      "r": [
        [
          "0.0146411",
          "-0.900083",
          "-0.435473"
        ],
        [
          "0.997537",
          "-0.0167293",
          "0.0681164"
        ],
        [
          "-0.0685955",
          "-0.435398",
          "0.897621"
        ]
      ],
      "s": "3662.75",
      "t": [
        "-13171.1",
        "-54413",
        "7474.06"
      ],
      "timestamp": "48493721485"
    },
    {
      "hands": [
        {
          "direction": [
            "0.0727811",
            "0.465177",
            "-0.824534"
          ],
          "id": "4",
          "palmNormal": [
            "-0.221687",
            "-0.821842",
            "-0.472538"
          ],
          "palmPosition": [
            "16.1469",
            "255.213",
            "19.81"
          ],
          "palmVelocity": [
            "-96.2634",
            "-1120.02",
            "-221.818"
          ],
          "r": [
            [
              "1",
              "0",
              "0"
            ],
            [
              "0",
              "1",
              "0"
            ],
            [
              "0",
              "0",
              "1"
            ]
          ],
          "s": "1",
          "sphereCenter": [
            "12.3901",
            "283.9",
            "-8.388"
          ],
          "sphereRadius": "69.7539",
          "t": [
            "-13.035",
            "-49.3528",
            "-16.1857"
          ]
        }
      ],
      "id": "77367",
      "pointables": [
        {
          "direction": [
            "-0.243276",
            "0.022168",
            "-0.969704"
          ],
          "handId": "4",
          "id": "14",
          "length": "49.2944",
          "tipPosition": [
            "-54.6479",
            "249.271",
            "-7.04276"
          ],
          "tipVelocity": [
            "-430.012",
            "-1774.26",
            "214.907"
          ],
          "tool": "false"
        }
      ],
      "r": [
        [
          "0.0146411",
          "-0.900083",
          "-0.435473"
        ],
        [
          "0.997537",
          "-0.0167293",
          "0.0681164"
        ],
        [
          "-0.0685955",
          "-0.435398",
          "0.897621"
        ]
      ],
      "s": "3662.75",
      "t": [
        "-13176.9",
        "-54436.3",
        "7474.44"
      ],
      "timestamp": "48493738746"
    },
    {
      "hands": [
        {
          "direction": [
            "0.086654",
            "0.398145",
            "-0.855475"
          ],
          "id": "4",
          "palmNormal": [
            "-0.200112",
            "-0.863057",
            "-0.386872"
          ],
          "palmPosition": [
            "14.2203",
            "237.486",
            "24.2551"
          ],
          "palmVelocity": [
            "-109.641",
            "-1008.83",
            "252.966"
          ],
          "r": [
            [
              "0.999996",
              "-0.00139371",
              "0.00259082"
            ],
            [
              "0.00132722",
              "0.999674",
              "0.0254896"
            ],
            [
              "-0.0026255",
              "-0.0254861",
              "0.999672"
            ]
          ],
          "s": "0.995837",
          "sphereCenter": [
            "9.39196",
            "260.594",
            "-15.1034"
          ],
          "sphereRadius": "72.9996",
          "t": [
            "-17.7271",
            "-68.7256",
            "-13.6476"
          ]
        }
      ],
      "id": "77368",
      "pointables": [
        {
          "direction": [
            "-0.270739",
            "-0.0641485",
            "-0.960513"
          ],
          "handId": "4",
          "id": "14",
          "length": "48.3026",
          "tipPosition": [
            "-59.322",
            "219.892",
            "3.61497"
          ],
          "tipVelocity": [
            "-265.996",
            "-1671.96",
            "606.518"
          ],
          "tool": "false"
        },
        {
          "direction": [
            "-0.0409399",
            "0.868068",
            "-0.494754"
          ],
          "handId": "4",
          "id": "9",
          "length": "55.4098",
          "tipPosition": [
            "-40.1075",
            "301.336",
            "226.182"
          ],
          "tipVelocity": [
            "-131.736",
            "-77.2757",
            "-76.1544"
          ],
          "tool": "false"
        }
      ],
      "r": [
        [
          "0.0133177",
          "-0.900971",
          "-0.433675"
        ],
        [
          "0.99548",
          "-0.0288414",
          "0.090489"
        ],
        [
          "-0.0940358",
          "-0.432919",
          "0.896514"
        ]
      ],
      "s": "3662.74",
      "t": [
        "-13181.6",
        "-54455.7",
        "7476.96"
      ],
      "timestamp": "48493756318"
    },
    {
      "hands": [
        {
          "direction": [
            "0.0811879",
            "0.272473",
            "-0.87652"
          ],
          "id": "4",
          "palmNormal": [
            "-0.210434",
            "-0.88272",
            "-0.231107"
          ],
          "palmPosition": [
            "11.1261",
            "223.178",
            "27.8509"
          ],
          "palmVelocity": [
            "-179.133",
            "-828.37",
            "208.174"
          ],
          "r": [
            [
              "0.999979",
              "0.000512841",
              "0.00639207"
            ],
            [
              "-0.000904421",
              "0.998112",
              "0.0614087"
            ],
            [
              "-0.00634851",
              "-0.0614133",
              "0.998092"
            ]
          ],
          "s": "0.994084",
          "sphereCenter": [
            "7.92924",
            "237.159",
            "-16.0906"
          ],
          "sphereRadius": "75.7065",
          "t": [
            "-21.1246",
            "-89.4721",
            "-11.3961"
          ]
        }
      ],
      "id": "77369",
      "pointables": [
        {
          "direction": [
            "0.311589",
            "-0.0581292",
            "-0.948437"
          ],
          "handId": "4",
          "id": "6",
          "length": "33.2596",
          "tipPosition": [
            "64.9093",
            "223.92",
            "-47.0001"
          ],
          "tipVelocity": [
            "-96.2351",
            "-1453.38",
            "113.759"
          ],
          "tool": "false"
        },
        {
          "direction": [
            "-0.278435",
            "-0.15647",
            "-0.947624"
          ],
          "handId": "4",
          "id": "14",
          "length": "47.3767",
          "tipPosition": [
            "-62.4899",
            "197.772",
            "15.8219"
          ],
          "tipVelocity": [
            "-183.402",
            "-1280.62",
            "706.705"
          ],
          "tool": "false"
        },
        {
          "direction": [
            "-0.0253097",
            "0.744558",
            "-0.667078"
          ],
          "handId": "4",
          "id": "9",
          "length": "55.2945",
          "tipPosition": [
            "-42.2104",
            "300.486",
            "225.589"
          ],
          "tipVelocity": [
            "-121.744",
            "-49.2143",
            "-34.3397"
          ],
          "tool": "false"
        }
      ],
      "r": [
        [
          "0.0152057",
          "-0.90243",
          "-0.430568"
        ],
        [
          "0.991421",
          "-0.0423025",
          "0.123674"
        ],
        [
          "-0.129822",
          "-0.428754",
          "0.894045"
        ]
      ],
      "s": "3662.74",
      "t": [
        "-13185",
        "-54476.4",
        "7479.2"
      ],
      "timestamp": "48493773591"
    },
    {
      "hands": [
        {
          "direction": [
            "0.123024",
            "0.235419",
            "-0.890372"
          ],
          "id": "4",
          "palmNormal": [
            "-0.272604",
            "-0.876528",
            "-0.227806"
          ],
          "palmPosition": [
            "7.85262",
            "215.223",
            "24.0948"
          ],
          "palmVelocity": [
            "-187.775",
            "-456.299",
            "-215.459"
          ],
          "r": [
            [
              "0.999967",
              "0.00516374",
              "0.00625998"
            ],
            [
              "-0.00577895",
              "0.994704",
              "0.102614"
            ],
            [
              "-0.00569696",
              "-0.102647",
              "0.994702"
            ]
          ],
          "s": "0.99153",
          "sphereCenter": [
            "6.3849",
            "243.092",
            "-4.75446"
          ],
          "sphereRadius": "80.1837",
          "t": [
            "-22.4477",
            "-107.386",
            "-6.85923"
          ]
        }
      ],
      "id": "77370",
      "pointables": [
        {
          "direction": [
            "0.271421",
            "0.106994",
            "-0.956495"
          ],
          "handId": "4",
          "id": "2",
          "length": "44.1573",
          "tipPosition": [
            "38.9268",
            "219.223",
            "-58.4564"
          ],
          "tipVelocity": [
            "37.0739",
            "-1236.22",
            "356.434"
          ],
          "tool": "false"
        },
        {
          "direction": [
            "0.323669",
            "-0.101752",
            "-0.940683"
          ],
          "handId": "4",
          "id": "6",
          "length": "35.219",
          "tipPosition": [
            "65.7657",
            "206.185",
            "-39.5693"
          ],
          "tipVelocity": [
            "49.1264",
            "-1017.35",
            "426.249"
          ],
          "tool": "false"
        },
        {
          "direction": [
            "0.416679",
            "-0.263699",
            "-0.869967"
          ],
          "handId": "4",
          "id": "7",
          "length": "29.4477",
          "tipPosition": [
            "81.7958",
            "180.517",
            "2.69169"
          ],
          "tipVelocity": [
            "51.3447",
            "-712.878",
            "585.056"
          ],
          "tool": "false"
        },
        {
          "direction": [
            "-0.00586854",
            "0.553406",
            "-0.832891"
          ],
          "handId": "4",
          "id": "9",
          "length": "54.8968",
          "tipPosition": [
            "-44.0414",
            "300.842",
            "225.614"
          ],
          "tipVelocity": [
            "-105.033",
            "20.4692",
            "1.44477"
          ],
          "tool": "false"
        }
      ],
      "r": [
        [
          "0.0199627",
          "-0.902255",
          "-0.430741"
        ],
        [
          "0.985119",
          "-0.0558114",
          "0.162561"
        ],
        [
          "-0.170712",
          "-0.427576",
          "0.887714"
        ]
      ],
      "s": "3662.74",
      "t": [
        "-13186.3",
        "-54494.3",
        "7483.74"
      ],
      "timestamp": "48493791024"
    },
    {
      "hands": [
        {
          "direction": [
            "0.13698",
            "0.153368",
            "-0.903015"
          ],
          "id": "4",
          "palmNormal": [
            "-0.267152",
            "-0.895372",
            "-0.137433"
          ],
          "palmPosition": [
            "14.2837",
            "210.41",
            "3.3687"
          ],
          "palmVelocity": [
            "372.492",
            "-278.77",
            "-1200.47"
          ],
          "r": [
            [
              "0.999949",
              "0.010099",
              "0.000241819"
            ],
            [
              "-0.0100294",
              "0.989625",
              "0.143327"
            ],
            [
              "0.00120814",
              "-0.143322",
              "0.989675"
            ]
          ],
          "s": "0.988811",
          "sphereCenter": [
            "10.0074",
            "249.069",
            "-9.13178"
          ],
          "sphereRadius": "79.4724",
          "t": [
            "-21.8746",
            "-120.49",
            "-2.44254"
          ]
        }
      ],
      "id": "77371",
      "pointables": [
        {
          "direction": [
            "0.0590573",
            "-0.0986401",
            "-0.993369"
          ],
          "handId": "4",
          "id": "16",
          "length": "62.0295",
          "tipPosition": [
            "4.83363",
            "201.509",
            "-57.5355"
          ],
          "tipVelocity": [
            "615.278",
