[
    {
      "id": "42685",
      "r": [
        [
          "-0.417184",
          "0.891466",
          "0.176764"
        ],
        [
          "0.0765574",
          "-0.159335",
          "0.984252"
        ],
        [
          "0.905592",
          "0.424146",
          "-0.00177633"
        ]
      ],
      "s": "852.01",
      "t": [
        "-1498.31",
        "-20501.2",
        "-2095.92"
      ],
      "timestamp": "6548989456"
    },
    {
      "id": "42686",
      "r": [
        [
          "-0.417184",
          "0.891466",
          "0.176764"
        ],
        [
          "0.0765576",
          "-0.159335",
          "0.984252"
        ],
        [
          "0.905592",
          "0.424147",
          "-0.00177657"
        ]
      ],
      "s": "852.01",
      "t": [
        "-1498.31",
        "-20501.2",
        "-2095.92"
      ],
      "timestamp": "6549006850"
    },
    {
      "id": "42687",
      "r": [
        [
          "-0.417184",
          "0.891466",
          "0.176764"
        ],
        [
          "0.0765577",
          "-0.159335",
          "0.984252"
        ],
        [
          "0.905592",
          "0.424147",
          "-0.00177676"
        ]
      ],
      "s": "852.01",
      "t": [
        "-1498.31",
        "-20501.2",
        "-2095.92"
      ],
      "timestamp": "6549024210"
    },
    {
      "id": "42688",
      "r": [
        [
          "-0.417184",
          "0.891466",
          "0.176764"
        ],
        [
          "0.0765579",
          "-0.159334",
          "0.984252"
        ],
        [
          "0.905592",
          "0.424147",
          "-0.00177691"
        ]
      ],
      "s": "852.01",
      "t": [
        "-1498.31",
        "-20501.2",
        "-2095.92"
      ],
      "timestamp": "6549041446"
    },
    {
      "id": "42689",
      "r": [
        [
          "-0.417184",
          "0.891466",
          "0.176764"
        ],
        [
          "0.076558",
          "-0.159334",
          "0.984252"
        ],
        [
          "0.905592",
          "0.424147",
          "-0.00177704"
        ]
      ],
      "s": "852.01",
      "t": [
        "-1498.31",
        "-20501.2",
        "-2095.92"
      ],
      "timestamp": "6549058953"
    },
    {
      "id": "42690",
      "r": [
        [
          "-0.417185",
          "0.891466",
          "0.176764"
        ],
        [
          "0.076558",
          "-0.159334",
          "0.984252"
        ],
        [
          "0.905591",
          "0.424147",
          "-0.00177714"
        ]
      ],
      "s": "852.01",
      "t": [
        "-1498.31",
        "-20501.2",
        "-2095.92"
      ],
      "timestamp": "6549076331"
    },
    {
      "id": "42691",
      "r": [
        [
          "-0.417185",
          "0.891466",
          "0.176764"
        ],
        [
          "0.0765581",
          "-0.159334",
          "0.984252"
        ],
        [
          "0.905591",
          "0.424147",
          "-0.00177721"
        ]
      ],
      "s": "852.01",
      "t": [
        "-1498.31",
        "-20501.2",
        "-2095.92"
      ],
      "timestamp": "6549093746"
    },
    {
      "id": "42692",
      "r": [
        [
          "-0.417185",
          "0.891466",
          "0.176763"
        ],
        [
          "0.0765582",
          "-0.159334",
          "0.984252"
        ],
        [
          "0.905591",
          "0.424147",
          "-0.00177728"
        ]
      ],
      "s": "852.01",
      "t": [
        "-1498.31",
        "-20501.2",
        "-2095.92"
      ],
      "timestamp": "6549111067"
    },
    {
      "id": "42693",
      "r": [
        [
          "-0.417185",
          "0.891466",
          "0.176763"
        ],
        [
          "0.0765582",
          "-0.159334",
          "0.984252"
        ],
        [
          "0.905591",
          "0.424147",
          "-0.00177733"
        ]
      ],
      "s": "852.01",
      "t": [
        "-1498.31",
        "-20501.2",
        "-2095.92"
      ],
      "timestamp": "6549128444"
    },
    {
      "id": "42694",
      "r": [
        [
          "-0.417185",
          "0.891466",
          "0.176763"
        ],
        [
          "0.0765582",
          "-0.159334",
          "0.984252"
        ],
        [
          "0.905591",
          "0.424148",
          "-0.00177737"
        ]
      ],
      "s": "852.01",
      "t": [
        "-1498.31",
        "-20501.2",
        "-2095.92"
      ],
      "timestamp": "6549145873"
    },
    {
      "id": "42695",
      "r": [
        [
          "-0.417185",
          "0.891466",
          "0.176763"
        ],
        [
          "0.0765583",
          "-0.159334",
          "0.984252"
        ],
        [
          "0.905591",
          "0.424148",
          "-0.0017774"
        ]
      ],
      "s": "852.01",
      "t": [
        "-1498.31",
        "-20501.2",
        "-2095.92"
      ],
      "timestamp": "6549163203"
    },
    {
      "id": "42696",
      "r": [
        [
          "-0.417185",
          "0.891466",
          "0.176763"
        ],
        [
          "0.0765583",
          "-0.159334",
          "0.984252"
        ],
        [
          "0.905591",
          "0.424148",
          "-0.00177743"
        ]
      ],
      "s": "852.01",
      "t": [
        "-1498.31",
        "-20501.2",
        "-2095.92"
      ],
      "timestamp": "6549180717"
    },
    {
      "id": "42697",
      "r": [
        [
          "-0.417185",
          "0.891466",
          "0.176763"
        ],
        [
          "0.0765583",
          "-0.159334",
          "0.984252"
        ],
        [
          "0.905591",
          "0.424148",
          "-0.00177745"
        ]
      ],
      "s": "852.01",
      "t": [
        "-1498.31",
        "-20501.2",
        "-2095.92"
      ],
      "timestamp": "6549197952"
    },
    {
      "id": "42698",
      "r": [
        [
          "-0.417185",
          "0.891466",
          "0.176763"
        ],
        [
          "0.0765583",
          "-0.159334",
          "0.984252"
        ],
        [
          "0.905591",
          "0.424148",
          "-0.00177746"
        ]
      ],
      "s": "852.01",
      "t": [
        "-1498.31",
        "-20501.2",
        "-2095.92"
      ],
      "timestamp": "6549215318"
    },
    {
      "id": "42699",
      "r": [
        [
          "-0.417185",
          "0.891466",
          "0.176763"
        ],
        [
          "0.0765583",
          "-0.159334",
          "0.984252"
        ],
        [
          "0.905591",
          "0.424148",
          "-0.00177748"
        ]
      ],
      "s": "852.01",
      "t": [
        "-1498.31",
        "-20501.2",
        "-2095.92"
      ],
      "timestamp": "6549232834"
    },
    {
      "id": "42700",
      "r": [
        [
          "-0.417185",
          "0.891466",
          "0.176763"
        ],
        [
          "0.0765583",
          "-0.159334",
          "0.984252"
        ],
        [
          "0.905591",
          "0.424148",
          "-0.00177749"
        ]
      ],
      "s": "852.01",
      "t": [
        "-1498.31",
        "-20501.2",
        "-2095.92"
      ],
      "timestamp": "6549250071"
    },
    {
      "id": "42701",
      "r": [
        [
          "-0.417185",
          "0.891466",
          "0.176763"
        ],
        [
          "0.0765583",
          "-0.159334",
          "0.984252"
        ],
        [
          "0.905591",
          "0.424148",
          "-0.0017775"
        ]
      ],
      "s": "852.01",
      "t": [
        "-1498.31",
        "-20501.2",
        "-2095.92"
      ],
      "timestamp": "6549267350"
    },
    {
      "id": "42702",
      "r": [
        [
          "-0.417185",
          "0.891466",
          "0.176763"
        ],
        [
          "0.0765583",
          "-0.159334",
          "0.984252"
        ],
        [
          "0.905591",
          "0.424148",
          "-0.0017775"
        ]
      ],
      "s": "852.01",
      "t": [
        "-1498.31",
        "-20501.2",
        "-2095.92"
      ],
      "timestamp": "6549284964"
    },
    {
      "id": "42703",
      "r": [
        [
          "-0.417185",
          "0.891466",
          "0.176763"
        ],
        [
          "0.0765583",
          "-0.159334",
          "0.984252"
        ],
        [
          "0.905591",
          "0.424148",
          "-0.00177751"
        ]
      ],
      "s": "852.01",
      "t": [
        "-1498.31",
        "-20501.2",
        "-2095.92"
      ],
      "timestamp": "6549302331"
    },
    {
      "id": "42704",
      "r": [
        [
          "-0.417185",
          "0.891466",
          "0.176763"
        ],
        [
          "0.0765583",
          "-0.159334",
          "0.984252"
        ],
        [
          "0.905591",
          "0.424148",
          "-0.00177751"
        ]
      ],
      "s": "852.01",
      "t": [
        "-1498.31",
        "-20501.2",
        "-2095.92"
      ],
      "timestamp": "6549319699"
    },
    {
      "id": "42705",
      "r": [
        [
          "-0.417185",
          "0.891466",
          "0.176763"
        ],
        [
          "0.0765583",
          "-0.159334",
          "0.984252"
        ],
        [
          "0.905591",
          "0.424148",
          "-0.00177752"
        ]
      ],
      "s": "852.01",
      "t": [
        "-1498.31",
        "-20501.2",
        "-2095.92"
      ],
      "timestamp": "6549337094"
    },
    {
      "id": "42706",
      "r": [
        [
          "-0.417185",
          "0.891466",
          "0.176763"
        ],
        [
          "0.0765583",
          "-0.159334",
          "0.984252"
        ],
        [
          "0.905591",
          "0.424148",
          "-0.00177752"
        ]
      ],
      "s": "852.01",
      "t": [
        "-1498.31",
        "-20501.2",
        "-2095.92"
      ],
      "timestamp": "6549354546"
    },
    {
      "id": "42707",
      "r": [
        [
          "-0.417185",
          "0.891466",
          "0.176763"
        ],
        [
          "0.0765583",
          "-0.159334",
          "0.984252"
        ],
        [
          "0.905591",
          "0.424148",
          "-0.00177752"
        ]
      ],
      "s": "852.01",
      "t": [
        "-1498.31",
        "-20501.2",
        "-2095.92"
      ],
      "timestamp": "6549371634"
    },
    {
      "id": "42708",
      "r": [
        [
          "-0.417185",
          "0.891466",
          "0.176763"
        ],
        [
          "0.0765583",
          "-0.159334",
          "0.984252"
        ],
        [
          "0.905591",
          "0.424148",
          "-0.00177752"
        ]
      ],
      "s": "852.01",
      "t": [
        "-1498.31",
        "-20501.2",
        "-2095.92"
      ],
      "timestamp": "6549389199"
    },
    {
      "id": "42709",
      "r": [
        [
          "-0.417185",
          "0.891466",
          "0.176763"
        ],
        [
          "0.0765583",
          "-0.159334",
          "0.984252"
        ],
        [
          "0.905591",
          "0.424148",
          "-0.00177752"
        ]
      ],
      "s": "852.01",
      "t": [
        "-1498.31",
        "-20501.2",
        "-2095.92"
      ],
      "timestamp": "6549406642"
    },
    {
      "id": "42710",
      "r": [
        [
          "-0.417185",
          "0.891466",
          "0.176763"
        ],
        [
          "0.0765584",
          "-0.159334",
          "0.984252"
        ],
        [
          "0.905591",
          "0.424148",
          "-0.00177752"
        ]
      ],
      "s": "852.01",
      "t": [
        "-1498.31",
        "-20501.2",
        "-2095.92"
      ],
      "timestamp": "6549424013"
    },
    {
      "id": "42711",
      "r": [
        [
          "-0.417185",
          "0.891466",
          "0.176763"
        ],
        [
          "0.0765584",
          "-0.159334",
          "0.984252"
        ],
        [
          "0.905591",
          "0.424148",
          "-0.00177753"
        ]
      ],
      "s": "852.01",
      "t": [
        "-1498.31",
        "-20501.2",
        "-2095.92"
      ],
      "timestamp": "6549441348"
    },
    {
      "id": "42712",
      "r": [
        [
          "-0.417185",
          "0.891466",
          "0.176763"
        ],
        [
          "0.0765584",
          "-0.159334",
          "0.984252"
        ],
        [
          "0.905591",
          "0.424148",
          "-0.00177753"
        ]
      ],
      "s": "852.01",
      "t": [
        "-1498.31",
        "-20501.2",
        "-2095.92"
      ],
      "timestamp": "6549458736"
    },
    {
      "id": "42713",
      "r": [
        [
          "-0.417185",
          "0.891466",
          "0.176763"
        ],
        [
          "0.0765584",
          "-0.159334",
          "0.984252"
        ],
        [
          "0.905591",
          "0.424148",
          "-0.00177753"
        ]
      ],
      "s": "852.01",
      "t": [
        "-1498.31",
        "-20501.2",
        "-2095.92"
      ],
      "timestamp": "6549476060"
    },
    {
      "id": "42714",
      "r": [
        [
          "-0.417185",
          "0.891466",
          "0.176763"
        ],
        [
          "0.0765584",
          "-0.159334",
          "0.984252"
        ],
        [
          "0.905591",
          "0.424148",
          "-0.00177753"
        ]
      ],
      "s": "852.01",
      "t": [
        "-1498.31",
        "-20501.2",
        "-2095.92"
      ],
      "timestamp": "6549493210"
    },
    {
      "id": "42715",
      "r": [
        [
          "-0.417185",
          "0.891466",
          "0.176763"
        ],
        [
          "0.0765584",
          "-0.159334",
          "0.984252"
        ],
        [
          "0.905591",
          "0.424148",
          "-0.00177753"
        ]
      ],
      "s": "852.01",
      "t": [
        "-1498.31",
        "-20501.2",
        "-2095.92"
      ],
      "timestamp": "6549510943"
    },
    {
      "id": "42716",
      "r": [
        [
          "-0.417185",
          "0.891466",
          "0.176763"
        ],
        [
          "0.0765584",
          "-0.159334",
          "0.984252"
        ],
        [
          "0.905591",
          "0.424148",
          "-0.00177753"
        ]
      ],
      "s": "852.01",
      "t": [
        "-1498.31",
        "-20501.2",
        "-2095.92"
      ],
      "timestamp": "6549528013"
    },
    {
      "id": "42717",
      "r": [
        [
          "-0.417185",
          "0.891466",
          "0.176763"
        ],
        [
          "0.0765584",
          "-0.159334",
          "0.984252"
        ],
        [
          "0.905591",
          "0.424148",
          "-0.00177753"
        ]
      ],
      "s": "852.01",
      "t": [
        "-1498.31",
        "-20501.2",
        "-2095.92"
      ],
      "timestamp": "6549545577"
    },
    {
      "id": "42718",
      "r": [
        [
          "-0.417185",
          "0.891466",
          "0.176763"
        ],
        [
          "0.0765584",
          "-0.159334",
          "0.984252"
        ],
        [
          "0.905591",
          "0.424148",
          "-0.00177753"
        ]
      ],
      "s": "852.01",
      "t": [
        "-1498.31",
        "-20501.2",
        "-2095.92"
      ],
      "timestamp": "6549562952"
    },
    {
      "id": "42719",
      "r": [
        [
          "-0.417185",
          "0.891466",
          "0.176763"
        ],
        [
          "0.0765584",
          "-0.159334",
          "0.984252"
        ],
        [
          "0.905591",
          "0.424148",
          "-0.00177753"
        ]
      ],
      "s": "852.01",
      "t": [
        "-1498.31",
        "-20501.2",
        "-2095.92"
      ],
      "timestamp": "6549580114"
    },
    {
      "id": "42720",
      "r": [
        [
          "-0.417185",
          "0.891466",
          "0.176763"
        ],
        [
          "0.0765584",
          "-0.159334",
          "0.984252"
        ],
        [
          "0.905591",
          "0.424148",
          "-0.00177753"
        ]
      ],
      "s": "852.01",
      "t": [
        "-1498.31",
        "-20501.2",
        "-2095.92"
      ],
      "timestamp": "6549597675"
    },
    {
      "id": "42721",
      "r": [
        [
          "-0.417185",
          "0.891466",
          "0.176763"
        ],
        [
          "0.0765584",
          "-0.159334",
          "0.984252"
        ],
        [
          "0.905591",
          "0.424148",
          "-0.00177753"
        ]
      ],
      "s": "852.01",
      "t": [
        "-1498.31",
        "-20501.2",
        "-2095.92"
      ],
      "timestamp": "6549615069"
    },
    {
      "id": "42722",
      "r": [
        [
          "-0.417185",
          "0.891466",
          "0.176763"
        ],
        [
          "0.0765584",
          "-0.159334",
          "0.984252"
        ],
        [
          "0.905591",
          "0.424148",
          "-0.00177753"
        ]
      ],
      "s": "852.01",
      "t": [
        "-1498.31",
        "-20501.2",
        "-2095.92"
      ],
      "timestamp": "6549632465"
    },
    {
      "id": "42723",
      "r": [
        [
          "-0.417185",
          "0.891466",
          "0.176763"
        ],
        [
          "0.0765584",
          "-0.159334",
          "0.984252"
        ],
        [
          "0.905591",
          "0.424148",
          "-0.00177753"
        ]
      ],
      "s": "852.01",
      "t": [
        "-1498.31",
        "-20501.2",
        "-2095.92"
      ],
      "timestamp": "6549649825"
    },
    {
      "id": "42724",
      "r": [
        [
          "-0.417185",
          "0.891466",
          "0.176763"
        ],
        [
          "0.0765584",
          "-0.159334",
          "0.984252"
        ],
        [
          "0.905591",
          "0.424148",
          "-0.00177753"
        ]
      ],
      "s": "852.01",
      "t": [
        "-1498.31",
        "-20501.2",
        "-2095.92"
      ],
      "timestamp": "6549667202"
    },
    {
      "id": "42725",
      "r": [
        [
          "-0.417185",
          "0.891466",
          "0.176763"
        ],
        [
          "0.0765584",
          "-0.159334",
          "0.984252"
        ],
        [
          "0.905591",
          "0.424148",
          "-0.00177753"
        ]
      ],
      "s": "852.01",
      "t": [
        "-1498.31",
        "-20501.2",
        "-2095.92"
      ],
      "timestamp": "6549684528"
    },
    {
      "id": "42726",
      "r": [
        [
          "-0.417185",
          "0.891466",
          "0.176763"
        ],
        [
          "0.0765584",
          "-0.159334",
          "0.984252"
        ],
        [
          "0.905591",
          "0.424148",
          "-0.00177753"
        ]
      ],
      "s": "852.01",
      "t": [
        "-1498.31",
        "-20501.2",
        "-2095.92"
      ],
      "timestamp": "6549701958"
    },
    {
      "id": "42727",
      "r": [
        [
          "-0.417185",
          "0.891466",
          "0.176763"
        ],
        [
          "0.0765584",
          "-0.159334",
          "0.984252"
        ],
        [
          "0.905591",
          "0.424148",
          "-0.00177753"
        ]
      ],
      "s": "852.01",
      "t": [
        "-1498.31",
        "-20501.2",
        "-2095.92"
      ],
      "timestamp": "6549719332"
    },
    {
      "id": "42728",
      "r": [
        [
          "-0.417185",
          "0.891466",
          "0.176763"
        ],
        [
          "0.0765584",
          "-0.159334",
          "0.984252"
        ],
        [
          "0.905591",
          "0.424148",
          "-0.00177753"
        ]
      ],
      "s": "852.01",
      "t": [
        "-1498.31",
        "-20501.2",
        "-2095.92"
      ],
      "timestamp": "6549736700"
    },
    {
      "id": "42729",
      "r": [
        [
          "-0.417185",
          "0.891466",
          "0.176763"
        ],
        [
          "0.0765584",
          "-0.159334",
          "0.984252"
        ],
        [
          "0.905591",
          "0.424148",
          "-0.00177753"
        ]
      ],
      "s": "852.01",
      "t": [
        "-1498.31",
        "-20501.2",
        "-2095.92"
      ],
      "timestamp": "6549754090"
    },
    {
      "id": "42730",
      "r": [
        [
          "-0.417185",
          "0.891466",
          "0.176763"
        ],
        [
          "0.0765584",
          "-0.159334",
          "0.984252"
        ],
        [
          "0.905591",
          "0.424148",
          "-0.00177753"
        ]
      ],
      "s": "852.01",
      "t": [
        "-1498.31",
        "-20501.2",
        "-2095.92"
      ],
      "timestamp": "6549771500"
    },
    {
      "id": "42731",
      "r": [
        [
          "-0.417185",
          "0.891466",
          "0.176763"
        ],
        [
          "0.0765584",
          "-0.159334",
          "0.984252"
        ],
        [
          "0.905591",
          "0.424148",
          "-0.00177753"
        ]
      ],
      "s": "852.01",
      "t": [
        "-1498.31",
        "-20501.2",
        "-2095.92"
      ],
      "timestamp": "6549788838"
    },
    {
      "id": "42732",
      "r": [
        [
          "-0.417185",
          "0.891466",
          "0.176763"
        ],
        [
          "0.0765584",
          "-0.159334",
          "0.984252"
        ],
        [
          "0.905591",
          "0.424148",
          "-0.00177753"
        ]
      ],
      "s": "852.01",
      "t": [
        "-1498.31",
        "-20501.2",
        "-2095.92"
      ],
      "timestamp": "6549806225"
    },
    {
      "id": "42733",
      "r": [
        [
          "-0.417185",
          "0.891466",
          "0.176763"
        ],
        [
          "0.0765584",
          "-0.159334",
          "0.984252"
        ],
        [
          "0.905591",
          "0.424148",
          "-0.00177753"
        ]
      ],
      "s": "852.01",
      "t": [
        "-1498.31",
        "-20501.2",
        "-2095.92"
      ],
      "timestamp": "6549823657"
    },
    {
      "id": "42734",
      "r": [
        [
          "-0.417185",
          "0.891466",
          "0.176763"
        ],
        [
          "0.0765584",
          "-0.159334",
          "0.984252"
        ],
        [
          "0.905591",
          "0.424148",
          "-0.00177753"
        ]
      ],
      "s": "852.01",
      "t": [
        "-1498.31",
        "-20501.2",
        "-2095.92"
      ],
      "timestamp": "6549840988"
    },
    {
      "id": "42735",
      "r": [
        [
          "-0.417185",
          "0.891466",
          "0.176763"
        ],
        [
          "0.0765584",
          "-0.159334",
          "0.984252"
        ],
        [
          "0.905591",
          "0.424148",
          "-0.00177753"
        ]
      ],
      "s": "852.01",
      "t": [
        "-1498.31",
        "-20501.2",
        "-2095.92"
      ],
      "timestamp": "6549858131"
    },
    {
      "id": "42736",
      "r": [
        [
          "-0.417185",
          "0.891466",
          "0.176763"
        ],
        [
          "0.0765584",
          "-0.159334",
          "0.984252"
        ],
        [
          "0.905591",
          "0.424148",
          "-0.00177753"
        ]
      ],
      "s": "852.01",
      "t": [
        "-1498.31",
        "-20501.2",
        "-2095.92"
      ],
      "timestamp": "6549875699"
    },
    {
      "id": "42737",
      "r": [
        [
          "-0.417185",
          "0.891466",
          "0.176763"
        ],
        [
          "0.0765584",
          "-0.159334",
          "0.984252"
        ],
        [
          "0.905591",
          "0.424148",
          "-0.00177753"
        ]
      ],
      "s": "852.01",
      "t": [
        "-1498.31",
        "-20501.2",
        "-2095.92"
      ],
      "timestamp": "6549893072"
    },
    {
      "id": "42738",
      "r": [
        [
          "-0.417185",
          "0.891466",
          "0.176763"
        ],
        [
          "0.0765584",
          "-0.159334",
          "0.984252"
        ],
        [
          "0.905591",
          "0.424148",
          "-0.00177753"
        ]
      ],
      "s": "852.01",
      "t": [
        "-1498.31",
        "-20501.2",
        "-2095.92"
      ],
      "timestamp": "6549910321"
    },
    {
      "id": "42739",
      "r": [
        [
          "-0.417185",
          "0.891466",
          "0.176763"
        ],
        [
          "0.0765584",
          "-0.159334",
          "0.984252"
        ],
        [
          "0.905591",
          "0.424148",
          "-0.00177753"
        ]
      ],
      "s": "852.01",
      "t": [
        "-1498.31",
        "-20501.2",
        "-2095.92"
      ],
      "timestamp": "6549927823"
    },
    {
      "id": "42740",
      "r": [
        [
          "-0.417185",
          "0.891466",
          "0.176763"
        ],
        [
          "0.0765584",
          "-0.159334",
          "0.984252"
        ],
        [
          "0.905591",
          "0.424148",
          "-0.00177753"
        ]
      ],
      "s": "852.01",
      "t": [
        "-1498.31",
        "-20501.2",
        "-2095.92"
      ],
      "timestamp": "6549945199"
    },
    {
      "id": "42741",
      "r": [
        [
          "-0.417185",
          "0.891466",
          "0.176763"
        ],
        [
          "0.0765584",
          "-0.159334",
          "0.984252"
        ],
        [
          "0.905591",
          "0.424148",
          "-0.00177753"
        ]
      ],
      "s": "852.01",
      "t": [
        "-1498.31",
        "-20501.2",
        "-2095.92"
      ],
      "timestamp": "6549962568"
    },
    {
      "id": "42742",
      "r": [
        [
          "-0.417185",
          "0.891466",
          "0.176763"
        ],
        [
          "0.0765584",
          "-0.159334",
          "0.984252"
        ],
        [
          "0.905591",
          "0.424148",
          "-0.00177753"
        ]
      ],
      "s": "852.01",
      "t": [
        "-1498.31",
        "-20501.2",
        "-2095.92"
      ],
      "timestamp": "6549979959"
    },
    {
      "id": "42743",
      "r": [
        [
          "-0.417185",
          "0.891466",
          "0.176763"
        ],
        [
          "0.0765584",
          "-0.159334",
          "0.984252"
        ],
        [
          "0.905591",
          "0.424148",
          "-0.00177753"
        ]
      ],
      "s": "852.01",
      "t": [
        "-1498.31",
        "-20501.2",
        "-2095.92"
      ],
      "timestamp": "6549997335"
    },
    {
      "id": "42744",
      "r": [
        [
          "-0.417185",
          "0.891466",
          "0.176763"
        ],
        [
          "0.0765584",
          "-0.159334",
          "0.984252"
        ],
        [
          "0.905591",
          "0.424148",
          "-0.00177753"
        ]
      ],
      "s": "852.01",
      "t": [
        "-1498.31",
        "-20501.2",
        "-2095.92"
      ],
      "timestamp": "6550014718"
    },
    {
      "id": "42745",
      "r": [
        [
          "-0.417185",
          "0.891466",
          "0.176763"
        ],
        [
          "0.0765584",
          "-0.159334",
          "0.984252"
        ],
        [
          "0.905591",
          "0.424148",
          "-0.00177753"
        ]
      ],
      "s": "852.01",
      "t": [
        "-1498.31",
        "-20501.2",
        "-2095.92"
      ],
      "timestamp": "6550032106"
    },
    {
      "id": "42746",
      "r": [
        [
          "-0.417185",
          "0.891466",
          "0.176763"
        ],
        [
          "0.0765584",
          "-0.159334",
          "0.984252"
        ],
        [
          "0.905591",
          "0.424148",
          "-0.00177753"
        ]
      ],
      "s": "852.01",
      "t": [
        "-1498.31",
        "-20501.2",
        "-2095.92"
      ],
      "timestamp": "6550049369"
    },
    {
      "id": "42747",
      "r": [
        [
          "-0.417185",
          "0.891466",
          "0.176763"
        ],
        [
          "0.0765584",
          "-0.159334",
          "0.984252"
        ],
        [
          "0.905591",
          "0.424148",
          "-0.00177753"
        ]
      ],
      "s": "852.01",
      "t": [
        "-1498.31",
        "-20501.2",
        "-2095.92"
      ],
      "timestamp": "6550066690"
    },
    {
      "id": "42748",
      "r": [
        [
          "-0.417185",
          "0.891466",
          "0.176763"
        ],
        [
          "0.0765584",
          "-0.159334",
          "0.984252"
        ],
        [
          "0.905591",
          "0.424148",
          "-0.00177753"
        ]
      ],
      "s": "852.01",
      "t": [
        "-1498.31",
        "-20501.2",
        "-2095.92"
      ],
      "timestamp": "6550084250"
    },
    {
      "id": "42749",
      "r": [
        [
          "-0.417185",
          "0.891466",
          "0.176763"
        ],
        [
          "0.0765584",
          "-0.159334",
          "0.984252"
        ],
        [
          "0.905591",
          "0.424148",
          "-0.00177753"
        ]
      ],
      "s": "852.01",
      "t": [
        "-1498.31",
        "-20501.2",
        "-2095.92"
      ],
      "timestamp": "6550101573"
    },
    {
      "id": "42750",
      "r": [
        [
          "-0.417185",
          "0.891466",
          "0.176763"
        ],
        [
          "0.0765584",
          "-0.159334",
          "0.984252"
        ],
        [
          "0.905591",
          "0.424148",
          "-0.00177753"
        ]
      ],
      "s": "852.01",
      "t": [
        "-1498.31",
        "-20501.2",
        "-2095.92"
      ],
      "timestamp": "6550118960"
    },
    {
      "id": "42751",
      "r": [
        [
          "-0.417185",
          "0.891466",
          "0.176763"
        ],
        [
          "0.0765584",
          "-0.159334",
          "0.984252"
        ],
        [
          "0.905591",
          "0.424148",
          "-0.00177753"
        ]
      ],
      "s": "852.01",
      "t": [
        "-1498.31",
        "-20501.2",
        "-2095.92"
      ],
      "timestamp": "6550136361"
    },
    {
      "id": "42752",
      "r": [
        [
          "-0.417185",
          "0.891466",
          "0.176763"
        ],
        [
          "0.0765584",
          "-0.159334",
          "0.984252"
        ],
        [
          "0.905591",
          "0.424148",
          "-0.00177753"
        ]
      ],
      "s": "852.01",
      "t": [
        "-1498.31",
        "-20501.2",
        "-2095.92"
      ],
      "timestamp": "6550153682"
    },
    {
      "id": "42753",
      "r": [
        [
          "-0.417185",
          "0.891466",
          "0.176763"
        ],
        [
          "0.0765584",
          "-0.159334",
          "0.984252"
        ],
        [
          "0.905591",
          "0.424148",
          "-0.00177753"
        ]
      ],
      "s": "852.01",
      "t": [
        "-1498.31",
        "-20501.2",
        "-2095.92"
      ],
      "timestamp": "6550171089"
    },
    {
      "id": "42754",
      "r": [
        [
          "-0.417185",
          "0.891466",
          "0.176763"
        ],
        [
          "0.0765584",
          "-0.159334",
          "0.984252"
        ],
        [
          "0.905591",
          "0.424148",
          "-0.00177753"
        ]
      ],
      "s": "852.01",
      "t": [
        "-1498.31",
        "-20501.2",
        "-2095.92"
      ],
      "timestamp": "6550188451"
    },
    {
      "id": "42755",
      "r": [
        [
          "-0.417185",
          "0.891466",
          "0.176763"
        ],
        [
          "0.0765584",
          "-0.159334",
          "0.984252"
        ],
        [
          "0.905591",
          "0.424148",
          "-0.00177753"
        ]
      ],
      "s": "852.01",
      "t": [
        "-1498.31",
        "-20501.2",
        "-2095.92"
      ],
      "timestamp": "6550205840"
    },
    {
      "id": "42756",
      "r": [
        [
          "-0.417185",
          "0.891466",
          "0.176763"
        ],
        [
          "0.0765584",
          "-0.159334",
          "0.984252"
        ],
        [
          "0.905591",
          "0.424148",
          "-0.00177753"
        ]
      ],
      "s": "852.01",
      "t": [
        "-1498.31",
        "-20501.2",
        "-2095.92"
      ],
      "timestamp": "6550223219"
    },
    {
      "id": "42757",
      "r": [
        [
          "-0.417185",
          "0.891466",
          "0.176763"
        ],
        [
          "0.0765584",
          "-0.159334",
          "0.984252"
        ],
        [
          "0.905591",
          "0.424148",
          "-0.00177753"
        ]
      ],
      "s": "852.01",
      "t": [
        "-1498.31",
        "-20501.2",
        "-2095.92"
      ],
      "timestamp": "6550240563"
    },
    {
      "id": "42758",
      "r": [
        [
          "-0.417185",
          "0.891466",
          "0.176763"
        ],
        [
          "0.0765584",
          "-0.159334",
          "0.984252"
        ],
        [
          "0.905591",
          "0.424148",
          "-0.00177753"
        ]
      ],
      "s": "852.01",
      "t": [
        "-1498.31",
        "-20501.2",
        "-2095.92"
      ],
      "timestamp": "6550257911"
    },
    {
      "id": "42759",
      "r": [
        [
          "-0.417185",
          "0.891466",
          "0.176763"
        ],
        [
          "0.0765584",
          "-0.159334",
          "0.984252"
        ],
        [
          "0.905591",
          "0.424148",
          "-0.00177753"
        ]
      ],
      "s": "852.01",
      "t": [
        "-1498.31",
        "-20501.2",
        "-2095.92"
      ],
      "timestamp": "6550275328"
    },
    {
      "id": "42760",
      "r": [
        [
          "-0.417185",
          "0.891466",
          "0.176763"
        ],
        [
          "0.0765584",
          "-0.159334",
          "0.984252"
        ],
        [
          "0.905591",
          "0.424148",
          "-0.00177753"
        ]
      ],
      "s": "852.01",
      "t": [
        "-1498.31",
        "-20501.2",
        "-2095.92"
      ],
      "timestamp": "6550292702"
    },
    {
      "id": "42761",
      "r": [
        [
          "-0.417185",
          "0.891466",
          "0.176763"
        ],
        [
          "0.0765584",
          "-0.159334",
          "0.984252"
        ],
        [
          "0.905591",
          "0.424148",
          "-0.00177753"
        ]
      ],
      "s": "852.01",
      "t": [
        "-1498.31",
        "-20501.2",
        "-2095.92"
      ],
      "timestamp": "6550310080"
    },
    {
      "id": "42762",
      "r": [
        [
          "-0.417185",
          "0.891466",
          "0.176763"
        ],
        [
          "0.0765584",
          "-0.159334",
          "0.984252"
        ],
        [
          "0.905591",
          "0.424148",
          "-0.00177753"
        ]
      ],
      "s": "852.01",
      "t": [
        "-1498.31",
        "-20501.2",
        "-2095.92"
      ],
      "timestamp": "6550327444"
    },
    {
      "id": "42763",
      "r": [
        [
          "-0.417185",
          "0.891466",
          "0.176763"
        ],
        [
          "0.0765584",
          "-0.159334",
          "0.984252"
        ],
        [
          "0.905591",
          "0.424148",
          "-0.00177753"
        ]
      ],
      "s": "852.01",
      "t": [
        "-1498.31",
        "-20501.2",
        "-2095.92"
      ],
      "timestamp": "6550344817"
    },
    {
      "id": "42764",
      "r": [
        [
          "-0.417185",
          "0.891466",
          "0.176763"
        ],
        [
          "0.0765584",
          "-0.159334",
          "0.984252"
        ],
        [
          "0.905591",
          "0.424148",
          "-0.00177753"
        ]
      ],
      "s": "852.01",
      "t": [
        "-1498.31",
        "-20501.2",
        "-2095.92"
      ],
      "timestamp": "6550362209"
    },
    {
      "id": "42765",
      "r": [
        [
          "-0.417185",
          "0.891466",
          "0.176763"
        ],
        [
          "0.0765584",
          "-0.159334",
          "0.984252"
        ],
        [
          "0.905591",
          "0.424148",
          "-0.00177753"
        ]
      ],
      "s": "852.01",
      "t": [
        "-1498.31",
        "-20501.2",
        "-2095.92"
      ],
      "timestamp": "6550379530"
    },
    {
      "id": "42766",
      "r": [
        [
          "-0.417185",
          "0.891466",
          "0.176763"
        ],
        [
          "0.0765584",
          "-0.159334",
          "0.984252"
        ],
        [
          "0.905591",
          "0.424148",
          "-0.00177753"
        ]
      ],
      "s": "852.01",
      "t": [
        "-1498.31",
        "-20501.2",
        "-2095.92"
      ],
      "timestamp": "6550396964"
    },
    {
      "id": "42767",
      "r": [
        [
          "-0.417185",
          "0.891466",
          "0.176763"
        ],
        [
          "0.0765584",
          "-0.159334",
          "0.984252"
        ],
        [
          "0.905591",
          "0.424148",
          "-0.00177753"
        ]
      ],
      "s": "852.01",
      "t": [
        "-1498.31",
        "-20501.2",
        "-2095.92"
      ],
      "timestamp": "6550414369"
    },
    {
      "id": "42768",
      "r": [
        [
          "-0.417185",
          "0.891466",
          "0.176763"
        ],
        [
          "0.0765584",
          "-0.159334",
          "0.984252"
        ],
        [
          "0.905591",
          "0.424148",
          "-0.00177753"
        ]
      ],
      "s": "852.01",
      "t": [
        "-1498.31",
        "-20501.2",
        "-2095.92"
      ],
      "timestamp": "6550431698"
    },
    {
      "id": "42769",
      "r": [
        [
          "-0.417185",
          "0.891466",
          "0.176763"
        ],
        [
          "0.0765584",
          "-0.159334",
          "0.984252"
        ],
        [
          "0.905591",
          "0.424148",
          "-0.00177753"
        ]
      ],
      "s": "852.01",
      "t": [
        "-1498.31",
        "-20501.2",
        "-2095.92"
      ],
      "timestamp": "6550448977"
    },
    {
      "id": "42770",
      "r": [
        [
          "-0.417185",
          "0.891466",
          "0.176763"
        ],
        [
          "0.0765584",
          "-0.159334",
          "0.984252"
        ],
        [
          "0.905591",
          "0.424148",
          "-0.00177753"
        ]
      ],
      "s": "852.01",
      "t": [
        "-1498.31",
        "-20501.2",
        "-2095.92"
      ],
      "timestamp": "6550466521"
    },
    {
      "id": "42771",
      "r": [
        [
          "-0.417185",
          "0.891466",
          "0.176763"
        ],
        [
          "0.0765584",
          "-0.159334",
          "0.984252"
        ],
        [
          "0.905591",
          "0.424148",
          "-0.00177753"
        ]
      ],
      "s": "852.01",
      "t": [
        "-1498.31",
        "-20501.2",
        "-2095.92"
      ],
      "timestamp": "6550483818"
    },
    {
      "id": "42772",
      "r": [
        [
          "-0.417185",
          "0.891466",
          "0.176763"
        ],
        [
          "0.0765584",
          "-0.159334",
          "0.984252"
        ],
        [
          "0.905591",
          "0.424148",
          "-0.00177753"
        ]
      ],
      "s": "852.01",
      "t": [
        "-1498.31",
        "-20501.2",
        "-2095.92"
      ],
      "timestamp": "6550501195"
    },
    {
      "id": "42773",
      "r": [
        [
          "-0.417185",
          "0.891466",
          "0.176763"
        ],
        [
