[
{"hands":[{"direction":[-0.224785,0.890253,-0.382485],"id":3,"palmNormal":[-0.221558,-0.43444,-0.866002],"palmPosition":[39.4307,137.609,100.902],"palmVelocity":[-33.2942,-75.1315,-70.3316],"r":[[0.924178,-0.210078,-0.319003],[-0.0638805,0.738397,-0.671334],[0.376583,0.64081,0.66899]],"s":1.7953,"sphereCenter":[20.4156,170.973,73.3247],"sphereRadius":72.0259,"t":[-11.9823,119.423,88.9469]}],"id":92998,"pointables":[{"direction":[0.0110693,0.618047,-0.786064],"handId":3,"id":4,"length":38.8028,"tipPosition":[71.1201,198.653,23.2193],"tipVelocity":[-76.6064,-49.395,-236.554],"tool":false},{"direction":[-0.0560778,0.654753,-0.75376],"handId":3,"id":7,"length":34.4171,"tipPosition":[55.2458,245.197,45.2808],"tipVelocity":[-134.868,-3.40732,-288.837],"tool":false},{"direction":[-0.095354,0.910133,-0.403195],"handId":3,"id":5,"length":66.2272,"tipPosition":[28.5398,262.259,61.274],"tipVelocity":[-139.366,63.1254,-256.856],"tool":false},{"direction":[-0.290818,0.864006,-0.410997],"handId":3,"id":8,"length":53.1967,"tipPosition":[-2.09035,254.495,92.9723],"tipVelocity":[-164.822,-27.0897,-284.309],"tool":false},{"direction":[-0.608157,0.56054,-0.562085],"handId":3,"id":1,"length":30.2559,"tipPosition":[-39.4349,136.127,101.121],"tipVelocity":[-66.465,-93.6717,-126.454],"tool":false}],"r":[[0.343202,-0.922857,-0.174777],[0.928943,0.36101,-0.0820815],[0.138846,-0.134187,0.981181]],"s":-1.83697,"t":[-648.814,-2864.09,2790.19],"timestamp":897508907},
{"hands":[{"direction":[-0.231043,0.886261,-0.388831],"id":3,"palmNormal":[-0.211483,-0.441779,-0.86533],"palmPosition":[39.0075,137.043,100.088],"palmVelocity":[-45.2322,-60.4341,-87.0095],"r":[[0.925044,-0.211344,-0.315638],[-0.0604188,0.738493,-0.671548],[0.375024,0.640282,0.67037]],"s":1.80023,"sphereCenter":[19.3548,170.963,71.9221],"sphereRadius":72.3062,"t":[-13.098,118.922,86.8711]}],"id":92999,"pointables":[{"direction":[0.0145976,0.617544,-0.786401],"handId":3,"id":4,"length":40.7776,"tipPosition":[70.4085,197.997,21.2038],"tipVelocity":[-76.0676,-70.1014,-215.42],"tool":false},{"direction":[-0.0548431,0.65704,-0.751858],"handId":3,"id":7,"length":36.0299,"tipPosition":[54.1342,244.812,43.0074],"tipVelocity":[-118.811,-41.1594,-242.987],"tool":false},{"direction":[-0.0939025,0.908419,-0.407378],"handId":3,"id":5,"length":66.954,"tipPosition":[27.4116,262.013,59.1439],"tipVelocity":[-120.58,-26.2567,-227.673],"tool":false},{"direction":[-0.290235,0.859097,-0.421563],"handId":3,"id":8,"length":52.1465,"tipPosition":[-3.26767,253.751,90.6312],"tipVelocity":[-125.836,-79.4657,-250.226],"tool":false},{"direction":[-0.604273,0.560843,-0.565958],"handId":3,"id":1,"length":28.8667,"tipPosition":[-40.0679,135.253,99.7967],"tipVelocity":[-67.6652,-93.5198,-141.587],"tool":false}],"r":[[0.340433,-0.924258,-0.172776],[0.930219,0.357854,-0.0814481],[0.137108,-0.132992,0.981588]],"s":-1.83204,"t":[-649.93,-2864.59,2788.11],"timestamp":897518263},
{"hands":[{"direction":[-0.235313,0.884047,-0.392553],"id":3,"palmNormal":[-0.202687,-0.445417,-0.866226],"palmPosition":[38.4613,136.839,99.0327],"palmVelocity":[-60.1213,-22.4396,-116.148],"r":[[0.925815,-0.212451,-0.312619],[-0.0570723,0.739029,-0.671252],[0.373643,0.639297,0.672079]],"s":1.80424,"sphereCenter":[18.4343,171.018,70.6468],"sphereRadius":72.5193,"t":[-14.1432,118.373,84.8087]}],"id":93000,"pointables":[{"direction":[0.0172985,0.615625,-0.787849],"handId":3,"id":4,"length":42.5947,"tipPosition":[69.6552,197.122,19.2619],"tipVelocity":[-82.9148,-96.3565,-213.746],"tool":false},{"direction":[-0.0541045,0.656545,-0.752344],"handId":3,"id":7,"length":37.6623,"tipPosition":[53.083,244.215,40.837],"tipVelocity":[-115.702,-65.7031,-238.897],"tool":false},{"direction":[-0.0934484,0.907121,-0.410365],"handId":3,"id":5,"length":67.2361,"tipPosition":[26.4368,261.435,57.095],"tipVelocity":[-107.303,-63.6436,-225.525],"tool":false},{"direction":[-0.289062,0.850765,-0.43891],"handId":3,"id":8,"length":51.1759,"tipPosition":[-4.51862,253.737,88.036],"tipVelocity":[-137.694,-1.53694,-285.657],"tool":false},{"direction":[-0.601422,0.560391,-0.569432],"handId":3,"id":1,"length":27.6,"tipPosition":[-40.6743,134.41,98.3816],"tipVelocity":[-66.7417,-92.761,-155.765],"tool":false}],"r":[[0.337967,-0.925499,-0.170966],[0.931441,0.354949,-0.0801815],[0.134892,-0.132146,0.982009]],"s":-1.82804,"t":[-650.975,-2865.13,2786.05],"timestamp":897527348},
{"hands":[{"direction":[-0.24122,0.879492,-0.399613],"id":3,"palmNormal":[-0.193526,-0.453415,-0.864524],"palmPosition":[38.1182,136.381,98.1132],"palmVelocity":[-37.138,-49.5667,-99.5106],"r":[[0.926707,-0.213287,-0.30939],[-0.0535668,0.739934,-0.670544],[0.371946,0.637971,0.674277]],"s":1.80849,"sphereCenter":[17.5934,170.99,69.3517],"sphereRadius":72.7588,"t":[-15.1294,117.754,82.5625]}],"id":93001,"pointables":[{"direction":[0.0189715,0.612562,-0.790195],"handId":3,"id":4,"length":44.1189,"tipPosition":[68.9043,196.297,16.9776],"tipVelocity":[-81.2594,-89.2535,-247.221],"tool":false},{"direction":[-0.054157,0.65642,-0.75245],"handId":3,"id":7,"length":39.2798,"tipPosition":[52.0199,244.116,37.9611],"tipVelocity":[-115.059,-10.7433,-311.246],"tool":false},{"direction":[-0.092368,0.904502,-0.416347],"handId":3,"id":5,"length":67.0393,"tipPosition":[25.4888,262.146,54.0686],"tipVelocity":[-102.598,76.9507,-327.538],"tool":false},{"direction":[-0.288793,0.844929,-0.450216],"handId":3,"id":8,"length":50.1885,"tipPosition":[-5.44568,252.872,85.6058],"tipVelocity":[-100.33,-93.622,-263.007],"tool":false},{"direction":[-0.59824,0.560006,-0.573151],"handId":3,"id":1,"length":26.4906,"tipPosition":[-41.2581,133.721,96.9654],"tipVelocity":[-63.1837,-74.5791,-153.274],"tool":false}],"r":[[0.335594,-0.926759,-0.168803],[0.932709,0.352018,-0.0783426],[0.132026,-0.131153,0.982531]],"s":-1.82378,"t":[-651.962,-2865.75,2783.81],"timestamp":897536588},
{"hands":[{"direction":[-0.241288,0.883036,-0.392471],"id":3,"palmNormal":[-0.189163,-0.443513,-0.870879],"palmPosition":[37.1389,136.843,96.2662],"palmVelocity":[-109.077,51.3745,-205.73],"r":[[0.927467,-0.213855,-0.306709],[-0.0504831,0.741155,-0.669433],[0.37048,0.636361,0.676601]],"s":1.81231,"sphereCenter":[16.7291,170.887,68.0589],"sphereRadius":72.9751,"t":[-16.0514,117.071,80.3837]}],"id":93002,"pointables":[{"direction":[0.0199912,0.607873,-0.793783],"handId":3,"id":4,"length":45.0876,"tipPosition":[68.1104,195.28,14.8861],"tipVelocity":[-88.4339,-113.3,-232.952],"tool":false},{"direction":[-0.0558177,0.654582,-0.753928],"handId":3,"id":7,"length":40.1464,"tipPosition":[51.0851,243.368,35.8497],"tipVelocity":[-104.113,-83.2777,-235.17],"tool":false},{"direction":[-0.0917923,0.901179,-0.423615],"handId":3,"id":5,"length":66.8304,"tipPosition":[24.631,262.306,51.4374],"tipVelocity":[-95.5446,17.8768,-293.072],"tool":false},{"direction":[-0.288651,0.840916,-0.457756],"handId":3,"id":8,"length":49.2977,"tipPosition":[-6.3766,252.579,83.0452],"tipVelocity":[-103.69,-32.6249,-285.209],"tool":false},{"direction":[-0.594337,0.556979,-0.580119],"handId":3,"id":1,"length":25.2877,"tipPosition":[-41.971,132.97,95.2636],"tipVelocity":[-79.4102,-83.666,-189.55],"tool":false}],"r":[[0.333718,-0.927776,-0.166928],[0.933812,0.34958,-0.076093],[0.128952,-0.130485,0.983028]],"s":-1.81996,"t":[-652.884,-2866.44,2781.63],"timestamp":897545566},
{"hands":[{"direction":[-0.244872,0.881048,-0.395722],"id":3,"palmNormal":[-0.182857,-0.44689,-0.871086],"palmPosition":[36.7543,136.525,95.1323],"palmVelocity":[-41.838,-34.6118,-123.373],"r":[[0.928229,-0.214083,-0.304235],[-0.0475773,0.742783,-0.667839],[0.368954,0.634382,0.679288]],"s":1.81633,"sphereCenter":[15.8479,170.802,66.6322],"sphereRadius":73.1854,"t":[-16.9549,116.633,77.9712]}],"id":93003,"pointables":[{"direction":[0.0200433,0.602887,-0.797575],"handId":3,"id":4,"length":45.8747,"tipPosition":[67.2601,194.218,12.6829],"tipVelocity":[-92.5141,-115.557,-239.721],"tool":false},{"direction":[-0.0567709,0.655493,-0.753064],"handId":3,"id":7,"length":40.9065,"tipPosition":[50.1098,243.176,32.9966],"tipVelocity":[-106.122,-20.9298,-310.428],"tool":false},{"direction":[-0.0919632,0.898155,-0.429954],"handId":3,"id":5,"length":66.5373,"tipPosition":[23.7458,262.48,48.5892],"tipVelocity":[-96.304,18.9342,-309.89],"tool":false},{"direction":[-0.288193,0.835368,-0.468086],"handId":3,"id":8,"length":48.5649,"tipPosition":[-7.32392,252.626,80.3992],"tipVelocity":[-103.07,5.07892,-287.896],"tool":false},{"direction":[-0.590366,0.554087,-0.586903],"handId":3,"id":1,"length":24.1325,"tipPosition":[-42.6384,132.29,93.5678],"tipVelocity":[-72.6066,-73.9673,-184.509],"tool":false}],"r":[[0.332212,-0.928659,-0.165005],[0.934836,0.34744,-0.0732654],[0.125368,-0.129913,0.983568]],"s":-1.81595,"t":[-653.787,-2866.88,2779.21],"timestamp":897554757},
{"hands":[{"direction":[-0.244131,0.884159,-0.389932],"id":3,"palmNormal":[-0.18003,-0.438886,-0.876074],"palmPosition":[35.8175,137.046,93.0973],"palmVelocity":[-101.244,56.3812,-219.921],"r":[[0.928754,-0.214079,-0.30263],[-0.0455028,0.744373,-0.666212],[0.367892,0.632518,0.681599]],"s":1.81933,"sphereCenter":[14.9761,170.641,65.0555],"sphereRadius":73.3843,"t":[-17.8278,116.126,75.5888]}],"id":93004,"pointables":[{"direction":[0.0197775,0.596386,-0.802454],"handId":3,"id":4,"length":46.4093,"tipPosition":[66.4515,193.177,10.5561],"tipVelocity":[-87.3832,-112.479,-229.843],"tool":false},{"direction":[-0.0578346,0.650525,-0.757279],"handId":3,"id":7,"length":41.3623,"tipPosition":[49.1786,242.6,30.5063],"tipVelocity":[-100.633,-62.2464,-269.139],"tool":false},{"direction":[-0.0920374,0.895187,-0.436085],"handId":3,"id":5,"length":66.2809,"tipPosition":[22.9037,262.079,46.2368],"tipVelocity":[-91.0146,-43.4033,-254.228],"tool":false},{"direction":[-0.288253,0.832375,-0.473352],"handId":3,"id":8,"length":47.8561,"tipPosition":[-8.15255,251.972,77.8574],"tipVelocity":[-89.5524,-70.6615,-274.69],"tool":false},{"direction":[-0.587074,0.550928,-0.593146],"handId":3,"id":1,"length":22.6486,"tipPosition":[-43.7528,131.834,91.2489],"tipVelocity":[-120.441,-49.2722,-250.606],"tool":false}],"r":[[0.331353,-0.929204,-0.16366],[0.935554,0.346054,-0.0706119],[0.122248,-0.129715,0.983986]],"s":-1.81294,"t":[-654.66,-2867.38,2776.83],"timestamp":897564010},
{"hands":[{"direction":[-0.248359,0.882072,-0.392754],"id":3,"palmNormal":[-0.175678,-0.442474,-0.875661],"palmPosition":[35.4345,136.804,91.7471],"palmVelocity":[-42.9698,-27.1661,-151.454],"r":[[0.929207,-0.213907,-0.30136],[-0.0437988,0.745967,-0.664541],[0.366954,0.630696,0.683789]],"s":1.82162,"sphereCenter":[14.298,170.374,63.6672],"sphereRadius":73.5204,"t":[-18.6977,115.579,73.1943]}],"id":93005,"pointables":[{"direction":[0.0183194,0.58893,-0.807977],"handId":3,"id":4,"length":46.9081,"tipPosition":[65.6443,192.224,8.14945],"tipVelocity":[-90.5414,-106.83,-269.957],"tool":false},{"direction":[-0.0590027,0.647699,-0.759609],"handId":3,"id":7,"length":41.8676,"tipPosition":[48.2056,242.068,27.7724],"tipVelocity":[-109.14,-59.7232,-306.656],"tool":false},{"direction":[-0.0935087,0.892349,-0.441553],"handId":3,"id":5,"length":65.9776,"tipPosition":[22.0366,261.076,44.2054],"tipVelocity":[-97.2547,-112.483,-227.858],"tool":false},{"direction":[-0.289074,0.828111,-0.48028],"handId":3,"id":8,"length":47.295,"tipPosition":[-9.18934,251.822,75.0854],"tipVelocity":[-116.298,-16.8576,-310.939],"tool":false},{"direction":[-0.58385,0.547763,-0.599228],"handId":3,"id":1,"length":21.3792,"tipPosition":[-44.5827,131.247,89.1325],"tipVelocity":[-93.0842,-65.7844,-237.398],"tool":false}],"r":[[0.330803,-0.929607,-0.162484],[0.936132,0.345011,-0.0680022],[0.119274,-0.129612,0.984365]],"s":-1.81065,"t":[-655.53,-2867.93,2774.44],"timestamp":897572925},
{"hands":[{"direction":[-0.254476,0.878955,-0.396221],"id":3,"palmNormal":[-0.170601,-0.447219,-0.874627],"palmPosition":[35.1176,136.629,90.294],"palmVelocity":[-34.3463,-19.0316,-157.536],"r":[[0.929687,-0.213746,-0.299992],[-0.0417729,0.747985,-0.6624],[0.365975,0.628356,0.686463]],"s":1.82358,"sphereCenter":[13.591,170.219,62.2166],"sphereRadius":73.659,"t":[-19.6669,114.99,70.6863]}],"id":93006,"pointables":[{"direction":[0.0155747,0.579805,-0.814607],"handId":3,"id":4,"length":47.301,"tipPosition":[64.7624,191.053,6.02546],"tipVelocity":[-95.615,-127.05,-230.268],"tool":false},{"direction":[-0.0620663,0.640995,-0.765031],"handId":3,"id":7,"length":42.2735,"tipPosition":[47.1277,241.201,25.151],"tipVelocity":[-116.866,-93.9826,-284.197],"tool":false},{"direction":[-0.0950252,0.88884,-0.448256],"handId":3,"id":5,"length":65.823,"tipPosition":[20.9682,260.81,41.4367],"tipVelocity":[-115.828,-28.8672,-300.163],"tool":false},{"direction":[-0.290063,0.821558,-0.490822],"handId":3,"id":8,"length":46.8723,"tipPosition":[-10.4487,251.735,71.9903],"tipVelocity":[-136.525,-9.44909,-335.546],"tool":false},{"direction":[-0.582013,0.545764,-0.602829],"handId":3,"id":1,"length":20.6363,"tipPosition":[-44.9329,130.616,87.4188],"tipVelocity":[-37.9662,-68.4268,-185.784],"tool":false}],"r":[[0.33019,-0.930042,-0.161235],[0.936807,0.34381,-0.0647065],[0.115614,-0.129681,0.984792]],"s":-1.80869,"t":[-656.499,-2868.52,2771.93],"timestamp":897582149},
{"hands":[{"direction":[-0.262024,0.876666,-0.396697],"id":3,"palmNormal":[-0.16711,-0.449161,-0.874738],"palmPosition":[34.7103,136.6,88.6066],"palmVelocity":[-43.8764,-3.05795,-181.756],"r":[[0.930342,-0.213585,-0.29807],[-0.0392915,0.750114,-0.66014],[0.364582,0.625868,0.689471]],"s":1.82515,"sphereCenter":[12.9037,169.946,60.7167],"sphereRadius":73.8034,"t":[-20.7684,114.293,67.9461]}],"id":93007,"pointables":[{"direction":[0.0110117,0.569623,-0.821832],"handId":3,"id":4,"length":47.6344,"tipPosition":[63.6726,189.886,3.42265],"tipVelocity":[-117.382,-125.673,-280.355],"tool":false},{"direction":[-0.0670856,0.631959,-0.772093],"handId":3,"id":7,"length":42.7618,"tipPosition":[45.7932,240.082,22.0984],"tipVelocity":[-143.737,-120.508,-328.8],"tool":false},{"direction":[-0.0975594,0.884212,-0.456784],"handId":3,"id":5,"length":65.6973,"tipPosition":[19.7345,260.456,38.442],"tipVelocity":[-132.887,-38.0683,-322.572],"tool":false},{"direction":[-0.29247,0.813039,-0.503417],"handId":3,"id":8,"length":46.5202,"tipPosition":[-11.7197,251.138,69.0178],"tipVelocity":[-136.912,-64.2728,-320.179],"tool":false},{"direction":[-0.582003,0.540591,-0.607482],"handId":3,"id":1,"length":19.8809,"tipPosition":[-45.1368,129.81,85.4589],"tipVelocity":[-21.9719,-86.8106,-211.108],"tool":false}],"r":[[0.329278,-0.93066,-0.159523],[0.937626,0.342225,-0.0611545],[0.111507,-0.129436,0.985298]],"s":-1.80712,"t":[-657.601,-2869.22,2769.19],"timestamp":897591433},
{"hands":[{"direction":[-0.269792,0.874358,-0.39684],"id":3,"palmNormal":[-0.165361,-0.45119,-0.874424],"palmPosition":[34.4064,136.658,86.8216],"palmVelocity":[-33.0719,6.23913,-194.233],"r":[[0.931021,-0.213618,-0.295918],[-0.0363794,0.752453,-0.65764],[0.363148,0.623042,0.692779]],"s":1.82603,"sphereCenter":[12.1648,169.639,59.1431],"sphereRadius":73.9339,"t":[-22.0756,113.492,64.9259]}],"id":93008,"pointables":[{"direction":[0.00378945,0.557185,-0.83038],"handId":3,"id":4,"length":48.0077,"tipPosition":[62.2835,188.387,0.754665],"tipVelocity":[-151.153,-163.046,-290.314],"tool":false},{"direction":[-0.0748422,0.620405,-0.780703],"handId":3,"id":7,"length":43.3145,"tipPosition":[44.1896,238.7,18.7984],"tipVelocity":[-174.49,-150.425,-359.092],"tool":false},{"direction":[-0.102083,0.877687,-0.468235],"handId":3,"id":5,"length":65.5761,"tipPosition":[18.2216,259.834,35.0077],"tipVelocity":[-164.629,-67.6606,-373.699],"tool":false},{"direction":[-0.295952,0.801552,-0.519545],"handId":3,"id":8,"length":46.2199,"tipPosition":[-13.4374,250.657,65.2706],"tipVelocity":[-186.909,-52.3064,-407.753],"tool":false},{"direction":[-0.582947,0.535738,-0.610866],"handId":3,"id":1,"length":19.6132,"tipPosition":[-45.4175,128.906,82.9111],"tipVelocity":[-30.5422,-98.363,-277.24],"tool":false}],"r":[[0.328089,-0.931383,-0.157748],[0.938572,0.340309,-0.0572003],[0.106958,-0.129291,0.985821]],"s":-1.80624,"t":[-658.908,-2870.02,2766.17],"timestamp":897600623},
{"hands":[{"direction":[-0.274418,0.875763,-0.390797],"id":3,"palmNormal":[-0.16686,-0.44559,-0.877229],"palmPosition":[33.7515,137.367,84.1632],"palmVelocity":[-72.6294,78.6706,-294.819],"r":[[0.931798,-0.213525,-0.293528],[-0.0333602,0.75487,-0.655026],[0.36144,0.620144,0.696263]],"s":1.82562,"sphereCenter":[11.6681,169.237,57.7762],"sphereRadius":73.9726,"t":[-23.6386,112.396,61.5869]}],"id":93009,"pointables":[{"direction":[-0.00826244,0.539852,-0.841719],"handId":3,"id":4,"length":48.479,"tipPosition":[60.4112,186.378,-2.33538],"tipVelocity":[-207.641,-222.811,-342.691],"tool":false},{"direction":[-0.0851287,0.605591,-0.791209],"handId":3,"id":7,"length":43.9368,"tipPosition":[42.1176,236.596,14.9158],"tipVelocity":[-229.797,-233.259,-430.577],"tool":false},{"direction":[-0.109593,0.868681,-0.483096],"handId":3,"id":5,"length":65.6044,"tipPosition":[16.4026,258.876,31.1694],"tipVelocity":[-201.729,-106.279,-425.667],"tool":false},{"direction":[-0.303745,0.784222,-0.54105],"handId":3,"id":8,"length":46.1079,"tipPosition":[-15.1273,249.266,61.6126],"tipVelocity":[-187.407,-154.272,-405.669],"tool":false},{"direction":[-0.586,0.528477,-0.614261],"handId":3,"id":1,"length":19.5045,"tipPosition":[-45.8306,127.975,79.6664],"tipVelocity":[-45.8085,-103.239,-359.84],"tool":false}],"r":[[0.326866,-0.932158,-0.155692],[0.939533,0.338319,-0.0530889],[0.102161,-0.128925,0.986378]],"s":-1.80665,"t":[-660.471,-2871.11,2762.83],"timestamp":897609640},
{"hands":[{"direction":[-0.288022,0.868818,-0.394987],"id":3,"palmNormal":[-0.165775,-0.45512,-0.872468],"palmPosition":[33.9435,137.266,82.6422],"palmVelocity":[21.0506,-11.024,-166.739],"r":[[0.93257,-0.213213,-0.291296],[-0.0303781,0.757723,-0.651868],[0.359709,0.616762,0.700153]],"s":1.82191,"sphereCenter":[11.495,168.652,56.8472],"sphereRadius":73.9876,"t":[-25.5284,110.607,57.9224]}],"id":93010,"pointables":[{"direction":[-0.0276531,0.514079,-0.857297],"handId":3,"id":4,"length":48.788,"tipPosition":[57.8164,183.28,-5.1473],"tipVelocity":[-284.458,-339.605,-308.256],"tool":false},{"direction":[-0.101674,0.580771,-0.807693],"handId":3,"id":7,"length":44.3661,"tipPosition":[39.5703,233.265,10.926],"tipVelocity":[-279.24,-365.151,-437.386],"tool":false},{"direction":[-0.121755,0.852745,-0.507939],"handId":3,"id":5,"length":65.6517,"tipPosition":[14.1862,256.393,26.7501],"tipVelocity":[-242.972,-272.239,-484.474],"tool":false},{"direction":[-0.315326,0.757662,-0.571417],"handId":3,"id":8,"length":45.911,"tipPosition":[-17.019,247.063,57.2926],"tipVelocity":[-207.382,-241.559,-473.582],"tool":false},{"direction":[-0.59016,0.514477,-0.622113],"handId":3,"id":1,"length":19.5347,"tipPosition":[-46.1175,126.915,75.7041],"tipVelocity":[-31.4496,-116.24,-434.364],"tool":false}],"r":[[0.325896,-0.93284,-0.153626],[0.940441,0.336507,-0.0483039],[0.0967561,-0.128734,0.986948]],"s":-1.81036,"t":[-662.361,-2872.9,2759.17],"timestamp":897618762},
{"hands":[{"direction":[-0.303291,0.863402,-0.394015],"id":3,"palmNormal":[-0.166194,-0.459603,-0.87029],"palmPosition":[33.7475,137.639,80.2619],"palmVelocity":[-21.3122,40.5176,-258.869],"r":[[0.933345,-0.212411,-0.289393],[-0.02756,0.761375,-0.647726],[0.357921,0.612528,0.704771]],"s":1.81274,"sphereCenter":[11.8763,167.801,56.0916],"sphereRadius":73.7446,"t":[-27.7137,107.653,53.6635]}],"id":93011,"pointables":[{"direction":[-0.0616754,0.471164,-0.879887],"handId":3,"id":4,"length":49.0979,"tipPosition":[54.1505,178.801,-7.47508],"tipVelocity":[-398.687,-487.196,-253.158],"tool":false},{"direction":[-0.126192,0.542367,-0.83061],"handId":3,"id":7,"length":44.8352,"tipPosition":[36.1236,228.313,6.04687],"tipVelocity":[-374.854,-538.586,-530.63],"tool":false},{"direction":[-0.14095,0.826174,-0.5455],"handId":3,"id":5,"length":65.5804,"tipPosition":[11.7054,252.274,22.2045],"tipVelocity":[-269.801,-447.912,-494.35],"tool":false},{"direction":[-0.333697,0.709049,-0.621206],"handId":3,"id":8,"length":45.8503,"tipPosition":[-19.0737,243.599,52.1352],"tipVelocity":[-223.459,-376.693,-560.896],"tool":false},{"direction":[-0.593637,0.492663,-0.636301],"handId":3,"id":1,"length":19.8895,"tipPosition":[-46.0981,125.679,70.8508],"tipVelocity":[2.10276,-134.379,-527.825],"tool":false}],"r":[[0.325482,-0.93333,-0.151515],[0.94123,0.335106,-0.0423162],[0.0902686,-0.128837,0.987549]],"s":-1.81953,"t":[-664.546,-2875.86,2754.91],"timestamp":897627957},
{"hands":[{"direction":[-0.323805,0.851986,-0.398473],"id":3,"palmNormal":[-0.166529,-0.473438,-0.862183],"palmPosition":[34.212,137.551,78.7179],"palmVelocity":[50.3058,-9.57133,-167.23],"r":[[0.934117,-0.210729,-0.28813],[-0.0252068,0.766208,-0.642099],[0.356076,0.607058,0.710416]],"s":1.79544,"sphereCenter":[12.8832,166.725,56.0172],"sphereRadius":73.4794,"t":[-30.3035,103.06,49.0018]}],"id":93012,"pointables":[{"direction":[-0.115475,0.407033,-0.906085],"handId":3,"id":4,"length":49.1368,"tipPosition":[49.0086,172.242,-8.70911],"tipVelocity":[-556.899,-710.388,-133.653],"tool":false},{"direction":[-0.165532,0.454566,-0.875196],"handId":3,"id":7,"length":45.1468,"tipPosition":[32.2762,221.585,1.4809],"tipVelocity":[-416.696,-728.666,-494.527],"tool":false},{"direction":[-0.173886,0.769056,-0.615075],"handId":3,"id":5,"length":65.4205,"tipPosition":[8.71097,246.043,16.7503],"tipVelocity":[-324.317,-674.931,-590.736],"tool":false},{"direction":[-0.361609,0.619516,-0.696734],"handId":3,"id":8,"length":45.7727,"tipPosition":[-20.671,238.423,47.0706],"tipVelocity":[-172.996,-560.666,-548.527],"tool":false},{"direction":[-0.59749,0.456567,-0.659205],"handId":3,"id":1,"length":20.4162,"tipPosition":[-45.3052,124.174,64.9259],"tipVelocity":[85.8797,-163.002,-641.708],"tool":false}],"r":[[0.326094,-0.933463,-0.149362],[0.941754,0.334522,-0.0345737],[0.0822383,-0.129388,0.988178]],"s":-1.83683,"t":[-667.136,-2880.45,2750.25],"timestamp":897637190},
{"hands":[{"direction":[-0.346514,0.836968,-0.405635],"id":3,"palmNormal":[-0.170112,-0.493256,-0.848577],"palmPosition":[34.8479,137.174,77.3769],"palmVelocity":[70.0349,-41.4594,-147.684],"r":[[0.934965,-0.211219,-0.285004],[-0.0207869,0.769414,-0.638412],[0.35413,0.602817,0.714985]],"s":1.76661,"sphereCenter":[14.6255,165.365,56.7756],"sphereRadius":73.2302,"t":[-32.3198,97.0853,43.6149]}],"id":93013,"pointables":[{"direction":[-0.230983,0.650744,-0.723311],"handId":3,"id":5,"length":65.209,"tipPosition":[6.29801,238.112,12.7182],"tipVelocity":[-265.744,-873.369,-444.057],"tool":false},{"direction":[-0.400032,0.456678,-0.794619],"handId":3,"id":8,"length":45.7962,"tipPosition":[-22.1137,231.067,40.9586],"tipVelocity":[-158.883,-810.113,-673.136],"tool":false},{"direction":[-0.601691,0.401885,-0.690258],"handId":3,"id":1,"length":21.2721,"tipPosition":[-43.2575,122.675,58.0703],"tipVelocity":[225.523,-165.16,-755.025],"tool":false}],"r":[[0.324004,-0.934553,-0.147077],[0.94302,0.331483,-0.0288666],[0.0757309,-0.129344,0.988704]],"s":-1.86566,"t":[-669.152,-2886.42,2744.86],"timestamp":897646270},
{"hands":[{"direction":[-0.363936,0.822902,-0.415912],"id":3,"palmNormal":[-0.178755,-0.51512,-0.8312],"palmPosition":[35.0281,137.315,74.9239],"palmVelocity":[19.6407,15.3639,-267.39],"r":[[0.937429,-0.211638,-0.276472],[-0.0140591,0.770398,-0.637408],[0.347893,0.601411,0.719218]],"s":1.70565,"sphereCenter":[15.9582,163.759,56.7293],"sphereRadius":72.3762,"t":[-33.5334,92.7139,38.0206]}],"id":93014,"pointables":[{"direction":[-0.183633,0.221973,-0.957605],"handId":3,"id":4,"length":51.2807,"tipPosition":[34.0159,169.473,-7.43323],"tipVelocity":[-821.341,-151.666,69.896],"tool":false},{"direction":[-0.433824,0.219421,-0.873871],"handId":3,"id":8,"length":46.1872,"tipPosition":[-22.5246,221.4,35.1568],"tipVelocity":[-44.7971,-1053.66,-632.411],"tool":false},{"direction":[-0.597711,0.334565,-0.728566],"handId":3,"id":1,"length":22.3539,"tipPosition":[-39.857,122.012,51.0321],"tipVelocity":[370.666,-72.2568,-767.187],"tool":false}],"r":[[0.318974,-0.937328,-0.140257],[0.945171,0.325537,-0.0260252],[0.070053,-0.124265,0.989773]],"s":-1.92662,"t":[-670.366,-2890.79,2739.26],"timestamp":897655444},
{"hands":[{"direction":[-0.379695,0.809689,-0.425721],"id":3,"palmNormal":[-0.185645,-0.534942,-0.815489],"palmPosition":[35.5116,136.953,73.5838],"palmVelocity":[53.2266,-39.8194,-147.518],"r":[[0.941434,-0.207168,-0.266051],[-0.00783005,0.775364,-0.631466],[0.337105,0.596567,0.728332]],"s":1.61325,"sphereCenter":[17.1289,162.119,56.1135],"sphereRadius":71.0468,"t":[-33.676,84.8406,32.8608]}],"id":93015,"pointables":[{"direction":[-0.252339,0.477032,-0.841882],"handId":3,"id":7,"length":44.1704,"tipPosition":[20.9172,202.728,-0.464432],"tipVelocity":[-415.501,-689.789,-71.1587],"tool":false},{"direction":[-0.442664,-0.07624,-0.893441],"handId":3,"id":8,"length":46.6312,"tipPosition":[-21.5962,210.025,30.4315],"tipVelocity":[102.206,-1252.2,-520.18],"tool":false},{"direction":[-0.579174,0.276216,-0.766983],"handId":3,"id":1,"length":23.3317,"tipPosition":[-35.6565,122.888,44.1781],"tipVelocity":[462.4,96.4642,-754.511],"tool":false}],"r":[[0.316751,-0.939739,-0.128686],[0.946768,0.321463,-0.0171112],[0.0574478,-0.116415,0.991538]],"s":-2.01902,"t":[-670.508,-2898.67,2734.1],"timestamp":897664528},
{"hands":[{"direction":[-0.399534,0.783516,-0.446121],"id":3,"palmNormal":[-0.178911,-0.566102,-0.790579],"palmPosition":[36.1342,134.647,72.975],"palmVelocity":[66.6667,-246.975,-65.1938],"r":[[0.944533,-0.203651,-0.25765],[-0.00290387,0.779312,-0.626629],[0.328403,0.59262,0.735495]],"s":1.54948,"sphereCenter":[18.7556,157.945,55.2339],"sphereRadius":69.9103,"t":[-32.5587,75.8814,28.6842]}],"id":93016,"pointables":[{"direction":[-0.403198,-0.413987,-0.816116],"handId":3,"id":8,"length":45.7572,"tipPosition":[-19.2191,199.98,27.2383],"tipVelocity":[254.531,-1075.62,-341.922],"tool":false}],"r":[[0.314872,-0.941589,-0.119438],[0.947951,0.31826,-0.00993878],[0.0473706,-0.110092,0.992792]],"s":-2.08279,"t":[-669.391,-2907.63,2729.93],"timestamp":897673867},
{"hands":[{"direction":[-0.415419,0.739631,-0.481225],"id":3,"palmNormal":[-0.16219,-0.609638,-0.745962],"palmPosition":[37.3777,130.235,74.6437],"palmVelocity":[139.829,-496.121,187.638],"r":[[0.946944,-0.200877,-0.250889],[0.00100003,0.782454,-0.622707],[0.321396,0.589418,0.741142]],"s":1.50527,"sphereCenter":[20.8204,141.171,51.493],"sphereRadius":75.6992,"t":[-31.4162,67.8317,25.6768]}],"id":93017,"pointables":[],"r":[[0.313305,-0.943019,-0.112047],[0.948838,0.315735,-0.00417526],[0.0393144,-0.105006,0.993694]],"s":-2.127,"t":[-668.248,-2915.68,2726.92],"timestamp":897682760},
{"hands":[{"direction":[-0.425967,0.702878,-0.513316],"id":3,"palmNormal":[-0.147729,-0.646025,-0.709254],"palmPosition":[38.1822,126.302,72.7503],"palmVelocity":[29.0728,-142.123,-68.4183],"r":[[0.948829,-0.198683,-0.245455],[0.00409918,0.784958,-0.619536],[0.315763,0.586828,0.745605]],"s":1.47453,"sphereCenter":[22.8138,128.698,48.0397],"sphereRadius":78.8572,"t":[-30.3413,60.6053,22.8921]}],"id":93020,"pointables":[],"r":[[0.312011,-0.944131,-0.106139],[0.94951,0.313738,0.000451492],[0.0328736,-0.100921,0.994351]],"s":-2.15774,"t":[-667.174,-2922.9,2724.14],"timestamp":897710433},
{"hands":[{"direction":[-0.43621,0.672466,-0.539667],"id":3,"palmNormal":[-0.137223,-0.676086,-0.679516],"palmPosition":[38.9403,122.606,71.0127],"palmVelocity":[83.0913,-405.075,-190.471],"r":[[0.950309,-0.196943,-0.241092],[0.00656302,0.786953,-0.616978],[0.311238,0.584738,0.749142]],"s":1.45311,"sphereCenter":[24.4486,118.409,44.7921],"sphereRadius":81.1091,"t":[-29.3298,54.0851,20.3169]}],"id":93021,"pointables":[],"r":[[0.31095,-0.945,-0.101416],[0.950022,0.312155,0.00416287],[0.0277237,-0.0976421,0.994835]],"s":-2.17916,"t":[-666.162,-2929.42,2721.56],"timestamp":897719556},
{"hands":[{"direction":[-0.443101,0.64743,-0.563183],"id":3,"palmNormal":[-0.129975,-0.70138,-0.654588],"palmPosition":[39.5526,119.473,69.1637],"palmVelocity":[67.3894,-344.876,-203.492],"r":[[0.951476,-0.195562,-0.237591],[0.00852413,0.788545,-0.614918],[0.307606,0.583054,0.751948]],"s":1.43817,"sphereCenter":[25.9322,110.615,42.2209],"sphereRadius":82.0234,"t":[-26.7724,34.2474,14.5929]}],"id":93022,"pointables":[{"direction":[-0.393325,-0.0850791,-0.915455],"handId":3,"id":8,"length":43.8663,"tipPosition":[-15.1157,166.825,18.3657],"tipVelocity":[74.9134,-605.296,-161.983],"tool":false}],"r":[[0.310084,-0.945682,-0.0976404],[0.950416,0.310899,0.00713824],[0.0236058,-0.0950125,0.995196]],"s":-2.19411,"t":[-663.605,-2949.26,2715.84],"timestamp":897728642},
{"hands":[{"direction":[-0.446404,0.627094,-0.584563],"id":3,"palmNormal":[-0.125508,-0.722664,-0.633638],"palmPosition":[40.011,116.839,67.3318],"palmVelocity":[50.4358,-289.725,-201.527],"r":[[0.952397,-0.194464,-0.234785],[0.0100866,0.789816,-0.613261],[0.304694,0.5817,0.75418]],"s":1.42773,"sphereCenter":[27.6557,107.784,41.7489],"sphereRadius":79.9615,"t":[-24.6347,17.8506,9.64743]}],"id":93023,"pointables":[],"r":[[0.309381,-0.946219,-0.0946213],[0.950721,0.309901,0.0095225],[0.0203128,-0.0929046,0.995468]],"s":-2.20454,"t":[-661.467,-2965.66,2710.89],"timestamp":897737732},
{"hands":[{"direction":[-0.449791,0.609106,-0.603112],"id":3,"palmNormal":[-0.122967,-0.741274,-0.614843],"palmPosition":[40.7234,114.267,66.1561],"palmVelocity":[78.1132,-282.016,-128.937],"r":[[0.953127,-0.19359,-0.232535],[0.0113325,0.79083,-0.61193],[0.302359,0.580612,0.755955]],"s":1.42043,"sphereCenter":[29.1767,105.132,41.2053],"sphereRadius":78.2047,"t":[-22.7821,4.21875,5.45585]}],"id":93024,"pointables":[],"r":[[0.308811,-0.946643,-0.0922071],[0.950959,0.309106,0.0114324],[0.0176794,-0.0912157,0.995674]],"s":-2.21184,"t":[-659.614,-2979.29,2706.7],"timestamp":897746851},
{"hands":[{"direction":[-0.453191,0.591912,-0.620014],"id":3,"palmNormal":[-0.120035,-0.758138,-0.59734],"palmPosition":[41.0835,112.487,64.5971],"palmVelocity":[38.5589,-190.64,-166.929],"r":[[0.953706,-0.192893,-0.230733],[0.0123265,0.791641,-0.610862],[0.300489,0.579739,0.75737]],"s":1.41533,"sphereCenter":[30.3643,101.107,39.9943],"sphereRadius":77.6355,"t":[-11.0867,-6.9413,-0.0643138]}],"id":93025,"pointables":[{"direction":[-0.327126,-0.0947927,-0.940214],"handId":3,"id":8,"length":42.0441,"tipPosition":[6.42255,158.137,11.5169],"tipVelocity":[781.846,-315.387,-248.612],"tool":false}],"r":[[0.308352,-0.946979,-0.0902765],[0.951145,0.308472,0.0129619],[0.0155732,-0.0898629,0.995832]],"s":-2.21694,"t":[-647.919,-2990.45,2701.18],"timestamp":897756190},
{"hands":[{"direction":[-0.458081,0.574222,-0.635198],"id":3,"palmNormal":[-0.116768,-0.774104,-0.579768],"palmPosition":[41.291,110.965,63.1485],"palmVelocity":[22.4632,-164.727,-156.808],"r":[[0.954166,-0.192337,-0.22929],[0.01312,0.792289,-0.610005],[0.298991,0.579038,0.758498]],"s":1.41176,"sphereCenter":[31.4251,97.9347,39.1397],"sphereRadius":76.8201,"t":[0.519928,-14.6742,-5.26099]}],"id":93026,"pointables":[{"direction":[-0.257317,0.0727016,-0.963588],"handId":3,"id":8,"length":40.1893,"tipPosition":[17.9403,153.831,6.64373],"tipVelocity":[1246.78,-466.094,-527.516],"tool":false}],"r":[[0.307981,-0.947246,-0.0887324],[0.951291,0.307967,0.0141865],[0.0138886,-0.0887796,0.995954]],"s":-2.22051,"t":[-636.312,-2998.18,2695.98],"timestamp":897765428},
{"hands":[{"direction":[-0.460727,0.555693,-0.651295],"id":3,"palmNormal":[-0.112441,-0.789731,-0.561264],"palmPosition":[41.3933,109.533,61.909],"palmVelocity":[11.3966,-159.554,-138.028],"r":[[0.954532,-0.191894,-0.228134],[0.0137537,0.792806,-0.609319],[0.297791,0.578476,0.759398]],"s":1.40927,"sphereCenter":[32.374,95.2902,38.4519],"sphereRadius":76.0243,"t":[8.84186,-20.1663,-9.8343]}],"id":93027,"pointables":[{"direction":[-0.157746,0.402353,-0.901791],"handId":3,"id":8,"length":38.4466,"tipPosition":[22.9776,150.58,2.6938],"tipVelocity":[560.942,-362.045,-439.859],"tool":false}],"r":[[0.307683,-0.947457,-0.0874975],[0.951406,0.307564,0.0151669],[0.0125412,-0.0879122,0.996049]],"s":-2.223,"t":[-627.99,-3003.67,2691.41],"timestamp":897774408},
{"hands":[{"direction":[-0.464168,0.536696,-0.666173],"id":3,"palmNormal":[-0.107057,-0.804472,-0.542981],"palmPosition":[41.0935,108.584,60.3209],"palmVelocity":[-32.3999,-102.472,-171.596],"r":[[0.954824,-0.19154,-0.227209],[0.01426,0.79322,-0.608768],[0.29683,0.578026,0.760117]],"s":1.40752,"sphereCenter":[33.0821,94.2937,38.1627],"sphereRadius":74.7223,"t":[15.4394,-24.7496,-13.8106]}],"id":93028,"pointables":[],"r":[[0.307443,-0.947626,-0.0865097],[0.951497,0.307243,0.0159515],[0.0114634,-0.087218,0.996123]],"s":-2.22475,"t":[-621.393,-3008.26,2687.43],"timestamp":897783663},
{"hands":[{"direction":[-0.466122,0.531039,-0.67347],"id":3,"palmNormal":[-0.111684,-0.811833,-0.535605],"palmPosition":[40.8642,108.803,58.979],"palmVelocity":[-25.3064,24.2074,-148.118],"r":[[0.955056,-0.191258,-0.226469],[0.0146646,0.793551,-0.608327],[0.296061,0.577666,0.76069]],"s":1.4063,"sphereCenter":[33.8531,96.941,39.341],"sphereRadius":73.1655,"t":[20.6716,-28.3724,-17.26]}],"id":93029,"pointables":[],"r":[[0.30725,-0.94776,-0.0857196],[0.95157,0.306986,0.0165795],[0.0106013,-0.0866623,0.996181]],"s":-2.22597,"t":[-616.161,-3011.88,2683.98],"timestamp":897792723},
{"hands":[{"direction":[-0.466364,0.543039,-0.666784],"id":3,"palmNormal":[-0.129389,-0.805891,-0.542838],"palmPosition":[40.5688,111.058,57.4332],"palmVelocity":[-31.268,238.665,-163.61],"r":[[0.955242,-0.191032,-0.225876],[0.014988,0.793815,-0.607974],[0.295446,0.577377,0.761149]],"s":1.40544,"sphereCenter":[34.1158,100.537,40.3279],"sphereRadius":72.1227,"t":[18.0164,-35.5803,-16.1504]}],"id":93030,"pointables":[{"direction":[-0.258616,0.340963,-0.903804],"handId":3,"id":4,"length":44.8728,"tipPosition":[-15.1037,122.479,10.3298],"tipVelocity":[-229.282,-234.731,123.282],"tool":false}],"r":[[0.307096,-0.947867,-0.0850876],[0.951627,0.306781,0.0170821],[0.00991168,-0.0862175,0.996227]],"s":-2.22683,"t":[-618.816,-3019.09,2685.09],"timestamp":897802171},
{"hands":[{"direction":[-0.472876,0.552759,-0.656588],"id":3,"palmNormal":[-0.142684,-0.800003,-0.55093],"palmPosition":[40,113.025,55.4598],"palmVelocity":[-64.0667,221.588,-222.299],"r":[[0.959853,-0.224628,-0.168003],[0.0767307,0.78635,-0.612998],[0.269806,0.575497,0.772016]],"s":1.43284,"sphereCenter":[33.3657,103.585,39.5978],"sphereRadius":70.9169,"t":[9.58786,-39.537,-15.201]}],"id":93031,"pointables":[{"direction":[-0.236926,-0.172813,-0.956034],"handId":3,"id":8,"length":38.9091,"tipPosition":[3.12668,157.396,0.151654],"tipVelocity":[-541.782,186.041,-69.3816],"tool":false},{"direction":[-0.299478,0.149391,-0.942335],"handId":3,"id":4,"length":44.4119,"tipPosition":[-23.6567,114.252,14.4502],"tipVelocity":[-963.491,-926.829,464.17],"tool":false}],"r":[[0.246633,-0.967143,-0.0616935],[0.969095,0.245795,0.0209544],[-0.005102,-0.064955,0.997875]],"s":-2.19943,"t":[-627.244,-3023.04,2686.04],"timestamp":897811048},
{"hands":[{"direction":[-0.47968,0.558059,-0.650036],"id":3,"palmNormal":[-0.152525,-0.797744,-0.554935],"palmPosition":[39.2463,114.191,53.1545],"palmVelocity":[-82.1352,126.993,-251.202],"r":[[0.959147,-0.269814,-0.0850766],[0.163871,0.77499,-0.610357],[0.230617,0.571481,0.787544]],"s":1.50537,"sphereCenter":[32.6682,106.203,38.6657],"sphereRadius":70.3093,"t":[0.132019,-41.2085,-15.1256]}],"id":93032,"pointables":[{"direction":[-0.283796,-0.368161,-0.885391],"handId":3,"id":8,"length":39.5976,"tipPosition":[-11.8253,164.481,-4.90581],"tipVelocity":[-1629.29,772.019,-551.102],"tool":false},{"direction":[-0.346763,0.0284474,-0.937521],"handId":3,"id":4,"length":43.8726,"tipPosition":[-29.6709,108.395,17.9106],"tipVelocity":[-655.358,-638.237,377.072],"tool":false}],"r":[[0.160704,-0.986633,-0.0269965],[0.98658,0.159775,0.0336296],[-0.0288667,-0.0320386,0.99907]],"s":-2.1269,"t":[-636.7,-3024.72,2686.12],"timestamp":897820225},
{"hands":[{"direction":[-0.480142,0.55898,-0.652126],"id":3,"palmNormal":[-0.162111,-0.800302,-0.551493],"palmPosition":[39.0337,114.04,51.4505],"palmVelocity":[-22.9079,-16.2089,-183.648],"r":[[0.950191,-0.311642,-0.00415456],[0.247714,0.763231,-0.596755],[0.189145,0.566001,0.802413]],"s":1.60661,"sphereCenter":[31.7241,108.457,37.3476],"sphereRadius":69.974,"t":[-7.70358,-41.6196,-15.7948]}],"id":93033,"pointables":[{"direction":[-0.333142,-0.336666,-0.880723],"handId":3,"id":8,"length":40.3829,"tipPosition":[-19.8217,170.673,-10.4245],"tipVelocity":[-861.772,667.263,-594.756],"tool":false},{"direction":[-0.392589,-0.0372388,-0.91896],"handId":3,"id":4,"length":43.2065,"tipPosition":[-34.1052,103.901,20.6016],"tipVelocity":[-477.891,-484.248,290.01],"tool":false}],"r":[[0.0761374,-0.997073,0.00692815],[0.995633,0.0764002,0.0536547],[-0.054027,0.00281276,0.998536]],"s":-2.02566,"t":[-644.536,-3025.13,2685.45],"timestamp":897829504},
{"hands":[{"direction":[-0.473146,0.565171,-0.654236],"id":3,"palmNormal":[-0.170614,-0.798562,-0.554217],"palmPosition":[37.912,114.926,47.6133],"palmVelocity":[-124.478,98.2555,-425.835],"r":[[0.935604,-0.346823,0.0660166],[0.319542,0.752357,-0.576066],[0.150125,0.560065,0.814733]],"s":1.7184,"sphereCenter":[30.3625,110.047,34.8825],"sphereRadius":69.9253,"t":[-13.3529,-41.3246,-16.6296]}],"id":93034,"pointables":[{"direction":[-0.375851,-0.188208,-0.907366],"handId":3,"id":8,"length":41.23,"tipPosition":[-23.8474,176.418,-15.0815],"tipVelocity":[-446.749,637.563,-516.803],"tool":false},{"direction":[-0.432134,-0.0640106,-0.899535],"handId":3,"id":4,"length":42.421,"tipPosition":[-37.0057,100.159,23.2579],"tipVelocity":[-321.878,-415.347,294.785],"tool":false}],"r":[[0.00153325,-0.999359,0.0357707],[0.997019,0.00428716,0.0770388],[-0.0771428,0.0355459,0.996386]],"s":-1.91387,"t":[-650.185,-3024.83,2684.61],"timestamp":897838515},
{"hands":[{"direction":[-0.465266,0.571952,-0.655932],"id":3,"palmNormal":[-0.169756,-0.794941,-0.562073],"palmPosition":[37.5922,113.984,46.4333],"palmVelocity":[-35.3209,-104.047,-130.3],"r":[[0.918495,-0.375539,0.123846],[0.378132,0.742499,-0.552911],[0.115684,0.554676,0.823985]],"s":1.82836,"sphereCenter":[28.5831,111.083,32.2258],"sphereRadius":69.8343,"t":[-17.0829,-40.8038,-17.2603]}],"id":93035,"pointables":[{"direction":[-0.397348,-0.0071912,-0.91764],"handId":3,"id":8,"length":42.0515,"tipPosition":[-25.7053,181.315,-18.4574],"tipVelocity":[-205.156,540.745,-372.783],"tool":false},{"direction":[-0.466454,-0.0581721,-0.882631],"handId":3,"id":4,"length":41.3856,"tipPosition":[-38.7692,96.7547,25.7806],"tipVelocity":[-194.737,-375.865,278.56],"tool":false}],"r":[[-0.0612764,-0.99639,0.0587581],[0.993441,-0.0551894,0.100145],[-0.096541,0.0645093,0.993236]],"s":-1.80391,"t":[-653.915,-3024.31,2683.98],"timestamp":897847571},
{"hands":[{"direction":[-0.45435,0.578554,-0.659134],"id":3,"palmNormal":[-0.163881,-0.790975,-0.571081],"palmPosition":[37.2414,112.934,45.269],"palmVelocity":[-37.7747,-113.053,-125.396],"r":[[0.901295,-0.398539,0.169805],[0.424368,0.733484,-0.530955],[0.0870567,0.550607,0.830213]],"s":1.9285,"sphereCenter":[26.6879,111.776,29.2401],"sphereRadius":69.8766,"t":[-19.3057,-40.4578,-17.4944]}],"id":93036,"pointables":[{"direction":[-0.395901,0.155066,-0.905106],"handId":3,"id":8,"length":42.7143,"tipPosition":[-26.1197,184.904,-20.3106],"tipVelocity":[-44.6357,386.51,-199.594],"tool":false},{"direction":[-0.491992,-0.0399878,-0.869681],"handId":3,"id":4,"length":40.0828,"tipPosition":[-39.7859,93.5087,27.9587],"tipVelocity":[-109.501,-349.602,234.59],"tool":false}],"r":[[-0.112382,-0.990737,0.076232],[0.987404,-0.102746,0.120317],[-0.11137,0.0887932,0.989804]],"s":-1.70377,"t":[-656.138,-3023.97,2683.75],"timestamp":897856856},
