[
{"hands":[{"direction":[-0.302801,0.81622,-0.491761],"id":5,"palmNormal":[-0.232839,-0.563461,-0.792526],"palmPosition":[30.5364,115.33,72.7207],"palmVelocity":[8.12358,-23.7304,-5.13107],"r":[[0.982766,-0.143966,-0.115949],[0.111884,0.962573,-0.246849],[0.147147,0.229622,0.962092]],"s":1.18541,"sphereCenter":[19.6733,95.8169,36.7684],"sphereRadius":68.7036,"t":[-9.06733,33.3875,45.1743]}],"id":85430,"pointables":[{"direction":[-0.33451,0.0658398,-0.940089],"handId":5,"id":6,"length":51.6592,"tipPosition":[22.8642,158.553,-2.79403],"tipVelocity":[40.7518,10.3677,7.36923],"tool":false},{"direction":[-0.334779,-0.0309962,-0.941787],"handId":5,"id":9,"length":49.4345,"tipPosition":[-3.07142,160.455,1.44733],"tipVelocity":[30.3987,18.7999,-25.7756],"tool":false},{"direction":[-0.257743,0.344269,-0.9028],"handId":5,"id":3,"length":58.1317,"tipPosition":[54.4558,146.103,6.82315],"tipVelocity":[21.1433,-5.82113,-24.4733],"tool":false},{"direction":[-0.432546,-0.105762,-0.895387],"handId":5,"id":4,"length":66.7544,"tipPosition":[-26.0579,154.375,25.5193],"tipVelocity":[22.2044,19.1348,-37.9146],"tool":false},{"direction":[-0.605537,0.391013,-0.693134],"handId":5,"id":2,"length":39.457,"tipPosition":[-32.9315,98.545,67.803],"tipVelocity":[-3.6886,7.46733,-29.3153],"tool":false}],"r":[[-0.952072,0.148103,0.267629],[0.167386,-0.480057,0.86112],[0.256011,0.864645,0.432258]],"s":-3.50466,"t":[-957.72,-2835.01,2423.58],"timestamp":827804619},
{"hands":[{"direction":[-0.302646,0.816247,-0.491842],"id":5,"palmNormal":[-0.232541,-0.563476,-0.792618],"palmPosition":[30.6009,115.299,72.5407],"palmVelocity":[7.06776,-3.38686,-19.7233],"r":[[0.982682,-0.143094,-0.11773],[0.110535,0.962599,-0.247358],[0.148722,0.230061,0.961745]],"s":1.18614,"sphereCenter":[19.6093,95.8203,36.504],"sphereRadius":68.7245,"t":[-8.84506,33.4653,44.9371]}],"id":85431,"pointables":[{"direction":[-0.332962,0.0681109,-0.940477],"handId":5,"id":6,"length":51.6723,"tipPosition":[23.1924,158.657,-2.85479],"tipVelocity":[35.9555,11.4685,-6.65869],"tool":false},{"direction":[-0.333035,-0.0294934,-0.942453],"handId":5,"id":9,"length":49.4748,"tipPosition":[-2.787,160.679,1.20676],"tipVelocity":[31.1663,24.5867,-26.3612],"tool":false},{"direction":[-0.256445,0.344285,-0.903163],"handId":5,"id":3,"length":58.0906,"tipPosition":[54.6578,146.099,6.60466],"tipVelocity":[22.136,-0.375663,-23.9421],"tool":false},{"direction":[-0.432086,-0.105347,-0.895658],"handId":5,"id":4,"length":66.6782,"tipPosition":[-25.8124,154.569,25.2264],"tipVelocity":[26.8947,21.2195,-32.0981],"tool":false},{"direction":[-0.606089,0.390045,-0.693196],"handId":5,"id":2,"length":39.4653,"tipPosition":[-32.926,98.6438,67.5523],"tipVelocity":[0.600851,10.8288,-27.4763],"tool":false}],"r":[[-0.952248,0.146173,0.268062],[0.16842,-0.480835,0.860484],[0.254673,0.864541,0.433256]],"s":-3.50394,"t":[-957.497,-2834.93,2423.34],"timestamp":827813745},
{"hands":[{"direction":[-0.301472,0.816407,-0.492315],"id":5,"palmNormal":[-0.232984,-0.563579,-0.792428],"palmPosition":[30.6704,115.38,72.2839],"palmVelocity":[7.37275,8.5767,-27.2399],"r":[[0.98263,-0.142085,-0.119376],[0.109117,0.962689,-0.247635],[0.150107,0.230308,0.961471]],"s":1.18682,"sphereCenter":[19.5605,95.8476,36.2491],"sphereRadius":68.7328,"t":[-8.63115,33.5708,44.7097]}],"id":85432,"pointables":[{"direction":[-0.331485,0.0696143,-0.940889],"handId":5,"id":6,"length":51.6724,"tipPosition":[23.3977,158.735,-3.27624],"tipVelocity":[21.7744,8.22213,-44.7014],"tool":false},{"direction":[-0.331639,-0.0285692,-0.942974],"handId":5,"id":9,"length":49.4974,"tipPosition":[-2.47002,160.905,0.993119],"tipVelocity":[33.6208,24.0249,-22.66],"tool":false},{"direction":[-0.255209,0.344152,-0.903564],"handId":5,"id":3,"length":58.0608,"tipPosition":[54.8634,146.108,6.41554],"tipVelocity":[21.8019,0.898648,-20.0585],"tool":false},{"direction":[-0.431593,-0.104971,-0.89594],"handId":5,"id":4,"length":66.6846,"tipPosition":[-25.537,154.784,24.9633],"tipVelocity":[29.2121,22.8727,-27.9099],"tool":false},{"direction":[-0.606691,0.389046,-0.693231],"handId":5,"id":2,"length":39.4989,"tipPosition":[-32.8753,98.7769,67.3346],"tipVelocity":[5.37894,14.1153,-23.086],"tool":false}],"r":[[-0.952361,0.144338,0.268654],[0.169611,-0.481431,0.859917],[0.253457,0.864518,0.434014]],"s":-3.50326,"t":[-957.283,-2834.82,2423.12],"timestamp":827823173},
{"hands":[{"direction":[-0.30091,0.816495,-0.492537],"id":5,"palmNormal":[-0.233105,-0.563625,-0.792373],"palmPosition":[30.7725,115.365,72.1457],"palmVelocity":[11.4872,-1.65496,-15.5435],"r":[[0.982594,-0.140952,-0.121],[0.107599,0.962816,-0.247807],[0.15143,0.230474,0.961224]],"s":1.18736,"sphereCenter":[19.5366,95.9001,36.0191],"sphereRadius":68.7342,"t":[-8.38386,33.7005,44.5024]}],"id":85433,"pointables":[{"direction":[-0.329886,0.0710958,-0.94134],"handId":5,"id":6,"length":51.6858,"tipPosition":[23.6783,158.859,-3.51621],"tipVelocity":[31.5788,13.9822,-26.9994],"tool":false},{"direction":[-0.330074,-0.0275965,-0.943552],"handId":5,"id":9,"length":49.5377,"tipPosition":[-2.10839,161.164,0.866226],"tipVelocity":[40.6869,29.0626,-14.2769],"tool":false},{"direction":[-0.254085,0.344104,-0.903899],"handId":5,"id":3,"length":58.0627,"tipPosition":[55.072,146.114,6.28546],"tipVelocity":[23.4768,0.713083,-14.6361],"tool":false},{"direction":[-0.431347,-0.103978,-0.896174],"handId":5,"id":4,"length":66.6893,"tipPosition":[-25.2426,155.032,24.7762],"tipVelocity":[33.1214,27.8136,-21.0518],"tool":false},{"direction":[-0.607192,0.388183,-0.693277],"handId":5,"id":2,"length":39.5467,"tipPosition":[-32.7974,98.9309,67.1313],"tipVelocity":[8.76591,17.3269,-22.8752],"tool":false}],"r":[[-0.952438,0.142492,0.269367],[0.170938,-0.48196,0.859357],[0.252276,0.864529,0.434679]],"s":-3.50272,"t":[-957.036,-2834.69,2422.91],"timestamp":827832061},
{"hands":[{"direction":[-0.30033,0.816659,-0.49264],"id":5,"palmNormal":[-0.233156,-0.563524,-0.792441],"palmPosition":[30.8893,115.343,72.0401],"palmVelocity":[12.648,-2.41038,-11.448],"r":[[0.982563,-0.139786,-0.1226],[0.106061,0.962956,-0.247924],[0.152714,0.230598,0.960991]],"s":1.18773,"sphereCenter":[19.5547,95.944,35.8282],"sphereRadius":68.7496,"t":[-8.11756,33.8425,44.3401]}],"id":85434,"pointables":[{"direction":[-0.328405,0.0722292,-0.941771],"handId":5,"id":6,"length":51.6546,"tipPosition":[23.9636,158.969,-3.67953],"tipVelocity":[30.915,11.8803,-17.6968],"tool":false},{"direction":[-0.328678,-0.0257527,-0.944091],"handId":5,"id":9,"length":49.5235,"tipPosition":[-1.75106,161.369,0.750599],"tipVelocity":[38.7183,22.2137,-12.5287],"tool":false},{"direction":[-0.253006,0.344154,-0.904183],"handId":5,"id":3,"length":58.0503,"tipPosition":[55.2997,146.189,6.19823],"tipVelocity":[24.6712,8.10771,-9.45205],"tool":false},{"direction":[-0.431046,-0.103057,-0.896425],"handId":5,"id":4,"length":66.6712,"tipPosition":[-24.9323,155.297,24.6588],"tipVelocity":[33.6279,28.7919,-12.7166],"tool":false},{"direction":[-0.607608,0.38745,-0.693321],"handId":5,"id":2,"length":39.5959,"tipPosition":[-32.6979,99.0852,66.9342],"tipVelocity":[10.7821,16.7129,-21.3574],"tool":false}],"r":[[-0.952498,0.14066,0.270115],[0.172302,-0.482446,0.858812],[0.251117,0.864558,0.435293]],"s":-3.50234,"t":[-956.77,-2834.55,2422.75],"timestamp":827841290},
{"hands":[{"direction":[-0.299987,0.816468,-0.493182],"id":5,"palmNormal":[-0.232767,-0.563926,-0.792277],"palmPosition":[31.0312,115.289,71.996],"palmVelocity":[15.6815,-5.86414,-4.86794],"r":[[0.982524,-0.138661,-0.124178],[0.104572,0.963093,-0.248024],[0.153986,0.230704,0.960762]],"s":1.18793,"sphereCenter":[19.5682,96.0363,35.6377],"sphereRadius":68.7335,"t":[-7.83499,33.9941,44.1907]}],"id":85435,"pointables":[{"direction":[-0.326784,0.0742763,-0.942176],"handId":5,"id":6,"length":51.5993,"tipPosition":[24.2625,159.096,-3.81609],"tipVelocity":[33.0051,14.0599,-15.0821],"tool":false},{"direction":[-0.327265,-0.0251846,-0.944597],"handId":5,"id":9,"length":49.4913,"tipPosition":[-1.40133,161.587,0.663702],"tipVelocity":[38.627,24.089,-9.5976],"tool":false},{"direction":[-0.251911,0.344222,-0.904462],"handId":5,"id":3,"length":58.0338,"tipPosition":[55.5289,146.281,6.12626],"tipVelocity":[25.312,10.1379,-7.94824],"tool":false},{"direction":[-0.429977,-0.102989,-0.896947],"handId":5,"id":4,"length":66.6804,"tipPosition":[-24.6248,155.493,24.5131],"tipVelocity":[33.9538,21.5785,-16.0933],"tool":false},{"direction":[-0.608006,0.386752,-0.693363],"handId":5,"id":2,"length":39.6608,"tipPosition":[-32.5794,99.2464,66.748],"tipVelocity":[13.0844,17.8044,-20.5681],"tool":false}],"r":[[-0.95256,0.138858,0.270828],[0.173629,-0.482905,0.858287],[0.249964,0.864593,0.435886]],"s":-3.50214,"t":[-956.487,-2834.4,2422.6],"timestamp":827850344},
{"hands":[{"direction":[-0.299516,0.816544,-0.493361],"id":5,"palmNormal":[-0.232888,-0.563951,-0.792232],"palmPosition":[31.172,115.347,71.8805],"palmVelocity":[14.984,6.07331,-12.2947],"r":[[0.982431,-0.137627,-0.126045],[0.103122,0.963255,-0.248003],[0.155545,0.230648,0.960524]],"s":1.18844,"sphereCenter":[19.6153,96.1162,35.4681],"sphereRadius":68.7326,"t":[-7.55728,34.1558,44.0267]}],"id":85436,"pointables":[{"direction":[-0.32624,0.0747846,-0.942324],"handId":5,"id":6,"length":51.5984,"tipPosition":[24.589,159.268,-3.89586],"tipVelocity":[34.7541,18.3,-8.49207],"tool":false},{"direction":[-0.327061,-0.0239222,-0.9447],"handId":5,"id":9,"length":49.5165,"tipPosition":[-1.19578,161.809,0.200394],"tipVelocity":[21.8816,23.6965,-49.3196],"tool":false},{"direction":[-0.250826,0.344398,-0.904697],"handId":5,"id":3,"length":58.0125,"tipPosition":[55.8284,146.272,6.35212],"tipVelocity":[31.8848,-0.901605,24.043],"tool":false},{"direction":[-0.429169,-0.1025,-0.897389],"handId":5,"id":4,"length":66.7178,"tipPosition":[-24.352,155.675,24.325],"tipVelocity":[29.0456,19.4099,-20.0213],"tool":false},{"direction":[-0.608321,0.385746,-0.693647],"handId":5,"id":2,"length":39.7373,"tipPosition":[-32.4439,99.409,66.5695],"tipVelocity":[14.4229,17.308,-19.002],"tool":false}],"r":[[-0.952699,0.136801,0.271387],[0.174968,-0.483249,0.857821],[0.248498,0.864729,0.436455]],"s":-3.50163,"t":[-956.21,-2834.24,2422.43],"timestamp":827859738},
{"hands":[{"direction":[-0.299168,0.816435,-0.493767],"id":5,"palmNormal":[-0.232427,-0.564189,-0.792204],"palmPosition":[31.3191,115.281,71.869],"palmVelocity":[16.4264,-7.36075,-1.29025],"r":[[0.982314,-0.136641,-0.128021],[0.101697,0.963418,-0.24796],[0.157219,0.230555,0.960274]],"s":1.18903,"sphereCenter":[19.6678,96.1959,35.291],"sphereRadius":68.7351,"t":[-7.29517,34.3417,43.8529]}],"id":85437,"pointables":[{"direction":[-0.325521,0.0758957,-0.942484],"handId":5,"id":6,"length":51.6274,"tipPosition":[24.9135,159.478,-3.97887],"tipVelocity":[36.2501,23.4657,-9.27245],"tool":false},{"direction":[-0.326822,-0.0227179,-0.944813],"handId":5,"id":9,"length":49.5918,"tipPosition":[-0.937044,162.046,-0.0854362],"tipVelocity":[28.9024,26.4588,-31.9292],"tool":false},{"direction":[-0.249862,0.34444,-0.904947],"handId":5,"id":3,"length":57.9727,"tipPosition":[56.0749,146.277,6.44792],"tipVelocity":[27.537,0.570507,10.7014],"tool":false},{"direction":[-0.428487,-0.102069,-0.897764],"handId":5,"id":4,"length":66.7277,"tipPosition":[-24.1103,155.892,24.1328],"tipVelocity":[27.0044,24.2226,-21.4707],"tool":false},{"direction":[-0.608721,0.385039,-0.693688],"handId":5,"id":2,"length":39.7917,"tipPosition":[-32.307,99.5663,66.3858],"tipVelocity":[15.298,17.578,-20.5197],"tool":false}],"r":[[-0.952866,0.13465,0.271874],[0.176293,-0.483567,0.85737],[0.246914,0.864888,0.437037]],"s":-3.50105,"t":[-955.947,-2834.05,2422.26],"timestamp":827868690},
{"hands":[{"direction":[-0.298498,0.816496,-0.494082],"id":5,"palmNormal":[-0.23258,-0.564275,-0.792105],"palmPosition":[31.4494,115.317,71.7909],"palmVelocity":[14.2479,3.94934,-8.53255],"r":[[0.982213,-0.135745,-0.129733],[0.100415,0.963553,-0.247956],[0.158663,0.230518,0.960045]],"s":1.18959,"sphereCenter":[19.7221,96.3246,35.1053],"sphereRadius":68.7221,"t":[-7.06197,34.5327,43.6561]}],"id":85438,"pointables":[{"direction":[-0.324347,0.0774453,-0.942763],"handId":5,"id":6,"length":51.6,"tipPosition":[25.2136,159.689,-4.10424],"tipVelocity":[32.8214,23.0776,-13.7074],"tool":false},{"direction":[-0.326323,-0.0218117,-0.945007],"handId":5,"id":9,"length":49.6014,"tipPosition":[-0.680606,162.31,-0.347958],"tipVelocity":[28.0382,28.8153,-28.7035],"tool":false},{"direction":[-0.24895,0.344495,-0.905178],"handId":5,"id":3,"length":57.9428,"tipPosition":[56.227,146.406,6.18613],"tipVelocity":[16.6259,14.107,-28.6235],"tool":false},{"direction":[-0.427816,-0.101426,-0.898157],"handId":5,"id":4,"length":66.7042,"tipPosition":[-23.906,156.088,23.9131],"tipVelocity":[22.3369,21.4209,-24.0223],"tool":false},{"direction":[-0.608987,0.384089,-0.693981],"handId":5,"id":2,"length":39.8321,"tipPosition":[-32.1839,99.7132,66.1829],"tipVelocity":[13.4551,16.0596,-22.1789],"tool":false}],"r":[[-0.952998,0.132775,0.272333],[0.177469,-0.483883,0.856949],[0.245559,0.865002,0.437576]],"s":-3.50049,"t":[-955.714,-2833.86,2422.06],"timestamp":827877836},
{"hands":[{"direction":[-0.297834,0.816424,-0.49461],"id":5,"palmNormal":[-0.2327,-0.564582,-0.791856],"palmPosition":[31.5624,115.4,71.6593],"palmVelocity":[12.4667,9.23196,-14.5238],"r":[[0.982116,-0.134965,-0.131272],[0.0992808,0.963659,-0.248],[0.159973,0.230532,0.959825]],"s":1.19012,"sphereCenter":[19.7895,96.4111,34.9355],"sphereRadius":68.7359,"t":[-6.85965,34.6965,43.4387]}],"id":85439,"pointables":[{"direction":[-0.32323,0.0775597,-0.943137],"handId":5,"id":6,"length":51.5898,"tipPosition":[25.4934,159.885,-4.27124],"tipVelocity":[30.8568,21.6042,-18.4215],"tool":false},{"direction":[-0.325752,-0.0214302,-0.945212],"handId":5,"id":9,"length":49.6342,"tipPosition":[-0.433798,162.573,-0.597766],"tipVelocity":[27.2235,29.0275,-27.5543],"tool":false},{"direction":[-0.248075,0.344558,-0.905394],"handId":5,"id":3,"length":57.9722,"tipPosition":[56.3607,146.534,5.948],"tipVelocity":[14.7532,14.0577,-26.2658],"tool":false},{"direction":[-0.426401,-0.101559,-0.898815],"handId":5,"id":4,"length":66.6409,"tipPosition":[-23.7345,156.225,23.6425],"tipVelocity":[18.9094,15.0928,-29.8506],"tool":false},{"direction":[-0.609161,0.382986,-0.694439],"handId":5,"id":2,"length":39.8843,"tipPosition":[-32.0816,99.8431,65.9613],"tipVelocity":[11.2881,14.3249,-24.4518],"tool":false}],"r":[[-0.95312,0.131096,0.27272],[0.178491,-0.484203,0.856556],[0.244343,0.865079,0.438104]],"s":-3.49996,"t":[-955.512,-2833.7,2421.85],"timestamp":827886902},
{"hands":[{"direction":[-0.296829,0.816777,-0.494636],"id":5,"palmNormal":[-0.233279,-0.564274,-0.791908],"palmPosition":[31.667,115.506,71.5076],"palmVelocity":[11.0724,11.144,-16.0547],"r":[[0.982026,-0.134247,-0.132671],[0.0982287,0.963741,-0.248103],[0.161168,0.230611,0.959606]],"s":1.19066,"sphereCenter":[19.8546,96.5561,34.7438],"sphereRadius":68.7267,"t":[-6.68699,34.8568,43.2176]}],"id":85440,"pointables":[{"direction":[-0.32211,0.0779684,-0.943486],"handId":5,"id":6,"length":51.5945,"tipPosition":[25.7389,160.077,-4.45951],"tipVelocity":[25.9884,20.3499,-19.9269],"tool":false},{"direction":[-0.32517,-0.0210704,-0.945421],"handId":5,"id":9,"length":49.6683,"tipPosition":[-0.195827,162.865,-0.82253],"tipVelocity":[25.1874,30.9102,-23.7896],"tool":false},{"direction":[-0.247003,0.344719,-0.905626],"handId":5,"id":3,"length":57.9427,"tipPosition":[56.4614,146.623,5.72319],"tipVelocity":[10.6588,9.41378,-23.7949],"tool":false},{"direction":[-0.425802,-0.10058,-0.899209],"handId":5,"id":4,"length":66.5943,"tipPosition":[-23.5915,156.381,23.3883],"tipVelocity":[15.1358,16.5735,-26.9002],"tool":false},{"direction":[-0.609367,0.382055,-0.69477],"handId":5,"id":2,"length":39.9539,"tipPosition":[-31.9967,99.9522,65.7346],"tipVelocity":[8.98377,11.55,-23.9846],"tool":false}],"r":[[-0.953226,0.129566,0.27308],[0.179412,-0.484553,0.856166],[0.243251,0.865114,0.438643]],"s":-3.49942,"t":[-955.339,-2833.54,2421.62],"timestamp":827896350},
{"hands":[{"direction":[-0.296002,0.816722,-0.495226],"id":5,"palmNormal":[-0.233525,-0.564597,-0.791609],"palmPosition":[31.7612,115.541,71.3896],"palmVelocity":[10.3893,3.92303,-13.0164],"r":[[0.981948,-0.133578,-0.133921],[0.0972585,0.963811,-0.248211],[0.16223,0.230706,0.959404]],"s":1.19142,"sphereCenter":[19.9061,96.6667,34.5155],"sphereRadius":68.7556,"t":[-6.55062,35.0423,42.9897]}],"id":85441,"pointables":[{"direction":[-0.320296,0.0781518,-0.944088],"handId":5,"id":6,"length":51.5674,"tipPosition":[25.9339,160.288,-4.72928],"tipVelocity":[21.5107,23.2741,-29.7691],"tool":false},{"direction":[-0.323323,-0.0203812,-0.946069],"handId":5,"id":9,"length":49.6752,"tipPosition":[-0.0104316,163.129,-1.18627],"tipVelocity":[20.4586,29.1471,-40.1393],"tool":false},{"direction":[-0.245938,0.344871,-0.905858],"handId":5,"id":3,"length":57.8911,"tipPosition":[56.5507,146.697,5.50737],"tipVelocity":[9.84444,8.20338,-23.8154],"tool":false},{"direction":[-0.425075,-0.0995691,-0.899665],"handId":5,"id":4,"length":66.5373,"tipPosition":[-23.4915,156.601,23.1537],"tipVelocity":[11.0428,24.2565,-25.8887],"tool":false},{"direction":[-0.609636,0.381135,-0.69504],"handId":5,"id":2,"length":40.0382,"tipPosition":[-31.9278,100.032,65.5033],"tipVelocity":[7.60542,8.84505,-25.5251],"tool":false}],"r":[[-0.953313,0.128191,0.273427],[0.180256,-0.484887,0.855799],[0.242287,0.865131,0.439141]],"s":-3.49865,"t":[-955.203,-2833.35,2421.4],"timestamp":827905412},
{"hands":[{"direction":[-0.294895,0.816683,-0.49595],"id":5,"palmNormal":[-0.233557,-0.564918,-0.791374],"palmPosition":[31.8457,115.578,71.2662],"palmVelocity":[9.38357,4.06375,-13.7074],"r":[[0.981879,-0.132922,-0.135075],[0.096321,0.963873,-0.248337],[0.163204,0.230826,0.95921]],"s":1.19227,"sphereCenter":[19.9442,96.7919,34.2804],"sphereRadius":68.7681,"t":[-6.44474,35.2176,42.7565]}],"id":85442,"pointables":[{"direction":[-0.318356,0.0789943,-0.944674],"handId":5,"id":6,"length":51.4928,"tipPosition":[26.1108,160.453,-4.98643],"tipVelocity":[19.6434,18.3204,-28.5559],"tool":false},{"direction":[-0.321432,-0.0196359,-0.946729],"handId":5,"id":9,"length":49.6402,"tipPosition":[0.172606,163.358,-1.48174],"tipVelocity":[20.3262,25.4553,-32.8114],"tool":false},{"direction":[-0.244867,0.34508,-0.906068],"handId":5,"id":3,"length":57.8329,"tipPosition":[56.6179,146.703,5.30034],"tipVelocity":[7.47272,0.707681,-22.9911],"tool":false},{"direction":[-0.424437,-0.0984665,-0.900088],"handId":5,"id":4,"length":66.4728,"tipPosition":[-23.416,156.772,22.9152],"tipVelocity":[8.37401,18.9584,-26.4884],"tool":false},{"direction":[-0.609931,0.380208,-0.695289],"handId":5,"id":2,"length":40.1264,"tipPosition":[-31.8751,100.081,65.265],"tipVelocity":[5.84746,5.42303,-26.4659],"tool":false}],"r":[[-0.953381,0.126913,0.273782],[0.181063,-0.485227,0.855436],[0.241413,0.865129,0.439627]],"s":-3.49781,"t":[-955.097,-2833.18,2421.16],"timestamp":827914417},
{"hands":[{"direction":[-0.293617,0.81696,-0.496249],"id":5,"palmNormal":[-0.233921,-0.564759,-0.791383],"palmPosition":[31.905,115.67,71.0803],"palmVelocity":[6.3636,9.87704,-19.9177],"r":[[0.981806,-0.132304,-0.136206],[0.0954105,0.963908,-0.248553],[0.164174,0.231035,0.958994]],"s":1.19311,"sphereCenter":[19.9958,96.9242,34.0918],"sphereRadius":68.7693,"t":[-6.3654,35.3798,42.511]}],"id":85443,"pointables":[{"direction":[-0.317814,0.0799195,-0.944779],"handId":5,"id":6,"length":51.3851,"tipPosition":[26.2768,160.618,-5.1153],"tipVelocity":[17.7965,17.6982,-13.8087],"tool":false},{"direction":[-0.31946,-0.0187379,-0.947414],"handId":5,"id":9,"length":49.5717,"tipPosition":[0.335532,163.57,-1.75299],"tipVelocity":[17.457,22.7116,-29.0636],"tool":false},{"direction":[-0.243584,0.345489,-0.906259],"handId":5,"id":3,"length":57.8001,"tipPosition":[56.6707,146.674,5.08142],"tipVelocity":[5.65652,-3.20062,-23.4564],"tool":false},{"direction":[-0.423538,-0.0970515,-0.900665],"handId":5,"id":4,"length":66.4554,"tipPosition":[-23.3811,156.921,22.6553],"tipVelocity":[3.74614,15.9693,-27.8424],"tool":false},{"direction":[-0.610089,0.379027,-0.695794],"handId":5,"id":2,"length":40.1573,"tipPosition":[-31.8393,100.085,65.0072],"tipVelocity":[3.83861,0.399972,-27.6283],"tool":false}],"r":[[-0.953454,0.125666,0.274106],[0.181807,-0.485638,0.855045],[0.240566,0.86508,0.440186]],"s":-3.49696,"t":[-955.018,-2833.02,2420.92],"timestamp":827923750},
{"hands":[{"direction":[-0.293223,0.816801,-0.496753],"id":5,"palmNormal":[-0.233556,-0.565086,-0.79126],"palmPosition":[31.9648,115.69,70.9465],"palmVelocity":[6.61731,2.2325,-14.8017],"r":[[0.981714,-0.131748,-0.137406],[0.0945239,0.963911,-0.248879],[0.165236,0.23134,0.958738]],"s":1.19388,"sphereCenter":[20.0255,97.0374,33.8895],"sphereRadius":68.7694,"t":[-6.30906,35.4896,42.2609]}],"id":85444,"pointables":[{"direction":[-0.317262,0.0807521,-0.944894],"handId":5,"id":6,"length":51.2844,"tipPosition":[26.4999,160.676,-5.00568],"tipVelocity":[24.6859,6.37586,12.1305],"tool":false},{"direction":[-0.31759,-0.0175364,-0.948066],"handId":5,"id":9,"length":49.5244,"tipPosition":[0.453276,163.732,-2.08491],"tipVelocity":[13.029,17.8435,-36.7287],"tool":false},{"direction":[-0.242738,0.345144,-0.906617],"handId":5,"id":3,"length":57.7923,"tipPosition":[56.7041,146.635,4.84144],"tipVelocity":[3.68856,-4.31126,-26.5553],"tool":false},{"direction":[-0.422839,-0.0958345,-0.901123],"handId":5,"id":4,"length":66.3896,"tipPosition":[-23.3733,157.023,22.4007],"tipVelocity":[0.857477,11.3607,-28.1764],"tool":false},{"direction":[-0.610134,0.377573,-0.696545],"handId":5,"id":2,"length":40.174,"tipPosition":[-31.8149,100.04,64.7385],"tipVelocity":[2.69948,-4.94686,-29.7272],"tool":false}],"r":[[-0.953552,0.124367,0.274355],[0.182485,-0.486137,0.854617],[0.23966,0.864988,0.440862]],"s":-3.49619,"t":[-954.961,-2832.91,2420.67],"timestamp":827932787},
{"hands":[{"direction":[-0.292663,0.816745,-0.497182],"id":5,"palmNormal":[-0.232771,-0.565213,-0.7914],"palmPosition":[32.0099,115.641,70.8474],"palmVelocity":[4.83346,-5.22793,-10.6329],"r":[[0.981638,-0.131178,-0.138487],[0.0936429,0.963899,-0.249258],[0.166185,0.231713,0.958484]],"s":1.19466,"sphereCenter":[20.0506,97.1512,33.7097],"sphereRadius":68.7472,"t":[-6.28445,35.5886,41.9954]}],"id":85445,"pointables":[{"direction":[-0.317072,0.0821777,-0.944834],"handId":5,"id":6,"length":51.2734,"tipPosition":[26.5643,160.764,-5.31192],"tipVelocity":[6.90453,9.45027,-32.841],"tool":false},{"direction":[-0.316766,-0.0171613,-0.948348],"handId":5,"id":9,"length":49.5824,"tipPosition":[0.591474,163.909,-2.23879],"tipVelocity":[14.8202,19.0045,-16.5018],"tool":false},{"direction":[-0.241819,0.344877,-0.906964],"handId":5,"id":3,"length":57.7636,"tipPosition":[56.697,146.535,4.59061],"tipVelocity":[-0.762524,-10.6885,-26.8985],"tool":false},{"direction":[-0.422233,-0.0944534,-0.901553],"handId":5,"id":4,"length":66.3776,"tipPosition":[-23.4075,157.13,22.1198],"tipVelocity":[-3.65951,11.4101,-30.1236],"tool":false},{"direction":[-0.610178,0.376326,-0.697181],"handId":5,"id":2,"length":40.2462,"tipPosition":[-31.8245,99.9805,64.4574],"tipVelocity":[-1.02573,-6.40348,-30.1481],"tool":false}],"r":[[-0.953623,0.123179,0.274644],[0.183136,-0.486681,0.854168],[0.23888,0.864852,0.441552]],"s":-3.49542,"t":[-954.937,-2832.81,2420.4],"timestamp":827942112},
{"hands":[{"direction":[-0.291789,0.817078,-0.497153],"id":5,"palmNormal":[-0.232667,-0.564812,-0.791719],"palmPosition":[32.0212,115.679,70.6369],"palmVelocity":[1.25182,4.17217,-23.2726],"r":[[0.981585,-0.130615,-0.139391],[0.0928015,0.963871,-0.249682],[0.166967,0.232149,0.958243]],"s":1.19561,"sphereCenter":[20.063,97.267,33.5088],"sphereRadius":68.7298,"t":[-6.28036,35.6832,41.7217]}],"id":85446,"pointables":[{"direction":[-0.315839,0.0818783,-0.945273],"handId":5,"id":6,"length":51.1234,"tipPosition":[26.5994,160.891,-5.73365],"tipVelocity":[3.87938,14.0667,-46.6206],"tool":false},{"direction":[-0.316053,-0.0160958,-0.948605],"handId":5,"id":9,"length":49.4749,"tipPosition":[0.700481,164.106,-2.47015],"tipVelocity":[12.0504,21.746,-25.5762],"tool":false},{"direction":[-0.241054,0.34444,-0.907334],"handId":5,"id":3,"length":57.7381,"tipPosition":[56.6595,146.405,4.31375],"tipVelocity":[-4.14469,-14.4215,-30.606],"tool":false},{"direction":[-0.421688,-0.0932922,-0.901929],"handId":5,"id":4,"length":66.3564,"tipPosition":[-23.4582,157.22,21.8379],"tipVelocity":[-5.60633,9.96284,-31.1602],"tool":false},{"direction":[-0.61022,0.37522,-0.697741],"handId":5,"id":2,"length":40.3062,"tipPosition":[-31.8409,99.8808,64.1728],"tipVelocity":[-1.81699,-11.019,-31.4555],"tool":false}],"r":[[-0.953661,0.122164,0.274966],[0.183732,-0.487253,0.853714],[0.238271,0.864674,0.442229]],"s":-3.49447,"t":[-954.933,-2832.71,2420.13],"timestamp":827951158},
{"hands":[{"direction":[-0.290613,0.817556,-0.497054],"id":5,"palmNormal":[-0.233005,-0.564275,-0.792004],"palmPosition":[32.0212,115.754,70.3822],"palmVelocity":[-0.0090039,8.15402,-27.6439],"r":[[0.981552,-0.130056,-0.140149],[0.0919915,0.963829,-0.250142],[0.167612,0.232635,0.958012]],"s":1.19671,"sphereCenter":[20.0424,97.3885,33.2792],"sphereRadius":68.7007,"t":[-6.29466,35.7453,41.4398]}],"id":85447,"pointables":[{"direction":[-0.314383,0.0827029,-0.945687],"handId":5,"id":6,"length":51.0798,"tipPosition":[26.6187,160.979,-6.12681],"tipVelocity":[2.09806,9.57363,-42.6838],"tool":false},{"direction":[-0.31526,-0.0144538,-0.948895],"handId":5,"id":9,"length":49.4744,"tipPosition":[0.77616,164.293,-2.76033],"tipVelocity":[8.21611,20.3931,-31.5041],"tool":false},{"direction":[-0.240349,0.343782,-0.90777],"handId":5,"id":3,"length":57.7267,"tipPosition":[56.588,146.217,4.01868],"tipVelocity":[-7.7606,-20.3559,-32.0344],"tool":false},{"direction":[-0.421219,-0.0919417,-0.902286],"handId":5,"id":4,"length":66.3422,"tipPosition":[-23.5265,157.25,21.5515],"tipVelocity":[-7.41981,3.21281,-31.1005],"tool":false},{"direction":[-0.610295,0.373804,-0.698435],"handId":5,"id":2,"length":40.3735,"tipPosition":[-31.8736,99.7397,63.8836],"tipVelocity":[-3.54871,-15.3151,-31.4026],"tool":false}],"r":[[-0.953671,0.12129,0.275319],[0.184284,-0.487848,0.853255],[0.237805,0.864461,0.442895]],"s":-3.49336,"t":[-954.947,-2832.65,2419.85],"timestamp":827960369},
{"hands":[{"direction":[-0.290438,0.817349,-0.497505],"id":5,"palmNormal":[-0.232136,-0.564578,-0.792042],"palmPosition":[32.0395,115.649,70.2875],"palmVelocity":[2.05634,-11.8003,-10.616],"r":[[0.981533,-0.129508,-0.140786],[0.0912075,0.963765,-0.250677],[0.16815,0.233207,0.957779]],"s":1.19798,"sphereCenter":[20.0338,97.4914,33.0796],"sphereRadius":68.682,"t":[-6.32207,35.7969,41.1431]}],"id":85448,"pointables":[{"direction":[-0.313039,0.0825592,-0.946145],"handId":5,"id":6,"length":51.0038,"tipPosition":[26.6305,161.076,-6.47594],"tipVelocity":[1.3206,10.8077,-39.1264],"tool":false},{"direction":[-0.314538,-0.0131501,-0.949154],"handId":5,"id":9,"length":49.4238,"tipPosition":[0.833309,164.487,-3.07894],"tipVelocity":[6.40471,21.6416,-35.7057],"tool":false},{"direction":[-0.239742,0.343008,-0.908223],"handId":5,"id":3,"length":57.7298,"tipPosition":[56.4937,145.998,3.70718],"tipVelocity":[-10.5631,-24.555,-34.9098],"tool":false},{"direction":[-0.420697,-0.0910952,-0.902616],"handId":5,"id":4,"length":66.3406,"tipPosition":[-23.6098,157.291,21.2684],"tipVelocity":[-9.33167,4.6013,-31.7208],"tool":false},{"direction":[-0.61038,0.372113,-0.699262],"handId":5,"id":2,"length":40.4432,"tipPosition":[-31.9141,99.5455,63.5922],"tipVelocity":[-4.54012,-21.7741,-32.6504],"tool":false}],"r":[[-0.95366,0.120535,0.275689],[0.184782,-0.4885,0.852774],[0.237463,0.864199,0.44359]],"s":-3.49209,"t":[-954.974,-2832.6,2419.55],"timestamp":827969292},
{"hands":[{"direction":[-0.289991,0.817253,-0.497929],"id":5,"palmNormal":[-0.231776,-0.564802,-0.79199],"palmPosition":[32.0239,115.649,70.0692],"palmVelocity":[-1.70478,-0.0532133,-23.8268],"r":[[0.981525,-0.128959,-0.141342],[0.0904313,0.963683,-0.25127],[0.168612,0.233847,0.957541]],"s":1.19935,"sphereCenter":[19.9781,97.6212,32.8463],"sphereRadius":68.6358,"t":[-6.36543,35.8325,40.8482]}],"id":85449,"pointables":[{"direction":[-0.31138,0.0846107,-0.946511],"handId":5,"id":6,"length":51.021,"tipPosition":[26.6426,161.129,-6.81744],"tipVelocity":[1.31656,5.83874,-37.2782],"tool":false},{"direction":[-0.313837,-0.0113452,-0.949409],"handId":5,"id":9,"length":49.4732,"tipPosition":[0.875363,164.679,-3.37202],"tipVelocity":[4.59057,21.0396,-31.9927],"tool":false},{"direction":[-0.239272,0.342068,-0.908701],"handId":5,"id":3,"length":57.6479,"tipPosition":[56.3851,145.769,3.40404],"tipVelocity":[-11.8634,-24.9517,-33.0907],"tool":false},{"direction":[-0.419878,-0.0900991,-0.903097],"handId":5,"id":4,"length":66.3146,"tipPosition":[-23.6971,157.31,20.9872],"tipVelocity":[-9.52985,2.16112,-30.6969],"tool":false},{"direction":[-0.610694,0.371176,-0.699486],"handId":5,"id":2,"length":40.4987,"tipPosition":[-31.9734,99.337,63.3059],"tipVelocity":[-6.47521,-22.7545,-31.2552],"tool":false}],"r":[[-0.953633,0.119858,0.276078],[0.185248,-0.489201,0.852271],[0.237209,0.863896,0.444314]],"s":-3.49073,"t":[-955.018,-2832.56,2419.26],"timestamp":827978453},
{"hands":[{"direction":[-0.290109,0.81691,-0.498428],"id":5,"palmNormal":[-0.230833,-0.565256,-0.791939],"palmPosition":[32.0047,115.544,69.9138],"palmVelocity":[-2.06526,-11.2257,-16.6982],"r":[[0.9815,-0.128447,-0.141983],[0.0896496,0.963571,-0.251979],[0.169177,0.234589,0.95726]],"s":1.20059,"sphereCenter":[19.9562,97.7175,32.6626],"sphereRadius":68.6027,"t":[-6.42034,35.8331,40.5459]}],"id":85450,"pointables":[{"direction":[-0.311255,0.0858662,-0.946439],"handId":5,"id":6,"length":50.9162,"tipPosition":[26.7308,161.095,-6.79266],"tipVelocity":[9.48438,-3.70498,2.66258],"tool":false},{"direction":[-0.313016,-0.0106046,-0.949689],"handId":5,"id":9,"length":49.4496,"tipPosition":[0.865626,164.81,-3.72318],"tipVelocity":[-1.04629,13.997,-37.7353],"tool":false},{"direction":[-0.238948,0.340777,-0.909272],"handId":5,"id":3,"length":57.6312,"tipPosition":[56.2484,145.551,3.08163],"tipVelocity":[-14.6848,-23.5154,-34.6452],"tool":false},{"direction":[-0.419576,-0.0889637,-0.90335],"handId":5,"id":4,"length":66.3626,"tipPosition":[-23.8059,157.329,20.6928],"tipVelocity":[-11.6921,1.97517,-31.6364],"tool":false},{"direction":[-0.610859,0.369609,-0.700171],"handId":5,"id":2,"length":40.542,"tipPosition":[-32.0399,99.0941,62.9964],"tipVelocity":[-7.14215,-26.1025,-33.263],"tool":false}],"r":[[-0.95363,0.119109,0.276412],[0.185672,-0.490001,0.851719],[0.236889,0.863546,0.445165]],"s":-3.48949,"t":[-955.073,-2832.56,2418.95],"timestamp":827987759},
{"hands":[{"direction":[-0.289982,0.816825,-0.498649],"id":5,"palmNormal":[-0.230296,-0.565362,-0.792021],"palmPosition":[31.9686,115.487,69.697],"palmVelocity":[-4.00704,-6.36246,-24.1175],"r":[[0.981483,-0.127984,-0.142521],[0.08894,0.963452,-0.252685],[0.169652,0.235331,0.956994]],"s":1.20173,"sphereCenter":[19.9113,97.8336,32.4337],"sphereRadius":68.5589,"t":[-6.47776,35.8005,40.2463]}],"id":85451,"pointables":[{"direction":[-0.310324,0.0855103,-0.946777],"handId":5,"id":6,"length":50.8636,"tipPosition":[26.7173,161.029,-6.99656],"tipVelocity":[-1.50103,-7.32753,-22.6776],"tool":false},{"direction":[-0.312147,-0.00969754,-0.949984],"handId":5,"id":9,"length":49.4223,"tipPosition":[0.807758,164.848,-4.08091],"tipVelocity":[-6.43627,4.3366,-39.7867],"tool":false},{"direction":[-0.238352,0.339423,-0.909934],"handId":5,"id":3,"length":57.5591,"tipPosition":[56.0857,145.333,2.76267],"tipVelocity":[-18.0947,-24.1849,-35.4757],"tool":false},{"direction":[-0.41924,-0.0877863,-0.903621],"handId":5,"id":4,"length":66.4046,"tipPosition":[-23.916,157.326,20.4168],"tipVelocity":[-12.2484,-0.336571,-30.6962],"tool":false},{"direction":[-0.611027,0.367958,-0.700894],"handId":5,"id":2,"length":40.5753,"tipPosition":[-32.0998,98.8475,62.6994],"tipVelocity":[-6.66378,-27.4266,-33.0294],"tool":false}],"r":[[-0.953619,0.118471,0.276724],[0.18603,-0.490782,0.851191],[0.236653,0.86319,0.44598]],"s":-3.48835,"t":[-955.13,-2832.59,2418.65],"timestamp":827996750},
{"hands":[{"direction":[-0.290086,0.816594,-0.498972],"id":5,"palmNormal":[-0.229654,-0.565654,-0.792],"palmPosition":[31.9215,115.477,69.4333],"palmVelocity":[-5.15068,-1.08639,-28.8361],"r":[[0.981462,-0.127533,-0.143069],[0.0882278,0.963314,-0.253459],[0.170145,0.236137,0.956708]],"s":1.2024,"sphereCenter":[19.8505,97.9341,32.2467],"sphereRadius":68.4957,"t":[-6.55892,35.7329,39.9834]}],"id":85452,"pointables":[{"direction":[-0.308969,0.0850537,-0.947261],"handId":5,"id":6,"length":50.8265,"tipPosition":[26.6079,160.926,-7.27294],"tipVelocity":[-11.9682,-11.2139,-30.2189],"tool":false},{"direction":[-0.310388,-0.00921511,-0.950565],"handId":5,"id":9,"length":49.417,"tipPosition":[0.783203,164.785,-4.09487],"tipVelocity":[-2.68482,-6.94317,-1.52653],"tool":false},{"direction":[-0.23824,0.337954,-0.91051],"handId":5,"id":3,"length":57.5736,"tipPosition":[55.9089,145.026,2.63879],"tipVelocity":[-19.3334,-33.6062,-13.5448],"tool":false},{"direction":[-0.418793,-0.0873325,-0.903872],"handId":5,"id":4,"length":66.393,"tipPosition":[-24.0209,157.293,20.1905],"tipVelocity":[-11.471,-3.53742,-24.7461],"tool":false},{"direction":[-0.61099,0.366058,-0.701921],"handId":5,"id":2,"length":40.5764,"tipPosition":[-32.1585,98.5904,62.3674],"tipVelocity":[-6.41469,-28.1101,-36.3036],"tool":false}],"r":[[-0.953612,0.117827,0.277022],[0.186363,-0.49162,0.850634],[0.236417,0.862801,0.446857]],"s":-3.48767,"t":[-955.211,-2832.66,2418.39],"timestamp":828005896},
{"hands":[{"direction":[-0.290289,0.816641,-0.498783],"id":5,"palmNormal":[-0.22949,-0.565503,-0.792157],"palmPosition":[31.864,115.47,69.1511],"palmVelocity":[-5.99862,-0.742775,-29.4172],"r":[[0.981459,-0.127097,-0.143474],[0.087578,0.963191,-0.254153],[0.170495,0.236875,0.956463]],"s":1.20234,"sphereCenter":[19.8059,98.0142,32.1089],"sphereRadius":68.418,"t":[-6.6784,35.5774,39.7487]}],"id":85453,"pointables":[{"direction":[-0.308677,0.0849298,-0.947368],"handId":5,"id":6,"length":50.8545,"tipPosition":[26.4037,160.719,-7.55299],"tipVelocity":[-21.2892,-21.6323,-29.196],"tool":false},{"direction":[-0.310272,-0.0101802,-0.950593],"handId":5,"id":9,"length":49.4819,"tipPosition":[0.625397,164.486,-4.20875],"tipVelocity":[-16.4518,-31.1283,-11.873],"tool":false},{"direction":[-0.238716,0.335817,-0.911176],"handId":5,"id":3,"length":57.5145,"tipPosition":[55.5882,144.635,2.46205],"tipVelocity":[-33.4368,-40.7515,-18.4256],"tool":false},{"direction":[-0.418394,-0.0870272,-0.904087],"handId":5,"id":4,"length":66.3342,"tipPosition":[-24.1111,157.111,19.9841],"tipVelocity":[-9.40392,-19.0316,-21.5181],"tool":false},{"direction":[-0.610957,0.364207,-0.702911],"handId":5,"id":2,"length":40.5632,"tipPosition":[-32.2184,98.347,62.0145],"tipVelocity":[-6.24957,-25.3731,-36.7871],"tool":false}],"r":[[-0.953582,0.117324,0.277339],[0.186672,-0.492375,0.85013],[0.236295,0.862439,0.447619]],"s":-3.48774,"t":[-955.331,-2832.82,2418.16],"timestamp":828015488},
{"hands":[{"direction":[-0.291115,0.816682,-0.498231],"id":5,"palmNormal":[-0.229406,-0.565232,-0.792377],"palmPosition":[31.8108,115.413,68.921],"palmVelocity":[-5.89308,-6.28876,-25.4635],"r":[[0.981529,-0.126733,-0.143318],[0.0871636,0.963088,-0.254686],[0.170305,0.237489,0.956345]],"s":1.20062,"sphereCenter":[19.8037,98.0831,32.1135],"sphereRadius":68.2928,"t":[-6.87886,35.254,39.5301]}],"id":85454,"pointables":[{"direction":[-0.310212,0.0845604,-0.946899],"handId":5,"id":6,"length":50.7578,"tipPosition":[26.1222,160.184,-7.48904],"tipVelocity":[-31.149,-59.1654,7.07756],"tool":false},{"direction":[-0.309703,-0.0139959,-0.95073],"handId":5,"id":9,"length":49.4695,"tipPosition":[0.295578,163.746,-4.4112],"tipVelocity":[-36.5045,-81.9379,-22.4068],"tool":false},{"direction":[-0.240665,0.332306,-0.91195],"handId":5,"id":3,"length":57.4786,"tipPosition":[54.9461,144.243,1.90821],"tipVelocity":[-71.0648,-43.4056,-61.2996],"tool":false},{"direction":[-0.418046,-0.0892353,-0.904032],"handId":5,"id":4,"length":66.2993,"tipPosition":[-24.1388,156.619,19.8799],"tipVelocity":[-3.06622,-54.3865,-11.536],"tool":false},{"direction":[-0.610892,0.362233,-0.703988],"handId":5,"id":2,"length":40.5578,"tipPosition":[-32.2489,98.0947,61.6387],"tipVelocity":[-3.37007,-27.9257,-41.598],"tool":false}],"r":[[-0.953464,0.117381,0.277719],[0.186831,-0.492934,0.849771],[0.236644,0.862112,0.448065]],"s":-3.48945,"t":[-955.531,-2833.14,2417.94],"timestamp":828024523},
{"hands":[{"direction":[-0.292758,0.816638,-0.49732],"id":5,"palmNormal":[-0.229206,-0.564902,-0.792671],"palmPosition":[31.7611,115.319,68.7284],"palmVelocity":[-5.46575,-10.3299,-21.1878],"r":[[0.981692,-0.1263,-0.142577],[0.0868827,0.963058,-0.254892],[0.169503,0.237838,0.9564]],"s":1.19625,"sphereCenter":[19.8697,98.1459,32.3254],"sphereRadius":68.0814,"t":[-7.18943,34.629,39.4382]}],"id":85455,"pointables":[{"direction":[-0.312899,0.0788191,-0.94651],"handId":5,"id":6,"length":50.5993,"tipPosition":[25.5921,159.22,-7.34202],"tipVelocity":[-58.3127,-106.061,16.1707],"tool":false},{"direction":[-0.310776,-0.021634,-0.950237],"handId":5,"id":9,"length":49.3806,"tipPosition":[-0.125097,162.519,-4.36517],"tipVelocity":[-46.2688,-134.92,5.06306],"tool":false},{"direction":[-0.245332,0.325841,-0.913039],"handId":5,"id":3,"length":57.3858,"tipPosition":[53.9389,143.461,1.52587],"tipVelocity":[-110.775,-85.9163,-42.0519],"tool":false},{"direction":[-0.418205,-0.0947017,-0.903403],"handId":5,"id":4,"length":66.2609,"tipPosition":[-24.1011,155.693,19.9146],"tipVelocity":[4.15202,-101.912,3.81948],"tool":false},{"direction":[-0.610743,0.35973,-0.705399],"handId":5,"id":2,"length":40.5359,"tipPosition":[-32.2141,97.8243,61.2287],"tipVelocity":[3.82515,-29.7419,-45.0893],"tool":false}],"r":[[-0.95322,0.117985,0.278301],[0.187002,-0.49318,0.849591],[0.237491,0.861889,0.448045]],"s":-3.49382,"t":[-955.842,-2833.77,2417.85],"timestamp":828033615},
{"hands":[{"direction":[-0.295751,0.816156,-0.496271],"id":5,"palmNormal":[-0.22918,-0.565016,-0.792599],"palmPosition":[31.7155,115.208,68.5336],"palmVelocity":[-4.97875,-12.1199,-21.3039],"r":[[0.982023,-0.125519,-0.14098],[0.086568,0.963179,-0.254545],[0.167739,0.237764,0.95673]],"s":1.18817,"sphereCenter":[19.9934,98.2294,32.7107],"sphereRadius":67.7901,"t":[-7.58379,33.6503,39.4065]}],"id":85456,"pointables":[{"direction":[-0.315144,0.0681195,-0.946596],"handId":5,"id":6,"length":50.2826,"tipPosition":[24.6761,157.798,-7.31357],"tipVelocity":[-100.161,-155.542,3.11103],"tool":false},{"direction":[-0.310882,-0.0333665,-0.949863],"handId":5,"id":9,"length":49.0373,"tipPosition":[-0.603248,160.802,-3.98606],"tipVelocity":[-52.2855,-187.845,41.4546],"tool":false},{"direction":[-0.253282,0.315452,-0.914515],"handId":5,"id":3,"length":57.2296,"tipPosition":[52.4095,142.225,1.18845],"tipVelocity":[-167.24,-135.178,-36.8965],"tool":false},{"direction":[-0.41874,-0.10375,-0.90216],"handId":5,"id":4,"length":66.2326,"tipPosition":[-24.0016,154.36,20.1162],"tipVelocity":[10.8815,-145.699,22.0424],"tool":false},{"direction":[-0.610489,0.356899,-0.707055],"handId":5,"id":2,"length":40.512,"tipPosition":[-32.1168,97.5887,60.7507],"tipVelocity":[10.6367,-25.7588,-52.2738],"tool":false}],"r":[[-0.952728,0.119327,0.27941],[0.187431,-0.492958,0.849625],[0.23912,0.861832,0.447289]],"s":-3.5019,"t":[-956.236,-2834.74,2417.81],"timestamp":828042760},
