[
{"hands":[{"direction":[-0.157166,0.856832,-0.490914],"id":1,"palmNormal":[-0.385072,-0.509994,-0.768711],"palmPosition":[50.6367,121.321,51.3773],"palmVelocity":[-22.2929,113.761,138.749],"r":[[0.881452,-0.03924,-0.470641],[-0.0995927,0.958688,-0.266456],[0.461653,0.281741,0.841129]],"s":1.29844,"sphereCenter":[38.69,117.486,17.6136],"sphereRadius":63.281,"t":[49.7193,36.6319,6.29348]}],"id":90022,"pointables":[{"direction":[-0.298562,0.099426,-0.949197],"handId":1,"id":4,"length":37.0694,"tipPosition":[54.4106,178.88,-16.3625],"tipVelocity":[-57.5857,173.601,138.102],"tool":false},{"direction":[-0.349672,0.0386123,-0.936076],"handId":1,"id":6,"length":45.3426,"tipPosition":[29.3565,186.327,-13.1392],"tipVelocity":[-57.4955,192,158.848],"tool":false},{"direction":[-0.223327,0.348352,-0.910371],"handId":1,"id":2,"length":40.4761,"tipPosition":[76.7462,153.938,-10.5317],"tipVelocity":[-8.43998,143.687,131.902],"tool":false},{"direction":[-0.430322,0.0409922,-0.901744],"handId":1,"id":3,"length":63.6896,"tipPosition":[5.86959,184.317,7.34044],"tipVelocity":[-85.8078,172.123,150.199],"tool":false},{"direction":[-0.491313,0.26293,-0.830349],"handId":1,"id":5,"length":43.1962,"tipPosition":[-14.2449,125.763,40.2004],"tipVelocity":[-83.8638,101.857,188.165],"tool":false}],"r":[[-0.850873,-0.494862,0.176428],[0.415925,-0.429337,0.801671],[-0.320969,0.755501,0.571136]],"s":-3.35489,"t":[-881.512,-2851.26,2520.49],"timestamp":870125101},
{"hands":[{"direction":[-0.156674,0.858031,-0.488949],"id":1,"palmNormal":[-0.383941,-0.50802,-0.770606],"palmPosition":[50.3862,122.468,52.7328],"palmVelocity":[-27.3061,125.063,147.769],"r":[[0.88151,-0.0400651,-0.470463],[-0.0992856,0.958387,-0.267649],[0.461609,0.282646,0.84085]],"s":1.30734,"sphereCenter":[38.1748,118.354,18.1329],"sphereRadius":63.4295,"t":[49.165,38.147,7.63868]}],"id":90023,"pointables":[{"direction":[-0.300628,0.104474,-0.948002],"handId":1,"id":4,"length":38.8379,"tipPosition":[53.771,180.534,-14.9281],"tipVelocity":[-69.7312,180.356,156.374],"tool":false},{"direction":[-0.347623,0.0428994,-0.936652],"handId":1,"id":6,"length":45.683,"tipPosition":[28.6029,188.313,-11.9524],"tipVelocity":[-82.1454,216.5,129.39],"tool":false},{"direction":[-0.222598,0.350774,-0.90962],"handId":1,"id":2,"length":42.8254,"tipPosition":[76.5469,155.294,-9.17204],"tipVelocity":[-21.7234,147.811,148.227],"tool":false},{"direction":[-0.429027,0.047966,-0.902017],"handId":1,"id":3,"length":63.7221,"tipPosition":[5.11538,185.917,9.01706],"tipVelocity":[-82.2208,174.434,182.777],"tool":false},{"direction":[-0.494325,0.264802,-0.827963],"handId":1,"id":5,"length":43.4169,"tipPosition":[-14.9706,126.883,42.0109],"tipVelocity":[-79.1138,122.05,197.37],"tool":false}],"r":[[-0.851206,-0.494542,0.175719],[0.41551,-0.430469,0.801279],[-0.320624,0.755066,0.571905]],"s":-3.34599,"t":[-882.066,-2849.74,2521.83],"timestamp":870134274},
{"hands":[{"direction":[-0.156664,0.859351,-0.486594],"id":1,"palmNormal":[-0.383237,-0.505844,-0.772408],"palmPosition":[50.1187,123.661,54.262],"palmVelocity":[-28.5531,127.297,163.205],"r":[[0.881915,-0.0410019,-0.469621],[-0.0987869,0.958016,-0.269158],[0.460941,0.283767,0.840839]],"s":1.31526,"sphereCenter":[37.6637,119.252,18.8322],"sphereRadius":63.6158,"t":[48.5584,39.7002,9.16178]}],"id":90024,"pointables":[{"direction":[-0.304681,0.111509,-0.945904],"handId":1,"id":4,"length":40.6513,"tipPosition":[53.1163,182.297,-13.2271],"tipVelocity":[-69.8739,188.093,181.537],"tool":false},{"direction":[-0.345956,0.0473988,-0.937053],"handId":1,"id":6,"length":46.2216,"tipPosition":[27.8942,190.314,-10.3736],"tipVelocity":[-75.6446,213.539,168.488],"tool":false},{"direction":[-0.221658,0.353636,-0.908741],"handId":1,"id":2,"length":45.105,"tipPosition":[76.1788,156.885,-8.04036],"tipVelocity":[-39.2896,169.818,120.777],"tool":false},{"direction":[-0.427728,0.0536048,-0.902317],"handId":1,"id":3,"length":63.8052,"tipPosition":[4.35642,187.508,10.8232],"tipVelocity":[-80.9986,169.806,192.76],"tool":false},{"direction":[-0.497047,0.266963,-0.825636],"handId":1,"id":5,"length":43.6669,"tipPosition":[-15.6295,128.125,43.931],"tipVelocity":[-70.3194,132.506,204.922],"tool":false}],"r":[[-0.851891,-0.493564,0.175146],[0.414884,-0.431907,0.800829],[-0.319614,0.754885,0.57271]],"s":-3.33807,"t":[-882.673,-2848.19,2523.36],"timestamp":870143644},
{"hands":[{"direction":[-0.156627,0.861019,-0.483584],"id":1,"palmNormal":[-0.382318,-0.503009,-0.774708],"palmPosition":[49.7939,125.162,55.6937],"palmVelocity":[-35.8877,165.804,158.2],"r":[[0.882389,-0.0418793,-0.468654],[-0.0984256,0.957566,-0.270886],[0.460112,0.285155,0.840824]],"s":1.32215,"sphereCenter":[37.1066,120.248,19.5482],"sphereRadius":63.82,"t":[47.906,41.3367,10.789]}],"id":90025,"pointables":[{"direction":[-0.307759,0.116814,-0.944266],"handId":1,"id":4,"length":42.3845,"tipPosition":[52.4257,184.15,-11.4958],"tipVelocity":[-76.3102,204.732,191.299],"tool":false},{"direction":[-0.344028,0.05444,-0.93738],"handId":1,"id":6,"length":46.6782,"tipPosition":[27.1959,192.459,-8.64036],"tipVelocity":[-77.1605,237.002,191.521],"tool":false},{"direction":[-0.220313,0.356198,-0.908067],"handId":1,"id":2,"length":47.3913,"tipPosition":[75.764,158.593,-6.77064],"tipVelocity":[-45.8374,188.802,140.301],"tool":false},{"direction":[-0.427335,0.0601646,-0.902089],"handId":1,"id":3,"length":63.9497,"tipPosition":[3.6006,189.228,12.6807],"tipVelocity":[-83.5168,190.048,205.245],"tool":false},{"direction":[-0.499928,0.269537,-0.823057],"handId":1,"id":5,"length":43.8808,"tipPosition":[-16.4684,129.605,45.6507],"tipVelocity":[-92.6991,163.555,190.024],"tool":false}],"r":[[-0.852617,-0.492477,0.174674],[0.414356,-0.433541,0.80022],[-0.318361,0.754658,0.573705]],"s":-3.33118,"t":[-883.325,-2846.55,2524.98],"timestamp":870152694},
{"hands":[{"direction":[-0.161464,0.860505,-0.482756],"id":1,"palmNormal":[-0.379627,-0.504674,-0.774963],"palmPosition":[49.6056,126.234,57.7453],"palmVelocity":[-20.8434,118.673,227.038],"r":[[0.882941,-0.0428096,-0.467528],[-0.0980536,0.957058,-0.272811],[0.459131,0.286719,0.840828]],"s":1.32826,"sphereCenter":[36.5479,121.341,20.3554],"sphereRadius":64.0315,"t":[47.2338,43.081,12.4955]}],"id":90026,"pointables":[{"direction":[-0.311196,0.121826,-0.942505],"handId":1,"id":4,"length":44.1423,"tipPosition":[51.7441,186.121,-9.74266],"tipVelocity":[-75.4266,218.134,194.019],"tool":false},{"direction":[-0.342879,0.0613424,-0.937374],"handId":1,"id":6,"length":47.1479,"tipPosition":[26.504,194.648,-6.85439],"tipVelocity":[-76.5692,242.27,197.651],"tool":false},{"direction":[-0.22006,0.359331,-0.906893],"handId":1,"id":2,"length":49.6028,"tipPosition":[75.3512,160.434,-5.33491],"tipVelocity":[-45.679,203.722,158.89],"tool":false},{"direction":[-0.426939,0.0660644,-0.901864],"handId":1,"id":3,"length":64.0337,"tipPosition":[2.88984,191.08,14.6089],"tipVelocity":[-78.6587,204.954,213.399],"tool":false},{"direction":[-0.502716,0.272115,-0.820506],"handId":1,"id":5,"length":44.1245,"tipPosition":[-17.2151,131.134,47.4749],"tipVelocity":[-82.6377,169.288,201.882],"tool":false}],"r":[[-0.853432,-0.491229,0.17421],[0.413794,-0.435358,0.799524],[-0.316905,0.754426,0.574815]],"s":-3.32507,"t":[-883.998,-2844.81,2526.69],"timestamp":870161730},
{"hands":[{"direction":[-0.168184,0.858624,-0.483489],"id":1,"palmNormal":[-0.375392,-0.508775,-0.774253],"palmPosition":[49.511,127.123,60.0908],"palmVelocity":[-10.3227,97.1418,256.149],"r":[[0.883651,-0.0437256,-0.466099],[-0.0975991,0.956544,-0.274768],[0.457859,0.28829,0.840984]],"s":1.33376,"sphereCenter":[35.9524,122.558,21.1481],"sphereRadius":64.2356,"t":[46.5641,44.8757,14.2554]}],"id":90027,"pointables":[{"direction":[-0.311447,0.123424,-0.942214],"handId":1,"id":4,"length":45.6954,"tipPosition":[50.9234,188.181,-8.48678],"tipVelocity":[-89.6235,224.987,137.15],"tool":false},{"direction":[-0.339705,0.0652827,-0.938264],"handId":1,"id":6,"length":47.2842,"tipPosition":[25.8514,196.827,-5.0198],"tipVelocity":[-71.2693,238.003,200.348],"tool":false},{"direction":[-0.220054,0.362799,-0.905513],"handId":1,"id":2,"length":51.6493,"tipPosition":[74.944,162.279,-3.85147],"tipVelocity":[-44.4716,201.499,162],"tool":false},{"direction":[-0.427295,0.0729663,-0.901163],"handId":1,"id":3,"length":64.1433,"tipPosition":[2.22253,192.899,16.5109],"tipVelocity":[-72.8738,198.615,207.706],"tool":false},{"direction":[-0.505529,0.273695,-0.818249],"handId":1,"id":5,"length":44.3803,"tipPosition":[-17.9438,132.749,49.2881],"tipVelocity":[-79.5821,176.297,198.007],"tool":false}],"r":[[-0.854384,-0.489691,0.173868],[0.413153,-0.437209,0.798845],[-0.315171,0.754355,0.575862]],"s":-3.31956,"t":[-884.667,-2843.02,2528.45],"timestamp":870170887},
{"hands":[{"direction":[-0.167101,0.861408,-0.478744],"id":1,"palmNormal":[-0.3763,-0.503469,-0.777189],"palmPosition":[49.1111,129.009,61.3318],"palmVelocity":[-43.6573,205.8,135.447],"r":[[0.884508,-0.0446114,-0.464388],[-0.0971579,0.955977,-0.27689],[0.456297,0.29003,0.841235]],"s":1.33852,"sphereCenter":[35.3681,123.774,22.0027],"sphereRadius":64.4816,"t":[45.9302,46.7616,16.0637]}],"id":90028,"pointables":[{"direction":[-0.314787,0.126632,-0.940677],"handId":1,"id":4,"length":47.211,"tipPosition":[50.39,190.158,-6.54754],"tipVelocity":[-58.2212,215.796,211.661],"tool":false},{"direction":[-0.338778,0.069303,-0.93831],"handId":1,"id":6,"length":47.6011,"tipPosition":[25.2533,198.966,-3.17171],"tipVelocity":[-65.2768,233.47,201.713],"tool":false},{"direction":[-0.218975,0.366299,-0.904364],"handId":1,"id":2,"length":53.6878,"tipPosition":[74.5155,164.282,-2.79589],"tipVelocity":[-46.7708,218.615,115.214],"tool":false},{"direction":[-0.427654,0.0786855,-0.900511],"handId":1,"id":3,"length":64.1914,"tipPosition":[1.58443,194.702,18.3676],"tipVelocity":[-69.6465,196.777,202.65],"tool":false},{"direction":[-0.508327,0.276498,-0.815569],"handId":1,"id":5,"length":44.6693,"tipPosition":[-18.6244,134.412,51.1725],"tipVelocity":[-74.2771,181.514,205.682],"tool":false}],"r":[[-0.855458,-0.487889,0.173656],[0.412502,-0.439212,0.798082],[-0.313104,0.754359,0.576983]],"s":-3.31481,"t":[-885.301,-2841.13,2530.26],"timestamp":870180049},
{"hands":[{"direction":[-0.167224,0.864007,-0.473869],"id":1,"palmNormal":[-0.376927,-0.498654,-0.779939],"palmPosition":[48.7362,130.808,62.6729],"palmVelocity":[-40.4305,193.98,144.64],"r":[[0.885546,-0.0454627,-0.462322],[-0.0966035,0.955423,-0.278989],[0.454397,0.29172,0.841679]],"s":1.34308,"sphereCenter":[34.7412,125.033,22.8294],"sphereRadius":64.7365,"t":[45.3187,48.6174,17.8854]}],"id":90029,"pointables":[{"direction":[-0.317254,0.130976,-0.939253],"handId":1,"id":4,"length":48.5689,"tipPosition":[49.7823,192.282,-5.02794],"tipVelocity":[-65.5381,229.105,163.891],"tool":false},{"direction":[-0.218375,0.369521,-0.903198],"handId":1,"id":2,"length":55.6587,"tipPosition":[74.204,166.108,-1.54182],"tipVelocity":[-33.5879,196.914,135.253],"tool":false},{"direction":[-0.337224,0.0696433,-0.938845],"handId":1,"id":6,"length":47.75,"tipPosition":[24.7487,201.038,-1.24796],"tipVelocity":[-54.4212,223.457,207.479],"tool":false},{"direction":[-0.428373,0.0841118,-0.899679],"handId":1,"id":3,"length":64.2308,"tipPosition":[0.984975,196.456,20.2028],"tipVelocity":[-64.6522,189.142,197.93],"tool":false},{"direction":[-0.511578,0.279994,-0.812337],"handId":1,"id":5,"length":44.8696,"tipPosition":[-19.2135,136.026,53.1844],"tipVelocity":[-63.5354,174.135,216.982],"tool":false}],"r":[[-0.856684,-0.485752,0.173602],[0.41175,-0.4412,0.797373],[-0.310732,0.754578,0.577978]],"s":-3.31025,"t":[-885.913,-2839.27,2532.08],"timestamp":870189321},
{"hands":[{"direction":[-0.174228,0.862638,-0.473577],"id":1,"palmNormal":[-0.372971,-0.501918,-0.779728],"palmPosition":[48.6658,131.508,65.0961],"palmVelocity":[-7.61005,75.7474,262.05],"r":[[0.886448,-0.0460508,-0.460531],[-0.0962852,0.954918,-0.280821],[0.452701,0.293275,0.842052]],"s":1.34782,"sphereCenter":[34.1298,126.259,23.6538],"sphereRadius":65.039,"t":[44.7497,50.444,19.5586]}],"id":90030,"pointables":[{"direction":[-0.320001,0.133901,-0.937907],"handId":1,"id":4,"length":48.9045,"tipPosition":[49.3003,194.297,-3.50327],"tipVelocity":[-52.132,217.838,164.883],"tool":false},{"direction":[-0.217585,0.372937,-0.901984],"handId":1,"id":2,"length":56.7145,"tipPosition":[74.024,167.848,-0.244634],"tipVelocity":[-19.4684,188.131,140.282],"tool":false},{"direction":[-0.337771,0.072103,-0.938463],"handId":1,"id":6,"length":47.9115,"tipPosition":[24.1784,203.136,0.214094],"tipVelocity":[-61.6773,226.841,158.112],"tool":false},{"direction":[-0.429248,0.0899478,-0.898696],"handId":1,"id":3,"length":64.2883,"tipPosition":[0.458538,198.253,22.0671],"tipVelocity":[-56.9306,194.358,201.613],"tool":false},{"direction":[-0.514472,0.283644,-0.809237],"handId":1,"id":5,"length":45.1214,"tipPosition":[-20.028,137.749,54.8645],"tipVelocity":[-88.0896,186.304,181.69],"tool":false}],"r":[[-0.857698,-0.483926,0.173694],[0.411242,-0.442924,0.79668],[-0.308601,0.754741,0.578906]],"s":-3.30551,"t":[-886.482,-2837.45,2533.75],"timestamp":870198568},
{"hands":[{"direction":[-0.184359,0.858517,-0.476406],"id":1,"palmNormal":[-0.366734,-0.509801,-0.777231],"palmPosition":[48.8123,131.697,67.9882],"palmVelocity":[16.0331,20.7073,316.534],"r":[[0.887563,-0.0464677,-0.458338],[-0.0959338,0.954447,-0.282539],[0.450588,0.294741,0.842673]],"s":1.35296,"sphereCenter":[33.4932,127.477,24.4065],"sphereRadius":65.3804,"t":[44.2688,52.2323,21.1639]}],"id":90031,"pointables":[{"direction":[-0.321706,0.138188,-0.936701],"handId":1,"id":4,"length":49.1598,"tipPosition":[48.9935,196.212,-1.98755],"tipVelocity":[-33.5731,209.67,165.889],"tool":false},{"direction":[-0.216233,0.37641,-0.900866],"handId":1,"id":2,"length":56.7616,"tipPosition":[73.8869,169.572,0.645525],"tipVelocity":[-15.0033,188.72,97.4236],"tool":false},{"direction":[-0.338191,0.0763627,-0.937974],"handId":1,"id":6,"length":48.214,"tipPosition":[23.7856,205.206,1.75141],"tipVelocity":[-42.9824,226.554,168.252],"tool":false},{"direction":[-0.43036,0.0953096,-0.897611],"handId":1,"id":3,"length":64.3253,"tipPosition":[0.0000626522,200.003,23.838],"tipVelocity":[-50.1779,191.541,193.819],"tool":false},{"direction":[-0.517643,0.28824,-0.805583],"handId":1,"id":5,"length":45.3263,"tipPosition":[-20.5421,139.255,56.8318],"tipVelocity":[-56.2669,164.844,215.318],"tool":false}],"r":[[-0.858844,-0.481746,0.174091],[0.410717,-0.444543,0.796048],[-0.306102,0.755184,0.579654]],"s":-3.30036,"t":[-886.962,-2835.66,2535.36],"timestamp":870207705},
{"hands":[{"direction":[-0.19123,0.857121,-0.476094],"id":1,"palmNormal":[-0.363066,-0.512747,-0.777064],"palmPosition":[48.772,132.333,70.0653],"palmVelocity":[-4.52288,71.3323,233.041],"r":[[0.888575,-0.0464815,-0.456371],[-0.0959557,0.954012,-0.283996],[0.448584,0.296143,0.843251]],"s":1.35879,"sphereCenter":[32.8615,128.703,25.1516],"sphereRadius":65.7283,"t":[43.9413,53.996,22.7823]}],"id":90032,"pointables":[{"direction":[-0.322813,0.143619,-0.935503],"handId":1,"id":4,"length":49.3042,"tipPosition":[48.9036,198.066,-0.392403],"tipVelocity":[-10.0828,207.968,178.968],"tool":false},{"direction":[-0.214465,0.379487,-0.899997],"handId":1,"id":2,"length":56.8179,"tipPosition":[73.9676,170.843,1.69029],"tipVelocity":[9.04721,142.586,117.218],"tool":false},{"direction":[-0.338484,0.0812081,-0.937461],"handId":1,"id":6,"length":48.3718,"tipPosition":[23.6115,207.284,3.38307],"tipVelocity":[-19.5386,233.119,183.064],"tool":false},{"direction":[-0.431592,0.101046,-0.896392],"handId":1,"id":3,"length":64.4341,"tipPosition":[-0.379454,201.742,25.4977],"tipVelocity":[-42.5801,195.111,186.201],"tool":false},{"direction":[-0.520929,0.29407,-0.801346],"handId":1,"id":5,"length":45.4776,"tipPosition":[-21.0503,140.644,58.6608],"tipVelocity":[-57.0169,155.773,205.208],"tool":false}],"r":[[-0.859761,-0.479856,0.174782],[0.410559,-0.445897,0.795372],[-0.303729,0.755589,0.580374]],"s":-3.29454,"t":[-887.29,-2833.9,2536.98],"timestamp":870216618},
{"hands":[{"direction":[-0.195885,0.856835,-0.47481],"id":1,"palmNormal":[-0.360544,-0.513577,-0.77779],"palmPosition":[48.6402,133.19,71.6573],"palmVelocity":[-14.6149,95.0565,176.528],"r":[[0.88923,-0.0457023,-0.455173],[-0.0968271,0.95365,-0.284915],[0.447097,0.297428,0.843588]],"s":1.36573,"sphereCenter":[32.2441,129.965,25.8875],"sphereRadius":66.0586,"t":[43.7522,55.7185,24.2437]}],"id":90033,"pointables":[{"direction":[-0.326356,0.150242,-0.933231],"handId":1,"id":4,"length":49.7245,"tipPosition":[48.9613,199.748,0.911779],"tipVelocity":[6.39664,186.451,144.62],"tool":false},{"direction":[-0.211746,0.382228,-0.899481],"handId":1,"id":2,"length":56.798,"tipPosition":[74.2924,171.783,2.47761],"tipVelocity":[36.0201,104.282,87.306],"tool":false},{"direction":[-0.340417,0.0883333,-0.936116],"handId":1,"id":6,"length":48.8825,"tipPosition":[23.5607,209.374,4.67703],"tipVelocity":[-5.63377,231.79,143.487],"tool":false},{"direction":[-0.432194,0.106277,-0.895496],"handId":1,"id":3,"length":64.4957,"tipPosition":[-0.7096,203.492,26.9484],"tipVelocity":[-36.6097,194.043,160.875],"tool":false},{"direction":[-0.523957,0.29925,-0.797445],"handId":1,"id":5,"length":45.6912,"tipPosition":[-21.8472,142.067,60.0266],"tipVelocity":[-88.3651,157.822,151.444],"tool":false}],"r":[[-0.860087,-0.478847,0.175942],[0.411236,-0.446698,0.794573],[-0.301886,0.755756,0.581118]],"s":-3.2876,"t":[-887.479,-2832.17,2538.44],"timestamp":870225636},
{"hands":[{"direction":[-0.202834,0.854276,-0.476327],"id":1,"palmNormal":[-0.356393,-0.518413,-0.776445],"palmPosition":[48.7215,133.496,73.6285],"palmVelocity":[8.63536,32.5122,209.377],"r":[[0.889562,-0.044152,-0.454676],[-0.0985589,0.953327,-0.285402],[0.446056,0.298695,0.843691]],"s":1.37432,"sphereCenter":[32.0386,130.512,27.2103],"sphereRadius":66.7788,"t":[43.8395,57.3094,25.6964]}],"id":90034,"pointables":[{"direction":[-0.330585,0.159092,-0.93027],"handId":1,"id":4,"length":50.3012,"tipPosition":[49.4407,201.207,2.35598],"tipVelocity":[50.9186,154.985,153.394],"tool":false},{"direction":[-0.207761,0.383862,-0.899714],"handId":1,"id":2,"length":56.7998,"tipPosition":[74.8967,172.384,3.00387],"tipVelocity":[64.1795,63.81,55.8955],"tool":false},{"direction":[-0.343354,0.100012,-0.933866],"handId":1,"id":6,"length":49.5541,"tipPosition":[23.9245,211.536,6.16713],"tipVelocity":[38.6427,229.604,158.269],"tool":false},{"direction":[-0.433663,0.112304,-0.894049],"handId":1,"id":3,"length":64.4283,"tipPosition":[-1.00681,205.303,28.0644],"tipVelocity":[-31.5676,192.376,118.527],"tool":false},{"direction":[-0.527559,0.305727,-0.792599],"handId":1,"id":5,"length":45.8486,"tipPosition":[-22.4408,143.122,61.5065],"tipVelocity":[-63.0469,112.07,157.192],"tool":false}],"r":[[-0.85986,-0.478653,0.177573],[0.412742,-0.447044,0.793596],[-0.300474,0.755674,0.581956]],"s":-3.27901,"t":[-887.392,-2830.58,2539.89],"timestamp":870235051},
{"hands":[{"direction":[-0.206185,0.852502,-0.47821],"id":1,"palmNormal":[-0.353275,-0.521858,-0.775599],"palmPosition":[48.7138,133.955,75.0126],"palmVelocity":[-0.837443,49.975,150.7],"r":[[0.889653,-0.0418079,-0.454719],[-0.100959,0.953148,-0.285161],[0.445336,0.299602,0.84375]],"s":1.3856,"sphereCenter":[31.7228,131.057,28.1724],"sphereRadius":67.5677,"t":[44.1502,58.9437,26.6106]}],"id":90035,"pointables":[{"direction":[-0.332073,0.16939,-0.92792],"handId":1,"id":4,"length":51.1847,"tipPosition":[49.9747,202.885,2.49684],"tipVelocity":[58.1372,182.688,15.3373],"tool":false},{"direction":[-0.201596,0.384785,-0.900722],"handId":1,"id":2,"length":56.7925,"tipPosition":[75.735,172.72,3.03797],"tipVelocity":[91.2826,36.5292,3.71297],"tool":false},{"direction":[-0.345881,0.11346,-0.931393],"handId":1,"id":6,"length":50.4909,"tipPosition":[24.4678,213.756,6.99495],"tipVelocity":[59.1591,241.761,90.1364],"tool":false},{"direction":[-0.433998,0.119253,-0.892986],"handId":1,"id":3,"length":64.5281,"tipPosition":[-1.39826,207.214,28.4399],"tipVelocity":[-42.6237,208.119,40.8862],"tool":false},{"direction":[-0.531162,0.311468,-0.787944],"handId":1,"id":5,"length":46.0755,"tipPosition":[-23.2068,144.048,62.6367],"tipVelocity":[-83.4097,100.775,123.064],"tool":false}],"r":[[-0.859146,-0.47912,0.179756],[0.41494,-0.446671,0.79266],[-0.299487,0.755598,0.582562]],"s":-3.26773,"t":[-887.081,-2828.95,2540.81],"timestamp":870244235},
{"hands":[{"direction":[-0.207741,0.85098,-0.480431],"id":1,"palmNormal":[-0.349758,-0.524775,-0.775262],"palmPosition":[48.69,134.608,75.9523],"palmVelocity":[-2.62309,71.7976,103.368],"r":[[0.889443,-0.0385239,-0.455419],[-0.104182,0.953119,-0.284094],[0.445013,0.300132,0.843732]],"s":1.39979,"sphereCenter":[31.2695,131.682,28.8026],"sphereRadius":68.3389,"t":[44.738,60.5058,27.1829]}],"id":90036,"pointables":[{"direction":[-0.332027,0.182024,-0.925541],"handId":1,"id":4,"length":52.2862,"tipPosition":[50.9585,204.374,2.49773],"tipVelocity":[108.22,163.877,0.0982983],"tool":false},{"direction":[-0.193681,0.385408,-0.902191],"handId":1,"id":2,"length":56.8248,"tipPosition":[76.8112,172.676,2.89582],"tipVelocity":[118.386,-4.76826,-15.6367],"tool":false},{"direction":[-0.347711,0.130868,-0.928424],"handId":1,"id":6,"length":51.6817,"tipPosition":[25.3328,216.075,7.46404],"tipVelocity":[95.1473,255.108,51.5996],"tool":false},{"direction":[-0.433649,0.127197,-0.892059],"handId":1,"id":3,"length":64.4993,"tipPosition":[-1.61055,209.214,28.6705],"tipVelocity":[-23.3513,219.999,25.3679],"tool":false},{"direction":[-0.535068,0.316803,-0.783159],"handId":1,"id":5,"length":46.2514,"tipPosition":[-23.9153,144.727,63.6625],"tipVelocity":[-77.9357,74.7088,112.838],"tool":false}],"r":[[-0.857841,-0.480389,0.182582],[0.417979,-0.445479,0.791734],[-0.299003,0.755497,0.582942]],"s":-3.25353,"t":[-886.493,-2827.39,2541.38],"timestamp":870253326},
{"hands":[{"direction":[-0.211301,0.847567,-0.484807],"id":1,"palmNormal":[-0.345924,-0.530879,-0.77271],"palmPosition":[48.8742,134.661,77.2721],"palmVelocity":[19.9392,5.73844,142.841],"r":[[0.888827,-0.0339129,-0.456986],[-0.108695,0.953194,-0.282146],[0.445165,0.300452,0.843538]],"s":1.41663,"sphereCenter":[30.8612,132.37,29.3006],"sphereRadius":69.0707,"t":[45.639,61.9858,27.4894]}],"id":90037,"pointables":[{"direction":[-0.183998,0.384902,-0.904431],"handId":1,"id":2,"length":56.7567,"tipPosition":[78.0255,172.326,2.14135],"tipVelocity":[131.416,-37.926,-81.652],"tool":false},{"direction":[-0.329223,0.195513,-0.923789],"handId":1,"id":4,"length":53.3353,"tipPosition":[52.4433,205.772,2.37187],"tipVelocity":[160.696,151.298,-13.6215],"tool":false},{"direction":[-0.347428,0.149953,-0.925639],"handId":1,"id":6,"length":52.8834,"tipPosition":[26.5755,218.36,7.63316],"tipVelocity":[134.488,247.302,18.3035],"tool":false},{"direction":[-0.433171,0.135917,-0.891005],"handId":1,"id":3,"length":64.5461,"tipPosition":[-1.59188,211.328,28.7111],"tipVelocity":[2.02026,228.765,4.39431],"tool":false},{"direction":[-0.539252,0.321648,-0.778299],"handId":1,"id":5,"length":46.4308,"tipPosition":[-24.8282,145.379,64.3058],"tipVelocity":[-98.7891,70.6087,69.6167],"tool":false}],"r":[[-0.855717,-0.482729,0.186333],[0.422282,-0.443384,0.790625],[-0.299041,0.755237,0.58326]],"s":-3.23669,"t":[-885.592,-2825.91,2541.68],"timestamp":870262566},
{"hands":[{"direction":[-0.209077,0.847923,-0.485355],"id":1,"palmNormal":[-0.344335,-0.530166,-0.774021],"palmPosition":[48.7225,135.406,77.3302],"palmVelocity":[-16.6981,82.0104,6.3894],"r":[[0.887817,-0.0275933,-0.459368],[-0.114593,0.953503,-0.278747],[0.445701,0.300117,0.843375]],"s":1.43616,"sphereCenter":[30.4317,133.091,29.6302],"sphereRadius":69.7984,"t":[46.7326,63.3463,27.4903]}],"id":90038,"pointables":[{"direction":[-0.173154,0.382308,-0.907667],"handId":1,"id":2,"length":56.7373,"tipPosition":[79.3116,171.274,1.25825],"tipVelocity":[141.597,-115.756,-97.2259],"tool":false},{"direction":[-0.323535,0.210906,-0.922412],"handId":1,"id":4,"length":54.3667,"tipPosition":[54.3601,207.013,1.83881],"tipVelocity":[211.025,136.634,-58.6877],"tool":false},{"direction":[-0.345272,0.170445,-0.922895],"handId":1,"id":6,"length":54.2313,"tipPosition":[28.1698,220.503,7.3284],"tipVelocity":[175.526,235.94,-33.5534],"tool":false},{"direction":[-0.431846,0.145425,-0.890146],"handId":1,"id":3,"length":64.5904,"tipPosition":[-1.27427,213.604,28.4467],"tipVelocity":[34.9678,250.528,-29.1029],"tool":false},{"direction":[-0.54413,0.326725,-0.77277],"handId":1,"id":5,"length":46.4887,"tipPosition":[-25.6547,145.864,64.9771],"tipVelocity":[-90.9935,53.4266,73.9021],"tool":false}],"r":[[-0.852656,-0.486162,0.191375],[0.427995,-0.439846,0.789529],[-0.299663,0.755104,0.583112]],"s":-3.21717,"t":[-884.499,-2824.54,2541.68],"timestamp":870271649},
{"hands":[{"direction":[-0.210269,0.843868,-0.491663],"id":1,"palmNormal":[-0.340615,-0.537215,-0.770624],"palmPosition":[48.9024,135.331,78.0362],"palmVelocity":[19.5935,-8.12064,76.9212],"r":[[0.886208,-0.0193273,-0.462885],[-0.12207,0.954082,-0.273543],[0.446917,0.29892,0.843156]],"s":1.45846,"sphereCenter":[30.0356,133.953,29.8696],"sphereRadius":70.4179,"t":[47.9467,64.475,27.0948]}],"id":90039,"pointables":[{"direction":[-0.160198,0.378302,-0.911715],"handId":1,"id":2,"length":56.7085,"tipPosition":[80.6463,169.714,0.163934],"tipVelocity":[145.417,-170.072,-119.233],"tool":false},{"direction":[-0.314857,0.227728,-0.921415],"handId":1,"id":4,"length":55.3684,"tipPosition":[56.7234,207.91,1.04694],"tipVelocity":[257.504,97.7012,-86.2792],"tool":false},{"direction":[-0.340434,0.193748,-0.92009],"handId":1,"id":6,"length":55.5571,"tipPosition":[30.0491,222.798,6.17207],"tipVelocity":[204.76,250.05,-125.989],"tool":false},{"direction":[-0.429289,0.15958,-0.888957],"handId":1,"id":3,"length":64.6325,"tipPosition":[-0.610878,216.087,27.7589],"tipVelocity":[72.2809,270.547,-74.9476],"tool":false},{"direction":[-0.549397,0.331411,-0.767027],"handId":1,"id":5,"length":46.4907,"tipPosition":[-26.6794,146.199,65.3311],"tipVelocity":[-111.647,36.4125,38.573],"tool":false}],"r":[[-0.848389,-0.491032,0.197797],[0.435319,-0.434517,0.788474],[-0.30122,0.755038,0.582395]],"s":-3.19487,"t":[-883.285,-2823.42,2541.29],"timestamp":870280827},
{"hands":[{"direction":[-0.204041,0.844825,-0.492592],"id":1,"palmNormal":[-0.338929,-0.535138,-0.772901],"palmPosition":[48.6177,136.128,77.1532],"palmVelocity":[-31.4132,87.9434,-97.4232],"r":[[0.884156,-0.00898347,-0.467105],[-0.131168,0.954827,-0.266645],[0.4484,0.297025,0.843038]],"s":1.48294,"sphereCenter":[29.7166,135.16,30.4456],"sphereRadius":70.8955,"t":[49.182,65.2937,26.2764]}],"id":90040,"pointables":[{"direction":[-0.145656,0.373124,-0.916276],"handId":1,"id":2,"length":56.603,"tipPosition":[81.9027,167.809,-1.46649],"tipVelocity":[138.636,-210.098,-179.899],"tool":false},{"direction":[-0.302926,0.245491,-0.920853],"handId":1,"id":4,"length":56.32,"tipPosition":[59.4373,208.419,-0.194398],"tipVelocity":[299.441,56.1418,-136.968],"tool":false},{"direction":[-0.332724,0.218918,-0.917262],"handId":1,"id":6,"length":56.9475,"tipPosition":[32.3704,224.854,4.75457],"tipVelocity":[256.133,226.822,-156.405],"tool":false},{"direction":[-0.425147,0.176338,-0.887781],"handId":1,"id":3,"length":64.6261,"tipPosition":[0.588651,218.777,26.8598],"tipVelocity":[132.354,296.826,-99.2069],"tool":false},{"direction":[-0.555067,0.335775,-0.761023],"handId":1,"id":5,"length":46.3736,"tipPosition":[-27.6783,146.211,65.5597],"tipVelocity":[-110.218,1.41096,25.2294],"tool":false}],"r":[[-0.84301,-0.496947,0.205856],[0.444258,-0.427484,0.787333],[-0.303263,0.755183,0.581146]],"s":-3.17039,"t":[-882.049,-2822.6,2540.47],"timestamp":870289890},
{"hands":[{"direction":[-0.203503,0.838876,-0.502207],"id":1,"palmNormal":[-0.334605,-0.544973,-0.767459],"palmPosition":[48.7866,135.757,77.4044],"palmVelocity":[18.5469,-40.7084,27.5697],"r":[[0.881576,0.00350514,-0.472028],[-0.141835,0.955731,-0.257799],[0.450229,0.29422,0.843047]],"s":1.50887,"sphereCenter":[29.4297,136.419,30.8557],"sphereRadius":71.3285,"t":[50.5867,65.7932,24.9418]}],"id":90041,"pointables":[{"direction":[-0.129954,0.366203,-0.921416],"handId":1,"id":2,"length":56.4366,"tipPosition":[83.0639,165.578,-3.41772],"tipVelocity":[127.443,-244.922,-214.162],"tool":false},{"direction":[-0.286891,0.264333,-0.920773],"handId":1,"id":4,"length":57.1084,"tipPosition":[62.3648,208.599,-2.30586],"tipVelocity":[321.32,19.7946,-231.749],"tool":false},{"direction":[-0.321534,0.247183,-0.914066],"handId":1,"id":6,"length":58.1635,"tipPosition":[35.1313,226.438,3.20524],"tipVelocity":[303.023,173.824,-170.05],"tool":false},{"direction":[-0.418042,0.197799,-0.886632],"handId":1,"id":3,"length":64.5402,"tipPosition":[2.16273,221.82,25.0091],"tipVelocity":[172.767,334.02,-203.12],"tool":false},{"direction":[-0.560646,0.34053,-0.754795],"handId":1,"id":5,"length":46.1482,"tipPosition":[-28.7534,146.063,65.5165],"tipVelocity":[-118.001,-16.3347,-4.74308],"tool":false}],"r":[[-0.836416,-0.503917,0.215583],[0.454764,-0.418497,0.786162],[-0.30594,0.755598,0.5792]],"s":-3.14445,"t":[-880.645,-2822.1,2539.14],"timestamp":870299001},
{"hands":[{"direction":[-0.200799,0.832586,-0.512841],"id":1,"palmNormal":[-0.329814,-0.554878,-0.762016],"palmPosition":[48.8586,135.523,77.0074],"palmVelocity":[7.95558,-25.9036,-43.9092],"r":[[0.878466,0.017964,-0.477467],[-0.153895,0.956678,-0.24715],[0.452342,0.290592,0.843174]],"s":1.53526,"sphereCenter":[29.2785,137.693,31.2602],"sphereRadius":71.675,"t":[52.4265,65.8811,23.3087]}],"id":90042,"pointables":[{"direction":[-0.112942,0.358252,-0.926768],"handId":1,"id":2,"length":56.2416,"tipPosition":[84.1876,163.207,-5.35828],"tipVelocity":[124.282,-262.229,-214.617],"tool":false},{"direction":[-0.26702,0.284294,-0.920802],"handId":1,"id":4,"length":57.8787,"tipPosition":[65.3513,208.275,-4.88139],"tipVelocity":[330.291,-35.8023,-284.841],"tool":false},{"direction":[-0.306732,0.278021,-0.910286],"handId":1,"id":6,"length":59.2492,"tipPosition":[38.2042,227.622,1.41074],"tipVelocity":[339.856,130.919,-198.463],"tool":false},{"direction":[-0.408233,0.223733,-0.885037],"handId":1,"id":3,"length":64.5596,"tipPosition":[4.43769,224.832,23.0774],"tipVelocity":[251.599,333.137,-213.641],"tool":false},{"direction":[-0.565924,0.345403,-0.748616],"handId":1,"id":5,"length":45.8485,"tipPosition":[-29.7988,145.72,65.2456],"tipVelocity":[-115.62,-37.8585,-29.9583],"tool":false}],"r":[[-0.828659,-0.511724,0.226853],[0.466629,-0.407684,0.78489],[-0.309162,0.756263,0.576616]],"s":-3.11807,"t":[-878.805,-2822.01,2537.5],"timestamp":870308043},
{"hands":[{"direction":[-0.198551,0.824238,-0.525768],"id":1,"palmNormal":[-0.324599,-0.567322,-0.754348],"palmPosition":[48.9679,135.015,76.5666],"palmVelocity":[11.679,-54.3303,-47.1034],"r":[[0.874686,0.0341261,-0.483488],[-0.167261,0.957493,-0.235012],[0.454916,0.286431,0.843213]],"s":1.56096,"sphereCenter":[29.1905,138.893,31.4864],"sphereRadius":72.0062,"t":[54.7925,65.7116,21.5342]}],"id":90043,"pointables":[{"direction":[-0.243594,0.303504,-0.921166],"handId":1,"id":4,"length":58.6039,"tipPosition":[68.2435,207.463,-7.37584],"tipVelocity":[309.1,-86.8078,-266.587],"tool":false},{"direction":[-0.0945515,0.350127,-0.931918],"handId":1,"id":2,"length":55.9141,"tipPosition":[85.3037,160.757,-7.27408],"tipVelocity":[119.277,-261.85,-204.745],"tool":false},{"direction":[-0.289046,0.309123,-0.906033],"handId":1,"id":6,"length":60.3687,"tipPosition":[41.3833,228.269,-0.616008],"tipVelocity":[339.751,69.2116,-216.602],"tool":false},{"direction":[-0.395373,0.258679,-0.881343],"handId":1,"id":3,"length":64.6132,"tipPosition":[7.34117,227.647,21.2993],"tipVelocity":[310.301,300.76,-190.03],"tool":false},{"direction":[-0.57018,0.348052,-0.744147],"handId":1,"id":5,"length":45.426,"tipPosition":[-30.9599,145.293,64.5479],"tipVelocity":[-124.086,-45.6376,-74.5675],"tool":false}],"r":[[-0.819703,-0.520379,0.239359],[0.479705,-0.395326,0.783326],[-0.313002,0.756916,0.573679]],"s":-3.09237,"t":[-876.439,-2822.18,2535.73],"timestamp":870317400},
{"hands":[{"direction":[-0.197566,0.810834,-0.543792],"id":1,"palmNormal":[-0.318256,-0.585611,-0.741101],"palmPosition":[49.2996,134.131,76.4245],"palmVelocity":[36.6512,-97.6207,-15.6991],"r":[[0.870496,0.0514397,-0.48948],[-0.181438,0.958018,-0.221993],[0.457511,0.282054,0.843284]],"s":1.58527,"sphereCenter":[29.0875,140.069,31.4413],"sphereRadius":72.2784,"t":[57.2902,65.2772,19.6354]}],"id":90044,"pointables":[{"direction":[-0.217391,0.323157,-0.921038],"handId":1,"id":4,"length":59.3037,"tipPosition":[70.8728,206.284,-9.67004],"tipVelocity":[290.496,-130.25,-253.474],"tool":false},{"direction":[-0.0747501,0.340423,-0.937297],"handId":1,"id":2,"length":55.7218,"tipPosition":[86.3912,158.155,-9.58636],"tipVelocity":[120.154,-287.485,-255.472],"tool":false},{"direction":[-0.268278,0.342672,-0.900335],"handId":1,"id":6,"length":61.3654,"tipPosition":[44.4646,228.364,-2.63931],"tipVelocity":[340.445,10.463,-223.545],"tool":false},{"direction":[-0.377369,0.302922,-0.875118],"handId":1,"id":3,"length":64.6099,"tipPosition":[10.5962,230.059,19.5151],"tipVelocity":[359.628,266.542,-197.13],"tool":false},{"direction":[-0.573435,0.350639,-0.740422],"handId":1,"id":5,"length":44.8702,"tipPosition":[-31.848,144.594,63.8012],"tipVelocity":[-98.1256,-77.2381,-82.4967],"tool":false}],"r":[[-0.809968,-0.529194,0.252795],[0.493462,-0.382011,0.781385],[-0.316934,0.757642,0.570554]],"s":-3.06806,"t":[-873.941,-2822.61,2533.83],"timestamp":870326451},
{"hands":[{"direction":[-0.195138,0.797832,-0.561319],"id":1,"palmNormal":[-0.312008,-0.602575,-0.728704],"palmPosition":[49.5233,133.284,75.8031],"palmVelocity":[24.281,-92.0191,-67.4635],"r":[[0.865951,0.0693229,-0.495301],[-0.19605,0.958137,-0.208659],[0.460101,0.277792,0.84329]],"s":1.60784,"sphereCenter":[29.0476,141.157,31.2484],"sphereRadius":72.5161,"t":[59.6941,64.6542,17.6134]}],"id":90045,"pointables":[{"direction":[-0.0531436,0.329482,-0.942665],"handId":1,"id":2,"length":55.4927,"tipPosition":[87.3928,155.326,-11.896],"tipVelocity":[108.729,-307.104,-250.723],"tool":false},{"direction":[-0.188269,0.342017,-0.920641],"handId":1,"id":4,"length":60.0426,"tipPosition":[73.183,204.961,-11.8953],"tipVelocity":[250.781,-143.68,-241.566],"tool":false},{"direction":[-0.244195,0.374422,-0.894526],"handId":1,"id":6,"length":62.3309,"tipPosition":[47.2371,228.175,-4.78441],"tipVelocity":[300.956,-20.544,-232.859],"tool":false},{"direction":[-0.355071,0.351909,-0.866074],"handId":1,"id":3,"length":64.3816,"tipPosition":[13.9203,231.756,18.0427],"tipVelocity":[360.845,184.231,-159.827],"tool":false},{"direction":[-0.575303,0.353553,-0.737582],"handId":1,"id":5,"length":44.2631,"tipPosition":[-32.6915,143.782,62.6804],"tipVelocity":[-91.5661,-88.1128,-121.668],"tool":false}],"r":[[-0.799701,-0.537927,0.266669],[0.507494,-0.368291,0.778981],[-0.320824,0.758285,0.567517]],"s":-3.04549,"t":[-871.537,-2823.24,2531.81],"timestamp":870335663},
{"hands":[{"direction":[-0.191446,0.785719,-0.577796],"id":1,"palmNormal":[-0.3064,-0.617738,-0.717499],"palmPosition":[49.5985,132.514,74.7175],"palmVelocity":[8.13971,-83.2344,-117.456],"r":[[0.861053,0.0871441,-0.500993],[-0.210707,0.957793,-0.195539],[0.462808,0.273932,0.843072]],"s":1.62854,"sphereCenter":[29.0969,142.131,30.9364],"sphereRadius":72.7157,"t":[61.8938,63.9007,15.5122]}],"id":90046,"pointables":[{"direction":[-0.0312858,0.316251,-0.94816],"handId":1,"id":2,"length":55.3448,"tipPosition":[88.2274,152.395,-14.2235],"tipVelocity":[90.3043,-317.055,-251.836],"tool":false},{"direction":[-0.155886,0.362483,-0.918861],"handId":1,"id":4,"length":60.741,"tipPosition":[75.1785,203.671,-14.0757],"tipVelocity":[215.916,-139.558,-235.921],"tool":false},{"direction":[-0.21794,0.4039,-0.888463],"handId":1,"id":6,"length":63.2398,"tipPosition":[49.5781,227.696,-6.98965],"tipVelocity":[253.305,-51.8039,-238.611],"tool":false},{"direction":[-0.329176,0.399466,-0.855611],"handId":1,"id":3,"length":64.1391,"tipPosition":[16.8898,232.957,16.6419],"tipVelocity":[321.309,129.911,-151.57],"tool":false},{"direction":[-0.576912,0.357053,-0.734633],"handId":1,"id":5,"length":43.5491,"tipPosition":[-33.5809,142.899,61.0547],"tipVelocity":[-96.2345,-95.648,-175.902],"tool":false}],"r":[[-0.789121,-0.546506,0.280391],[0.521407,-0.354692,0.776098],[-0.32469,0.758633,0.564847]],"s":-3.02479,"t":[-869.337,-2823.99,2529.71],"timestamp":870344905},
{"hands":[{"direction":[-0.188812,0.772966,-0.594187],"id":1,"palmNormal":[-0.300287,-0.633097,-0.705781],"palmPosition":[49.6686,131.685,73.545],"palmVelocity":[7.65518,-90.5379,-128.033],"r":[[0.856313,0.104023,-0.505873],[-0.224526,0.957081,-0.18326],[0.465098,0.27051,0.842917]],"s":1.64783,"sphereCenter":[29.1787,143.01,30.4547],"sphereRadius":72.8885,"t":[63.7814,62.9064,13.1648]}],"id":90047,"pointables":[{"direction":[-0.00911637,0.302008,-0.953262],"handId":1,"id":2,"length":55.1906,"tipPosition":[88.8798,149.554,-16.8266],"tipVelocity":[71.2372,-310.218,-284.24],"tool":false},{"direction":[-0.121447,0.380821,-0.916639],"handId":1,"id":4,"length":61.4043,"tipPosition":[76.7539,202.432,-16.6693],"tipVelocity":[172.028,-135.256,-283.199],"tool":false},{"direction":[-0.190448,0.430672,-0.882186],"handId":1,"id":6,"length":64.3117,"tipPosition":[51.4333,227.348,-9.87642],"tipVelocity":[202.581,-37.9418,-315.219],"tool":false},{"direction":[-0.301503,0.442314,-0.844662],"handId":1,"id":3,"length":63.7941,"tipPosition":[19.2342,233.565,15.1989],"tipVelocity":[255.999,66.4016,-157.566],"tool":false},{"direction":[-0.577188,0.357363,-0.734265],"handId":1,"id":5,"length":42.8258,"tipPosition":[-34.1388,141.663,59.2801],"tipVelocity":[-60.9206,-134.879,-193.785],"tool":false}],"r":[[-0.778996,-0.554124,0.293448],[0.534389,-0.341892,0.773006],[-0.328014,0.758984,0.56245]],"s":-3.0055,"t":[-867.45,-2824.98,2527.36],"timestamp":870354063},
{"hands":[{"direction":[-0.184875,0.76322,-0.607537],"id":1,"palmNormal":[-0.296524,-0.644479,-0.697126],"palmPosition":[49.5493,130.922,71.888],"palmVelocity":[-12.8055,-81.8889,-177.815],"r":[[0.851637,0.119687,-0.510284],[-0.237163,0.956206,-0.171534],[0.467406,0.267105,0.842726]],"s":1.66514,"sphereCenter":[29.2059,143.699,29.7233],"sphereRadius":73.0271,"t":[65.2121,61.7641,10.7695]}],"id":90048,"pointables":[{"direction":[-0.0896168,0.39413,-0.914675],"handId":1,"id":4,"length":62.0538,"tipPosition":[77.7278,200.848,-19.3106],"tipVelocity":[104.508,-170.059,-283.43],"tool":false},{"direction":[0.0112358,0.285778,-0.95823],"handId":1,"id":2,"length":55.0172,"tipPosition":[89.1711,146.713,-19.2698],"tipVelocity":[31.2582,-304.859,-262.176],"tool":false},{"direction":[-0.16503,0.450687,-0.877295],"handId":1,"id":6,"length":65.2309,"tipPosition":[52.6636,226.493,-12.7923],"tipVelocity":[132.019,-91.7659,-312.896],"tool":false},{"direction":[-0.273917,0.480051,-0.833379],"handId":1,"id":3,"length":63.5201,"tipPosition":[20.7327,234.289,12.773],"tipVelocity":[160.791,77.6433,-260.32],"tool":false},{"direction":[-0.57715,0.357175,-0.734387],"handId":1,"id":5,"length":42.0494,"tipPosition":[-34.6816,140.373,57.0618],"tipVelocity":[-58.2414,-138.448,-238.033],"tool":false}],"r":[[-0.769336,-0.561067,0.305492],[0.546195,-0.329656,0.770064],[-0.33135,0.759296,0.560068]],"s":-2.98818,"t":[-866.019,-2826.13,2524.96],"timestamp":870363382},
