[
{"hands":[],"id":335605,"pointables":[],"r":[[0.266415,-0.506467,-0.82007],[0.495975,-0.657498,0.567191],[-0.826457,-0.557842,0.0760273]],"s":1097.56,"t":[-1574.24,-18036.4,5785.12],"timestamp":46850195987},
{"hands":[],"id":335607,"pointables":[],"r":[[0.266415,-0.506467,-0.82007],[0.495975,-0.657498,0.567191],[-0.826457,-0.557842,0.0760273]],"s":1097.56,"t":[-1574.24,-18036.4,5785.12],"timestamp":46850205251},
{"hands":[],"id":335609,"pointables":[],"r":[[0.266415,-0.506467,-0.82007],[0.495975,-0.657498,0.567191],[-0.826457,-0.557842,0.0760273]],"s":1097.56,"t":[-1574.24,-18036.4,5785.12],"timestamp":46850214478},
{"hands":[],"id":335611,"pointables":[],"r":[[0.266415,-0.506467,-0.82007],[0.495975,-0.657498,0.567191],[-0.826457,-0.557842,0.0760273]],"s":1097.56,"t":[-1574.24,-18036.4,5785.12],"timestamp":46850224054},
{"hands":[],"id":335613,"pointables":[],"r":[[0.266415,-0.506467,-0.82007],[0.495975,-0.657498,0.567191],[-0.826457,-0.557842,0.0760273]],"s":1097.56,"t":[-1574.24,-18036.4,5785.12],"timestamp":46850233441},
{"hands":[],"id":335615,"pointables":[],"r":[[0.266415,-0.506467,-0.82007],[0.495975,-0.657498,0.567191],[-0.826457,-0.557842,0.0760273]],"s":1097.56,"t":[-1574.24,-18036.4,5785.12],"timestamp":46850242587},
{"hands":[],"id":335617,"pointables":[],"r":[[0.266415,-0.506467,-0.82007],[0.495975,-0.657498,0.567191],[-0.826457,-0.557842,0.0760273]],"s":1097.56,"t":[-1574.24,-18036.4,5785.12],"timestamp":46850252092},
{"hands":[],"id":335619,"pointables":[],"r":[[0.266415,-0.506467,-0.82007],[0.495975,-0.657498,0.567191],[-0.826457,-0.557842,0.0760273]],"s":1097.56,"t":[-1574.24,-18036.4,5785.12],"timestamp":46850261248},
{"hands":[],"id":335621,"pointables":[],"r":[[0.266415,-0.506467,-0.82007],[0.495975,-0.657498,0.567191],[-0.826457,-0.557842,0.0760273]],"s":1097.56,"t":[-1574.24,-18036.4,5785.12],"timestamp":46850270818},
{"hands":[],"id":335623,"pointables":[],"r":[[0.266415,-0.506467,-0.82007],[0.495975,-0.657498,0.567191],[-0.826457,-0.557842,0.0760273]],"s":1097.56,"t":[-1574.24,-18036.4,5785.12],"timestamp":46850279857},
{"hands":[],"id":335625,"pointables":[],"r":[[0.266415,-0.506467,-0.82007],[0.495975,-0.657498,0.567191],[-0.826457,-0.557842,0.0760273]],"s":1097.56,"t":[-1574.24,-18036.4,5785.12],"timestamp":46850289441},
{"hands":[],"id":335627,"pointables":[],"r":[[0.266415,-0.506467,-0.82007],[0.495975,-0.657498,0.567191],[-0.826457,-0.557842,0.0760273]],"s":1097.56,"t":[-1574.24,-18036.4,5785.12],"timestamp":46850298632},
{"hands":[],"id":335629,"pointables":[],"r":[[0.266415,-0.506467,-0.82007],[0.495975,-0.657498,0.567191],[-0.826457,-0.557842,0.0760273]],"s":1097.56,"t":[-1574.24,-18036.4,5785.12],"timestamp":46850308089},
{"hands":[],"id":335631,"pointables":[],"r":[[0.266415,-0.506467,-0.82007],[0.495975,-0.657498,0.567191],[-0.826457,-0.557842,0.0760273]],"s":1097.56,"t":[-1574.24,-18036.4,5785.12],"timestamp":46850317609},
{"hands":[],"id":335633,"pointables":[],"r":[[0.266415,-0.506467,-0.82007],[0.495975,-0.657498,0.567191],[-0.826457,-0.557842,0.0760273]],"s":1097.56,"t":[-1574.24,-18036.4,5785.12],"timestamp":46850326665},
{"hands":[],"id":335635,"pointables":[],"r":[[0.266415,-0.506467,-0.82007],[0.495975,-0.657498,0.567191],[-0.826457,-0.557842,0.0760273]],"s":1097.56,"t":[-1574.24,-18036.4,5785.12],"timestamp":46850336181},
{"hands":[],"id":335637,"pointables":[],"r":[[0.266415,-0.506467,-0.82007],[0.495975,-0.657498,0.567191],[-0.826457,-0.557842,0.0760273]],"s":1097.56,"t":[-1574.24,-18036.4,5785.12],"timestamp":46850345565},
{"hands":[],"id":335639,"pointables":[],"r":[[0.266415,-0.506467,-0.82007],[0.495975,-0.657498,0.567191],[-0.826457,-0.557842,0.0760273]],"s":1097.56,"t":[-1574.24,-18036.4,5785.12],"timestamp":46850354840},
{"hands":[],"id":335641,"pointables":[],"r":[[0.266415,-0.506467,-0.82007],[0.495975,-0.657498,0.567191],[-0.826457,-0.557842,0.0760273]],"s":1097.56,"t":[-1574.24,-18036.4,5785.12],"timestamp":46850363958},
{"hands":[],"id":335643,"pointables":[],"r":[[0.266415,-0.506467,-0.82007],[0.495975,-0.657498,0.567191],[-0.826457,-0.557842,0.0760273]],"s":1097.56,"t":[-1574.24,-18036.4,5785.12],"timestamp":46850373532},
{"hands":[],"id":335645,"pointables":[],"r":[[0.266415,-0.506467,-0.82007],[0.495975,-0.657498,0.567191],[-0.826457,-0.557842,0.0760273]],"s":1097.56,"t":[-1574.24,-18036.4,5785.12],"timestamp":46850382943},
{"hands":[],"id":335647,"pointables":[],"r":[[0.266415,-0.506467,-0.82007],[0.495975,-0.657498,0.567191],[-0.826457,-0.557842,0.0760273]],"s":1097.56,"t":[-1574.24,-18036.4,5785.12],"timestamp":46850392280},
{"hands":[],"id":335649,"pointables":[],"r":[[0.266415,-0.506467,-0.82007],[0.495975,-0.657498,0.567191],[-0.826457,-0.557842,0.0760273]],"s":1097.56,"t":[-1574.24,-18036.4,5785.12],"timestamp":46850401575},
{"hands":[],"id":335651,"pointables":[],"r":[[0.266415,-0.506467,-0.82007],[0.495975,-0.657498,0.567191],[-0.826457,-0.557842,0.0760273]],"s":1097.56,"t":[-1574.24,-18036.4,5785.12],"timestamp":46850410786},
{"hands":[],"id":335653,"pointables":[],"r":[[0.266415,-0.506467,-0.82007],[0.495975,-0.657498,0.567191],[-0.826457,-0.557842,0.0760273]],"s":1097.56,"t":[-1574.24,-18036.4,5785.12],"timestamp":46850420377},
{"hands":[],"id":335655,"pointables":[],"r":[[0.266415,-0.506467,-0.82007],[0.495975,-0.657498,0.567191],[-0.826457,-0.557842,0.0760273]],"s":1097.56,"t":[-1574.24,-18036.4,5785.12],"timestamp":46850429565},
{"hands":[],"id":335657,"pointables":[],"r":[[0.266415,-0.506467,-0.82007],[0.495975,-0.657498,0.567191],[-0.826457,-0.557842,0.0760273]],"s":1097.56,"t":[-1574.24,-18036.4,5785.12],"timestamp":46850438869},
{"hands":[],"id":335659,"pointables":[],"r":[[0.266415,-0.506467,-0.82007],[0.495975,-0.657498,0.567191],[-0.826457,-0.557842,0.0760273]],"s":1097.56,"t":[-1574.24,-18036.4,5785.12],"timestamp":46850448139},
{"hands":[],"id":335661,"pointables":[],"r":[[0.266415,-0.506467,-0.82007],[0.495975,-0.657498,0.567191],[-0.826457,-0.557842,0.0760273]],"s":1097.56,"t":[-1574.24,-18036.4,5785.12],"timestamp":46850457679},
{"hands":[],"id":335663,"pointables":[],"r":[[0.266415,-0.506467,-0.82007],[0.495975,-0.657498,0.567191],[-0.826457,-0.557842,0.0760273]],"s":1097.56,"t":[-1574.24,-18036.4,5785.12],"timestamp":46850467062},
{"hands":[],"id":335665,"pointables":[],"r":[[0.266415,-0.506467,-0.82007],[0.495975,-0.657498,0.567191],[-0.826457,-0.557842,0.0760273]],"s":1097.56,"t":[-1574.24,-18036.4,5785.12],"timestamp":46850476298},
{"hands":[],"id":335667,"pointables":[],"r":[[0.266415,-0.506467,-0.82007],[0.495975,-0.657498,0.567191],[-0.826457,-0.557842,0.0760273]],"s":1097.56,"t":[-1574.24,-18036.4,5785.12],"timestamp":46850485691},
{"hands":[],"id":335669,"pointables":[],"r":[[0.266415,-0.506467,-0.82007],[0.495975,-0.657498,0.567191],[-0.826457,-0.557842,0.0760273]],"s":1097.56,"t":[-1574.24,-18036.4,5785.12],"timestamp":46850494880},
{"hands":[],"id":335671,"pointables":[],"r":[[0.266415,-0.506467,-0.82007],[0.495975,-0.657498,0.567191],[-0.826457,-0.557842,0.0760273]],"s":1097.56,"t":[-1574.24,-18036.4,5785.12],"timestamp":46850504434},
{"hands":[],"id":335673,"pointables":[],"r":[[0.266415,-0.506467,-0.82007],[0.495975,-0.657498,0.567191],[-0.826457,-0.557842,0.0760273]],"s":1097.56,"t":[-1574.24,-18036.4,5785.12],"timestamp":46850513600},
{"hands":[],"id":335675,"pointables":[{"direction":[-0.46028,-0.0549876,-0.886069],"handId":3,"id":4,"length":54.506,"tipPosition":[64.4315,121.573,112.441],"tipVelocity":[-321.766,827.877,308.116],"tool":false}],"r":[[0.266415,-0.506467,-0.82007],[0.495975,-0.657498,0.567191],[-0.826457,-0.557842,0.0760273]],"s":1097.56,"t":[-1575.77,-18032.5,5786.58],"timestamp":46850523055},
{"hands":[],"id":335677,"pointables":[{"direction":[-0.447797,-0.0633997,-0.891885],"handId":5,"id":4,"length":55.8715,"tipPosition":[61.1639,130.742,115.964],"tipVelocity":[-355.436,997.385,383.156],"tool":false}],"r":[[0.266415,-0.506467,-0.82007],[0.495975,-0.657498,0.567191],[-0.826457,-0.557842,0.0760273]],"s":1097.56,"t":[-1578.16,-18026,5789.07],"timestamp":46850532248},
{"hands":[],"id":335679,"pointables":[{"direction":[-0.438895,-0.067094,-0.89603],"handId":11,"id":4,"length":56.6608,"tipPosition":[57.1812,142.203,119.505],"tipVelocity":[-416.386,1198.17,370.232],"tool":false}],"r":[[0.266415,-0.506467,-0.82007],[0.495975,-0.657498,0.567191],[-0.826457,-0.557842,0.0760273]],"s":1097.56,"t":[-1581.35,-18017,5792.08],"timestamp":46850541813},
{"hands":[],"id":335681,"pointables":[{"direction":[-0.433589,-0.0729906,-0.89815],"handId":5,"id":4,"length":57.0413,"tipPosition":[52.4564,156.685,123.942],"tipVelocity":[-510.732,1565.41,479.584],"tool":false}],"r":[[0.266415,-0.506467,-0.82007],[0.495975,-0.657498,0.567191],[-0.826457,-0.557842,0.0760273]],"s":1097.56,"t":[-1585.31,-18005.2,5795.81],"timestamp":46850551064},
{"hands":[],"id":335683,"pointables":[{"direction":[-0.427814,-0.0727169,-0.900937],"handId":5,"id":4,"length":56.8904,"tipPosition":[46.794,174.83,129.948],"tipVelocity":[-617.163,1977.72,654.619],"tool":false}],"r":[[0.266415,-0.506467,-0.82007],[0.495975,-0.657498,0.567191],[-0.826457,-0.557842,0.0760273]],"s":1097.56,"t":[-1590.11,-17990.3,5800.67],"timestamp":46850560239},
{"hands":[],"id":335685,"pointables":[{"direction":[-0.586852,0.0167976,-0.80952],"handId":5,"id":6,"length":44.0954,"tipPosition":[112.441,138.916,107.054],"tipVelocity":[-223.513,827.576,201.653],"tool":false},{"direction":[-0.487645,-0.0742885,-0.869876],"handId":5,"id":9,"length":80.6473,"tipPosition":[56.2658,201.545,127.721],"tipVelocity":[-421.198,987.591,399.213],"tool":false},{"direction":[-0.42358,-0.0663133,-0.903428],"handId":5,"id":4,"length":56.7764,"tipPosition":[39.6133,195.07,137.383],"tipVelocity":[-750.25,2114.69,776.846],"tool":false}],"r":[[0.26765,-0.514582,-0.814597],[0.492564,-0.653543,0.574684],[-0.828097,-0.555055,0.0785437]],"s":1097.58,"t":[-1594.54,-17978.1,5805.02],"timestamp":46850569810},
{"hands":[],"id":335687,"pointables":[{"direction":[-0.58697,0.00590432,-0.809587],"handId":5,"id":6,"length":45.6174,"tipPosition":[109.815,150.196,109.452],"tipVelocity":[-290.239,1246.32,265.024],"tool":false},{"direction":[-0.48808,-0.0662063,-0.870284],"handId":5,"id":9,"length":80.295,"tipPosition":[51.8051,212.631,132.337],"tipVelocity":[-492.839,1224.88,509.923],"tool":false},{"direction":[-0.416823,-0.0638503,-0.906743],"handId":5,"id":4,"length":56.6056,"tipPosition":[31.7435,212.485,145.992],"tipVelocity":[-869.502,1924.15,951.117],"tool":false}],"r":[[0.265897,-0.52438,-0.808903],[0.491246,-0.648278,0.581732],[-0.829443,-0.552051,0.0852251]],"s":1097.61,"t":[-1598.98,-17966.3,5809.5],"timestamp":46850578861},
{"hands":[],"id":335689,"pointables":[{"direction":[-0.584452,-0.0140747,-0.811306],"handId":5,"id":6,"length":46.9816,"tipPosition":[106.361,166.888,112.402],"tipVelocity":[-360.587,1742.74,307.971],"tool":false},{"direction":[-0.489869,-0.0646194,-0.869398],"handId":5,"id":9,"length":79.4944,"tipPosition":[47.2751,225.474,138.175],"tipVelocity":[-472.962,1340.87,609.536],"tool":false},{"direction":[-0.413046,-0.0558615,-0.908995],"handId":5,"id":4,"length":56.5202,"tipPosition":[24.046,227.12,153.738],"tipVelocity":[-803.656,1527.91,808.782],"tool":false},{"direction":[-0.0688928,0.587345,-0.806399],"handId":7,"id":8,"length":30.5068,"tipPosition":[14.447,138.936,163.052],"tipVelocity":[-320.544,853.864,258.631],"tool":false}],"r":[[0.259362,-0.526814,-0.809443],[0.499306,-0.64428,0.579308],[-0.826695,-0.55441,0.0959397]],"s":1097.64,"t":[-1603.19,-17953.6,5813.93],"timestamp":46850588439},
{"hands":[{"direction":[-0.205005,0.735619,-0.552459],"id":5,"palmNormal":[-0.338019,-0.519205,-0.68715],"palmPosition":[73.626,189.65,173.323],"palmVelocity":[-657.977,651.789,748.18],"r":[[1,0,0],[0,1,0],[0,0,1]],"s":1,"sphereCenter":[66.5495,164.766,148.404],"sphereRadius":51.3198,"t":[0,0,0]}],"id":335691,"pointables":[{"direction":[-0.579926,0.0081641,-0.814628],"handId":5,"id":6,"length":47.579,"tipPosition":[101.725,190.357,116.179],"tipVelocity":[-504.142,2552.35,410.731],"tool":false},{"direction":[-0.482695,-0.0757369,-0.872508],"handId":5,"id":9,"length":79.2615,"tipPosition":[41.6295,239.903,142.925],"tipVelocity":[-613.98,1569.18,516.652],"tool":false},{"direction":[-0.40943,-0.0404655,-0.911444],"handId":5,"id":4,"length":56.2071,"tipPosition":[17.2436,239.418,160.376],"tipVelocity":[-739.795,1337.51,721.958],"tool":false},{"direction":[-0.0745706,0.584072,-0.808269],"handId":5,"id":8,"length":31.7465,"tipPosition":[11.0495,148.612,165.453],"tipVelocity":[-369.494,1052.36,261.197],"tool":false}],"r":[[0.246474,-0.519356,-0.818242],[0.517546,-0.643287,0.564206],[-0.819388,-0.56254,0.110237]],"s":1097.66,"t":[-1607.87,-17940.5,5818.28],"timestamp":46850597634},
{"hands":[{"direction":[-0.193173,0.773339,-0.495209],"id":5,"palmNormal":[-0.340303,-0.456972,-0.734503],"palmPosition":[67.2502,195.89,178.856],"palmVelocity":[-667.405,653.148,579.217],"r":[[0.999913,-0.01318,-0.0000174946],[0.0131793,0.999872,-0.00912241],[0.000137726,0.00912138,0.999958]],"s":0.997655,"sphereCenter":[62.2342,172.846,152.735],"sphereRadius":53.5372,"t":[-2.894,6.99899,2.57413]}],"id":335693,"pointables":[{"direction":[-0.562568,0.141404,-0.814569],"handId":5,"id":6,"length":46.0809,"tipPosition":[95.8736,214.192,120.975],"tipVelocity":[-612.539,2495.02,502.041],"tool":false},{"direction":[-0.477191,-0.0766077,-0.875454],"handId":5,"id":9,"length":78.7973,"tipPosition":[35.9051,256.064,148.91],"tipVelocity":[-599.226,1691.81,626.476],"tool":false},{"direction":[-0.408956,-0.0293104,-0.912083],"handId":5,"id":4,"length":55.9874,"tipPosition":[10.9993,251.252,165.877],"tipVelocity":[-653.649,1238.79,575.789],"tool":false},{"direction":[-0.0811003,0.590322,-0.803083],"handId":5,"id":8,"length":32.7653,"tipPosition":[7.09763,160.631,168.062],"tipVelocity":[-413.676,1258.05,273.062],"tool":false}],"r":[[0.229305,-0.504699,-0.832285],[0.542423,-0.643731,0.539804],[-0.808206,-0.57523,0.126149]],"s":1097.67,"t":[-1613.1,-17927,5823.03],"timestamp":46850607187},
{"hands":[{"direction":[-0.189324,0.803751,-0.447839],"id":5,"palmNormal":[-0.333933,-0.41018,-0.774403],"palmPosition":[60.9244,202.612,183.423],"palmVelocity":[-678.299,720.813,489.692],"r":[[0.999564,-0.0295371,0.000196613],[0.0295344,0.999327,-0.0217677],[0.000446473,0.021764,0.999763]],"s":0.992244,"sphereCenter":[57.7438,180.972,156.876],"sphereRadius":55.6492,"t":[-7.34568,17.2227,5.97466]}],"id":335695,"pointables":[{"direction":[-0.559846,0.134423,-0.81762],"handId":5,"id":6,"length":47.1579,"tipPosition":[89.2296,231.984,125.08],"tipVelocity":[-712.424,1907.82,440.177],"tool":false},{"direction":[-0.480948,-0.0487491,-0.875393],"handId":5,"id":9,"length":77.92,"tipPosition":[29.87,271.946,154.811],"tipVelocity":[-647.129,1702.94,632.711],"tool":false},{"direction":[-0.405395,-0.0236026,-0.913837],"handId":5,"id":4,"length":55.8757,"tipPosition":[5.0157,262.267,170.226],"tipVelocity":[-641.605,1181.11,466.309],"tool":false},{"direction":[-0.0881945,0.595962,-0.798154],"handId":5,"id":8,"length":33.4192,"tipPosition":[2.18869,174.998,170.604],"tipVelocity":[-526.372,1540.55,272.536],"tool":false}],"r":[[0.211857,-0.489282,-0.846002],[0.567331,-0.643289,0.514116],[-0.795772,-0.588882,0.1413]],"s":1097.68,"t":[-1618.73,-17913.5,5827.52],"timestamp":46850616513},
{"hands":[{"direction":[-0.188182,0.829662,-0.403904],"id":5,"palmNormal":[-0.329469,-0.368511,-0.807012],"palmPosition":[54.668,209.911,186.74],"palmVelocity":[-676.879,789.708,358.888],"r":[[0.999069,-0.0431391,-0.000955716],[0.043084,0.998524,-0.0330649],[0.0023807,0.032993,0.999453]],"s":0.984304,"sphereCenter":[53.5158,189.643,161.599],"sphereRadius":57.6117,"t":[-12.5208,29.2348,9.29927]}],"id":335697,"pointables":[{"direction":[-0.557438,0.14379,-0.817672],"handId":5,"id":6,"length":47.6159,"tipPosition":[83.8437,245.297,129.568],"tipVelocity":[-582.694,1440.3,485.613],"tool":false},{"direction":[-0.477795,-0.0455744,-0.877288],"handId":5,"id":9,"length":77.6115,"tipPosition":[23.1138,286.235,158.586],"tipVelocity":[-730.948,1545.88,408.39],"tool":false},{"direction":[-0.0945762,0.605282,-0.790373],"handId":5,"id":8,"length":33.8777,"tipPosition":[-3.84987,190.543,173.326],"tipVelocity":[-653.312,1681.88,294.558],"tool":false},{"direction":[-0.401789,-0.0287908,-0.91528],"handId":5,"id":4,"length":55.7447,"tipPosition":[-0.742808,272.766,173.996],"tipVelocity":[-623.013,1135.84,407.89],"tool":false}],"r":[[0.198363,-0.475789,-0.8569],[0.587756,-0.641889,0.492465],[-0.784344,-0.601335,0.15232]],"s":1097.68,"t":[-1624.48,-17899.9,5831.39],"timestamp":46850625756},
{"hands":[{"direction":[-0.183363,0.852336,-0.365993],"id":5,"palmNormal":[-0.330557,-0.332823,-0.831892],"palmPosition":[49.4688,219.471,188.66],"palmVelocity":[-551.237,1013.56,203.582],"r":[[0.998577,-0.0532871,-0.00225218],[0.0531376,0.997626,-0.0438117],[0.00458143,0.0436296,0.999037]],"s":0.97607,"sphereCenter":[49.3693,198.785,166.328],"sphereRadius":59.5097,"t":[-17.9906,41.5769,12.4369]}],"id":335699,"pointables":[{"direction":[-0.554498,0.159173,-0.816821],"handId":5,"id":6,"length":48.2216,"tipPosition":[78.6241,257.97,132.448],"tipVelocity":[-553.394,1343.7,305.254],"tool":false},{"direction":[-0.460603,-0.0527081,-0.88604],"handId":5,"id":9,"length":73.1403,"tipPosition":[17.2813,298.905,163.366],"tipVelocity":[-618.377,1343.31,506.824],"tool":false},{"direction":[-0.0983075,0.603332,-0.791407],"handId":5,"id":8,"length":34.3229,"tipPosition":[-10.663,204.839,176.024],"tipVelocity":[-722.347,1515.64,286.037],"tool":false},{"direction":[-0.397874,-0.0336183,-0.916824],"handId":5,"id":4,"length":55.8108,"tipPosition":[-6.43919,283.064,177.018],"tipVelocity":[-603.942,1091.88,320.401],"tool":false}],"r":[[0.188084,-0.465236,-0.864974],[0.604911,-0.638955,0.475204],[-0.773761,-0.612611,0.161249]],"s":1097.67,"t":[-1630.25,-17886.7,5834.8],"timestamp":46850635188},
{"hands":[{"direction":[-0.184441,0.871448,-0.32809],"id":5,"palmNormal":[-0.334681,-0.299876,-0.851358],"palmPosition":[44.4507,228.267,189.834],"palmVelocity":[-539.863,946.355,126.285],"r":[[0.997914,-0.0645507,-0.000657482],[0.0644159,0.996393,-0.055234],[0.00422051,0.0550765,0.998473]],"s":0.970224,"sphereCenter":[44.5368,208.827,169.016],"sphereRadius":60.8467,"t":[-23.9033,53.6281,14.9089]}],"id":335701,"pointables":[{"direction":[-0.530626,0.312604,-0.787855],"handId":5,"id":6,"length":47.3363,"tipPosition":[72.4669,273.133,132.527],"tipVelocity":[-662.427,1631.31,8.57247],"tool":false},{"direction":[-0.45816,-0.0568691,-0.887049],"handId":5,"id":9,"length":73.1052,"tipPosition":[10.7272,310.564,165.327],"tipVelocity":[-705.117,1254.34,210.985],"tool":false},{"direction":[-0.101779,0.615694,-0.781384],"handId":5,"id":8,"length":34.7441,"tipPosition":[-17.3573,216.701,177.676],"tipVelocity":[-720.204,1276.16,177.728],"tool":false},{"direction":[-0.39762,-0.0339481,-0.916922],"handId":5,"id":4,"length":55.7916,"tipPosition":[-11.88,293.982,180.25],"tipVelocity":[-585.345,1174.55,347.683],"tool":false}],"r":[[0.175806,-0.45623,-0.872322],[0.621112,-0.636076,0.45785],[-0.763748,-0.622303,0.171544]],"s":1097.67,"t":[-1636.31,-17874.3,5837.41],"timestamp":46850644483},
{"hands":[{"direction":[-0.178548,0.888536,-0.297897],"id":5,"palmNormal":[-0.347238,-0.273657,-0.862932],"palmPosition":[40.0981,235.533,190.38],"palmVelocity":[-460.357,768.413,57.7157],"r":[[0.997387,-0.0722458,0.0000486806],[0.0720967,0.995285,-0.0648877],[0.00463941,0.0647216,0.997893]],"s":0.968736,"sphereCenter":[40.5333,218.383,172.973],"sphereRadius":62.5798,"t":[-29.7047,64.4715,16.5958]}],"id":335703,"pointables":[{"direction":[-0.532078,0.154184,-0.832539],"handId":5,"id":6,"length":45.829,"tipPosition":[67.3299,281.77,133.582],"tipVelocity":[-543.311,913.447,111.53],"tool":false},{"direction":[-0.436784,-0.0927722,-0.89477],"handId":5,"id":9,"length":69.5484,"tipPosition":[5.25789,320.51,167.856],"tipVelocity":[-578.461,1051.99,267.484],"tool":false},{"direction":[-0.103231,0.612081,-0.784028],"handId":5,"id":8,"length":35.1317,"tipPosition":[-23.268,226.025,178.425],"tipVelocity":[-625.137,986.193,79.2178],"tool":false},{"direction":[-0.396491,-0.0327824,-0.917453],"handId":5,"id":4,"length":55.7353,"tipPosition":[-17.9967,304.26,181.2],"tipVelocity":[-646.932,1087.02,100.517],"tool":false}],"r":[[0.167116,-0.449549,-0.877484],[0.634001,-0.632589,0.444831],[-0.75506,-0.630664,0.179299]],"s":1097.67,"t":[-1642.18,-17863.2,5839.16],"timestamp":46850653938},
{"hands":[{"direction":[-0.177178,0.90245,-0.271985],"id":5,"palmNormal":[-0.35536,-0.254676,-0.872374],"palmPosition":[36.3495,241.437,190.399],"palmVelocity":[-415.495,654.379,2.14207],"r":[[0.996892,-0.0787736,0.000868697],[0.0786279,0.994247,-0.0727312],[0.0048656,0.0725735,0.997351]],"s":0.973345,"sphereCenter":[36.5059,228.419,176.568],"sphereRadius":64.3704,"t":[-35.3671,74.2828,17.3955]}],"id":335705,"pointables":[{"direction":[-0.523652,-0.0929874,-0.846842],"handId":5,"id":6,"length":44.7072,"tipPosition":[62.2296,289.937,133.051],"tipVelocity":[-565.319,905.24,-58.8727],"tool":false},{"direction":[-0.412005,-0.141559,-0.900119],"handId":5,"id":9,"length":66.8217,"tipPosition":[-0.608138,331.219,168.963],"tipVelocity":[-650.191,1186.96,122.722],"tool":false},{"direction":[-0.102823,0.603835,-0.79045],"handId":5,"id":8,"length":35.4881,"tipPosition":[-28.4491,233.707,178.562],"tipVelocity":[-574.271,851.472,15.1971],"tool":false},{"direction":[-0.385854,-0.0500271,-0.921203],"handId":5,"id":4,"length":55.6664,"tipPosition":[-24.1813,313.651,180.888],"tipVelocity":[-685.502,1040.93,-34.6158],"tool":false}],"r":[[0.159689,-0.444098,-0.881633],[0.644309,-0.629746,0.43392],[-0.747907,-0.637336,0.185573]],"s":1097.68,"t":[-1647.88,-17853.3,5840],"timestamp":46850662960},
{"hands":[{"direction":[-0.169721,0.914828,-0.252673],"id":5,"palmNormal":[-0.369662,-0.240144,-0.87616],"palmPosition":[31.4247,252.777,189.307],"palmVelocity":[-512.147,1179.28,-113.508],"r":[[0.996177,-0.087252,0.00432656],[0.0873134,0.992829,-0.0816487],[0.00282848,0.0817143,0.996652]],"s":0.980333,"sphereCenter":[32.2237,238.686,179.367],"sphereRadius":65.9669,"t":[-40.9461,84.1071,17.3436]}],"id":335707,"pointables":[{"direction":[-0.487975,-0.3057,-0.817574],"handId":5,"id":6,"length":43.8074,"tipPosition":[56.3693,301.174,130.368],"tipVelocity":[-609.427,1168.6,-278.951],"tool":false},{"direction":[-0.406467,-0.100683,-0.908101],"handId":5,"id":9,"length":63.9137,"tipPosition":[-6.10367,341.056,169.694],"tipVelocity":[-571.499,1023.01,75.9547],"tool":false},{"direction":[-0.102817,0.596607,-0.79592],"handId":5,"id":8,"length":35.9333,"tipPosition":[-33.3359,241.549,177.659],"tipVelocity":[-508.198,815.458,-93.9458],"tool":false}],"r":[[0.149551,-0.439176,-0.885866],[0.654957,-0.627189,0.421504],[-0.74072,-0.64324,0.193845]],"s":1097.69,"t":[-1653.48,-17843.4,5839.96],"timestamp":46850672576},
{"hands":[{"direction":[-0.162924,0.926001,-0.231949],"id":5,"palmNormal":[-0.380506,-0.222651,-0.880504],"palmPosition":[27.0651,264.684,187.595],"palmVelocity":[-475.417,1298.53,-186.706],"r":[[0.994835,-0.101253,0.00714098],[0.101478,0.990526,-0.0925195],[0.00229453,0.0927663,0.995685]],"s":0.987032,"sphereCenter":[27.1744,249.924,179.954],"sphereRadius":66.6032,"t":[-46.163,93.2184,16.7896]}],"id":335709,"pointables":[{"direction":[-0.509555,0.347208,-0.787274],"handId":5,"id":6,"length":42.0008,"tipPosition":[51.7748,316.021,129.604],"tipVelocity":[-501.042,1619.09,-83.3672],"tool":false},{"direction":[-0.384062,-0.130192,-0.914082],"handId":5,"id":9,"length":60.8272,"tipPosition":[-11.8573,349.455,168.637],"tipVelocity":[-627.439,915.865,-115.188],"tool":false},{"direction":[-0.102479,0.594527,-0.797518],"handId":5,"id":8,"length":36.2,"tipPosition":[-38.1907,249.387,176.487],"tipVelocity":[-529.415,854.78,-127.854],"tool":false}],"r":[[0.137079,-0.43029,-0.892222],[0.667159,-0.625685,0.404249],[-0.732194,-0.650667,0.201304]],"s":1097.69,"t":[-1658.7,-17834.3,5839.42],"timestamp":46850681746},
{"hands":[{"direction":[-0.154566,0.935594,-0.215678],"id":5,"palmNormal":[-0.394845,-0.209449,-0.880917],"palmPosition":[22.5691,272.097,185.241],"palmVelocity":[-469.903,774.734,-246.109],"r":[[0.993593,-0.112524,0.0105896],[0.113006,0.987583,-0.109132],[0.0018219,0.10963,0.993971]],"s":0.99985,"sphereCenter":[21.6631,260.34,178.149],"sphereRadius":66.7697,"t":[-51.319,103.553,15.7675]}],"id":335711,"pointables":[{"direction":[-0.3998,0.746899,-0.53132],"handId":5,"id":6,"length":42.7368,"tipPosition":[46.5731,330.622,126.982],"tipVelocity":[-543.655,1525.94,-274.053],"tool":false},{"direction":[-0.100555,0.589921,-0.801175],"handId":5,"id":8,"length":36.5313,"tipPosition":[-43.1791,257.903,174.209],"tipVelocity":[-521.372,890.056,-238.001],"tool":false},{"direction":[-0.407049,-0.0435579,-0.912367],"handId":5,"id":9,"length":58.7737,"tipPosition":[-11.9855,357.176,176.322],"tipVelocity":[-13.3964,806.936,803.111],"tool":false},{"direction":[-0.385372,-0.050587,-0.921374],"handId":5,"id":4,"length":56.4126,"tipPosition":[-33.7042,331.113,180.185],"tipVelocity":[-335.855,615.874,-24.789],"tool":false}],"r":[[0.125987,-0.423799,-0.896951],[0.682509,-0.619134,0.3884],[-0.719937,-0.66111,0.211244]],"s":1097.71,"t":[-1663.86,-17824,5838.4],"timestamp":46850691314},
{"hands":[{"direction":[-0.166799,0.93017,-0.239875],"id":5,"palmNormal":[-0.362525,-0.259261,-0.878429],"palmPosition":[19.7668,267.727,179.251],"palmVelocity":[-300.837,-469.146,-642.97],"r":[[0.992501,-0.121485,0.0134993],[0.122223,0.984931,-0.122365],[0.00156971,0.123097,0.992393]],"s":1.00884,"sphereCenter":[16.1452,265.386,168.347],"sphereRadius":69.2814,"t":[-56.4746,112.831,13.8604]}],"id":335713,"pointables":[{"direction":[-0.096181,0.570168,-0.815878],"handId":5,"id":8,"length":36.8553,"tipPosition":[-48.3344,266.124,171.417],"tipVelocity":[-553.437,882.479,-299.761],"tool":false}],"r":[[0.117,-0.418676,-0.900567],[0.694517,-0.613692,0.375537],[-0.709899,-0.669397,0.218976]],"s":1097.72,"t":[-1669.02,-17814.7,5836.49],"timestamp":46850700629},
{"hands":[{"direction":[-0.147321,0.939938,-0.222559],"id":5,"palmNormal":[-0.391977,-0.230315,-0.874929],"palmPosition":[16.1506,281.923,177.586],"palmVelocity":[-394.78,1549.84,-181.769],"r":[[0.989911,-0.140607,0.0174916],[0.141686,0.981244,-0.130713],[0.00121569,0.131873,0.991266]],"s":1.03453,"sphereCenter":[12.6635,276.275,172.505],"sphereRadius":70.6121,"t":[-62.5968,123.606,10.8759]}],"id":335715,"pointables":[{"direction":[-0.0881824,0.542484,-0.835425],"handId":5,"id":8,"length":38.5826,"tipPosition":[-53.4472,274.129,167.73],"tipVelocity":[-558.161,873.989,-402.551],"tool":false},{"direction":[-0.386993,-0.126311,-0.91339],"handId":5,"id":9,"length":56.4207,"tipPosition":[-21.0504,373.715,171.885],"tipVelocity":[-490.659,895.215,-240.127],"tool":false}],"r":[[0.101037,-0.407251,-0.90771],[0.703914,-0.615496,0.3545],[-0.703062,-0.674768,0.224482]],"s":1097.74,"t":[-1675.14,-17803.9,5833.51],"timestamp":46850709789},
{"hands":[{"direction":[-0.143056,0.946067,-0.214713],"id":5,"palmNormal":[-0.380291,-0.224534,-0.884991],"palmPosition":[7.92517,291.901,174.756],"palmVelocity":[-866.561,1051.13,-298.147],"r":[[0.99948,-0.0321875,-0.0019616],[0.0318203,0.994285,-0.101901],[0.00523034,0.101786,0.994793]],"s":0.960511,"sphereCenter":[7.36875,288.038,173.498],"sphereRadius":71.2897,"t":[-72.1631,139.219,5.83961]}],"id":335717,"pointables":[{"direction":[-0.373548,-0.135522,-0.917658],"handId":5,"id":9,"length":55.2447,"tipPosition":[-29.9407,383.56,165.218],"tipVelocity":[-936.609,1037.26,-702.379],"tool":false},{"direction":[-0.369821,-0.0707223,-0.926408],"handId":5,"id":4,"length":56.3479,"tipPosition":[-50.8345,362.17,172.676],"tipVelocity":[-612.519,1110.48,-268.495],"tool":false}],"r":[[0.193293,-0.460792,-0.866203],[0.684888,-0.568794,0.455413],[-0.702542,-0.681281,0.205647]],"s":1097.67,"t":[-1684.71,-17788.3,5828.47],"timestamp":46850719281},
{"hands":[{"direction":[-0.147685,0.949902,-0.208543],"id":5,"palmNormal":[-0.369217,-0.225084,-0.892273],"palmPosition":[4.53937,297.536,171.285],"palmVelocity":[-365.677,608.605,-374.895],"r":[[0.998597,0.0508137,-0.0148821],[-0.0518721,0.995242,-0.0824766],[0.0106204,0.0831328,0.996482]],"s":0.92816,"sphereCenter":[4.25824,297.533,174.178],"sphereRadius":72.0749,"t":[-80.4663,153.541,1.11639]}],"id":335719,"pointables":[{"direction":[-0.0729276,0.47792,-0.875371],"handId":5,"id":8,"length":39.6548,"tipPosition":[-60.0101,283.509,161.988],"tipVelocity":[-350.004,500.224,-306.193],"tool":false},{"direction":[-0.37749,-0.140963,-0.915221],"handId":5,"id":9,"length":53.5736,"tipPosition":[-37.4583,400.245,162.139],"tipVelocity":[-811.923,1801.95,-332.539],"tool":false}],"r":[[0.263629,-0.495296,-0.827757],[0.66658,-0.52673,0.527471],[-0.697259,-0.690823,0.191293]],"s":1097.64,"t":[-1693.01,-17774,5823.75],"timestamp":46850728540},
{"hands":[{"direction":[-0.169455,0.906623,-0.28451],"id":5,"palmNormal":[-0.311131,-0.3449,-0.841364],"palmPosition":[2.85081,285.033,163.76],"palmVelocity":[-179.825,-1331.51,-801.435],"r":[[0.992864,0.116888,-0.0236394],[-0.118225,0.990751,-0.0665967],[0.0156364,0.0689162,0.9975]],"s":0.905625,"sphereCenter":[-0.626113,302.205,168.645],"sphereRadius":72.6858,"t":[-76.6266,161.595,-10.81]}],"id":335721,"pointables":[{"direction":[-0.0866327,0.213844,-0.973019],"handId":5,"id":8,"length":39.8776,"tipPosition":[-44.0273,285.293,142.859],"tipVelocity":[1702.1,189.995,-2037.23],"tool":false}],"r":[[0.31861,-0.519437,-0.792889],[0.64767,-0.491466,0.582225],[-0.692107,-0.699033,0.179838]],"s":1097.62,"t":[-1689.18,-17765.9,5811.82],"timestamp":46850737930},
{"hands":[{"direction":[-0.180844,0.900301,-0.309842],"id":5,"palmNormal":[-0.407289,-0.376381,-0.769174],"palmPosition":[10.2796,343.935,141.712],"palmVelocity":[778.943,6176.21,-2311.8],"r":[[0.985119,0.169295,-0.0296475],[-0.170696,0.983856,-0.0537659],[0.0200666,0.0580265,0.998113]],"s":0.889904,"sphereCenter":[-22.6586,311.5,154.045],"sphereRadius":85.5855,"t":[-71.8062,151.382,-34.7715]}],"id":335723,"pointables":[{"direction":[-0.084093,0.509976,-0.856068],"handId":5,"id":8,"length":40.4792,"tipPosition":[-38.2263,256.815,106.862],"tipVelocity":[608.262,-2986.04,-3774.41],"tool":false},{"direction":[-0.339519,-0.128033,-0.931845],"handId":3,"id":4,"length":54.7788,"tipPosition":[-71.0787,397.512,159.834],"tipVelocity":[-718.238,1253.88,-455.615],"tool":false}],"r":[[0.356879,-0.526312,-0.771773],[0.634167,-0.470126,0.613852],[-0.685908,-0.708503,0.165991]],"s":1097.83,"t":[-1690.87,-17760.2,5793.65],"timestamp":46850747467},
{"hands":[{"direction":[-0.185799,0.911457,-0.282935],"id":5,"palmNormal":[-0.382005,-0.334098,-0.809923],"palmPosition":[-0.627252,330.084,145.953],"palmVelocity":[-1190.57,-1511.94,462.936],"r":[[0.976942,0.210811,-0.0338258],[-0.21217,0.976266,-0.0434643],[0.0238602,0.0496389,0.998482]],"s":0.878925,"sphereCenter":[-21.6892,320.955,156.607],"sphereRadius":83.8655,"t":[-73.2081,115.878,-52.2341]}],"id":335725,"pointables":[{"direction":[-0.290711,-0.150293,-0.944933],"handId":5,"id":4,"length":53.0533,"tipPosition":[-78.7029,336.715,148.87],"tipVelocity":[-832.241,-6636.49,-1196.77],"tool":false}],"r":[[0.386987,-0.530796,-0.753988],[0.622218,-0.453143,0.638362],[-0.680504,-0.716183,0.15491]],"s":1097.98,"t":[-1695.52,-17787.7,5779.08],"timestamp":46850756628},
{"hands":[{"direction":[-0.211156,0.910252,-0.279728],"id":5,"palmNormal":[-0.343613,-0.338369,-0.834807],"palmPosition":[-6.58203,317.432,147.279],"palmVelocity":[-645.784,-1372.14,143.756],"r":[[0.969153,0.2437,-0.0367728],[-0.244971,0.96889,-0.0352213],[0.0270454,0.0431431,0.998703]],"s":0.871252,"sphereCenter":[-19.5286,329.153,160.961],"sphereRadius":84.4546,"t":[-75.5206,84.9435,-65.939]}],"id":335727,"pointables":[],"r":[[0.410714,-0.533746,-0.739209],[0.611943,-0.439644,0.657449],[-0.675899,-0.722377,0.146055]],"s":1098.08,"t":[-1700.44,-17812.2,5767.69],"timestamp":46850765849},
{"hands":[{"direction":[-0.223363,0.912462,-0.276291],"id":5,"palmNormal":[-0.315644,-0.335933,-0.855215],"palmPosition":[-14.3763,318.052,142.411],"palmVelocity":[-812.746,64.6386,-507.582],"r":[[0.962138,0.269776,-0.0388812],[-0.270942,0.96217,-0.0286365],[0.0296849,0.0380868,0.998833]],"s":0.865888,"sphereCenter":[-21.8257,336.529,157.086],"sphereRadius":83.6524,"t":[-78.9294,60.3202,-77.8765]}],"id":335729,"pointables":[],"r":[[0.429448,-0.535707,-0.727043],[0.603274,-0.428915,0.672378],[-0.672037,-0.727358,0.138982]],"s":1098.16,"t":[-1705.93,-17831.8,5757.61],"timestamp":46850775439},
{"hands":[{"direction":[-0.231832,0.910384,-0.28695],"id":5,"palmNormal":[-0.297586,-0.353836,-0.861666],"palmPosition":[-21.1405,325.312,137.444],"palmVelocity":[-730.716,784.27,-536.577],"r":[[0.95603,0.29047,-0.0404106],[-0.291533,0.956275,-0.0233801],[0.0318524,0.0341331,0.99891]],"s":0.862136,"sphereCenter":[-24.0675,344.257,153.985],"sphereRadius":82.7717,"t":[-83.0093,42.0735,-88.4199]}],"id":335731,"pointables":[],"r":[[0.44427,-0.537025,-0.717097],[0.596056,-0.420384,0.684101],[-0.668836,-0.731356,0.133333]],"s":1098.22,"t":[-1711.68,-17845.9,5748.55],"timestamp":46850784696},
{"hands":[{"direction":[-0.243545,0.901332,-0.309259],"id":5,"palmNormal":[-0.280052,-0.388795,-0.856325],"palmPosition":[-25.2174,326.178,133.332],"palmVelocity":[-439.697,93.4425,-443.5],"r":[[0.950831,0.306912,-0.0415345],[-0.307879,0.951232,-0.019185],[0.0336209,0.0310293,0.998953]],"s":0.859511,"sphereCenter":[-25.0602,348.848,151.337],"sphereRadius":81.9057,"t":[-87.0886,27.6494,-97.677]}],"id":335733,"pointables":[],"r":[[0.456017,-0.537921,-0.709006],[0.590104,-0.413597,0.693336],[-0.666203,-0.73456,0.128822]],"s":1098.25,"t":[-1717.09,-17857.1,5740.48],"timestamp":46850793968},
{"hands":[{"direction":[-0.268171,0.892457,-0.317564],"id":5,"palmNormal":[-0.258376,-0.405906,-0.859445],"palmPosition":[-28.977,329.913,128.516],"palmVelocity":[-397.381,394.805,-509.017],"r":[[0.946473,0.319989,-0.0423707],[-0.320872,0.94699,-0.0158366],[0.0350571,0.0285845,0.998976]],"s":0.857674,"sphereCenter":[-26.59,354.811,147.025],"sphereRadius":82.2701,"t":[-91.104,16.8572,-106.046]}],"id":335735,"pointables":[],"r":[[0.465341,-0.538538,-0.702449],[0.585229,-0.408193,0.700632],[-0.664052,-0.737127,0.125219]],"s":1098.28,"t":[-1722.18,-17865.3,5733.05],"timestamp":46850803429},
{"hands":[{"direction":[-0.281632,0.895215,-0.303162],"id":5,"palmNormal":[-0.264328,-0.388225,-0.869553],"palmPosition":[-33.8422,346.978,120.913],"palmVelocity":[-532.998,1869.51,-832.884],"r":[[0.942861,0.330399,-0.0429996],[-0.331211,0.943465,-0.0131635],[0.0362194,0.0266533,0.998988]],"s":0.856389,"sphereCenter":[-32.0771,364.508,140.349],"sphereRadius":80.6791,"t":[-95.2893,11.6364,-114.262]}],"id":335737,"pointables":[],"r":[[0.472753,-0.538967,-0.697151],[0.581259,-0.403887,0.706409],[-0.662302,-0.739181,0.122341]],"s":1098.3,"t":[-1727.21,-17868.4,5725.6],"timestamp":46850812557},
{"hands":[{"direction":[-0.297297,0.876822,-0.335186],"id":5,"palmNormal":[-0.277027,-0.444067,-0.83416],"palmPosition":[-32.6741,335.906,118.344],"palmVelocity":[123.219,-1167.97,-271.042],"r":[[0.939892,0.338694,-0.0434773],[-0.339445,0.940561,-0.011029],[0.0371576,0.0251242,0.998994]],"s":0.855489,"sphereCenter":[-34.1136,367.088,136.067],"sphereRadius":81.0192,"t":[-98.404,5.24525,-121.348]}],"id":335739,"pointables":[],"r":[[0.478651,-0.539271,-0.692878],[0.578037,-0.400454,0.710992],[-0.660884,-0.740826,0.120041]],"s":1098.31,"t":[-1731.01,-17873.1,5719.12],"timestamp":46850822037},
{"hands":[{"direction":[-0.318098,0.874348,-0.32657],"id":5,"palmNormal":[-0.271717,-0.436055,-0.844446],"palmPosition":[-36.3471,341.696,112.2],"palmVelocity":[-401.462,632.825,-671.549],"r":[[0.937465,0.345308,-0.0438433],[-0.346009,0.938185,-0.00932401],[0.0379135,0.0239111,0.998995]],"s":0.854859,"sphereCenter":[-38.1545,372.269,131.359],"sphereRadius":82.3539,"t":[-101.63,1.29031,-128.246]}],"id":335741,"pointables":[],"r":[[0.483349,-0.539489,-0.689439],[0.57543,-0.397715,0.714635],[-0.659737,-0.742142,0.118203]],"s":1098.32,"t":[-1734.78,-17875.7,5712.71],"timestamp":46850831186},
{"hands":[{"direction":[-0.332787,0.87201,-0.323842],"id":5,"palmNormal":[-0.234096,-0.423815,-0.862225],"palmPosition":[-40.2182,354.364,99.9714],"palmVelocity":[-402.779,1318.15,-1272.33],"r":[[0.935491,0.350585,-0.0441258],[-0.351245,0.93625,-0.00796185],[0.0385215,0.0229472,0.998994]],"s":0.854419,"sphereCenter":[-42.0506,378.92,127.583],"sphereRadius":83.7125,"t":[-104.986,0.660104,-136.21]}],"id":335743,"pointables":[],"r":[[0.487095,-0.539646,-0.686673],[0.573327,-0.395529,0.717532],[-0.658813,-0.743195,0.116734]],"s":1098.33,"t":[-1738.58,-17875.3,5705.13],"timestamp":46850840797},
{"hands":[{"direction":[-0.352431,0.843296,-0.36284],"id":5,"palmNormal":[-0.234967,-0.492035,-0.816763],"palmPosition":[-45.3333,340.299,96.96],"palmVelocity":[-564.517,-1552.25,-332.354],"r":[[0.933891,0.354797,-0.0443453],[-0.355423,0.93468,-0.00687332],[0.03901,0.0221803,0.998993]],"s":0.85411,"sphereCenter":[-42.2528,381.014,115.873],"sphereRadius":84.1174,"t":[-108.693,-2.65705,-143.183]}],"id":335745,"pointables":[],"r":[[0.490083,-0.539762,-0.684453],[0.571633,-0.393783,0.719841],[-0.658069,-0.744037,0.115559]],"s":1098.33,"t":[-1742.63,-17877.7,5698.47],"timestamp":46850849858},
{"hands":[{"direction":[-0.363659,0.838433,-0.369534],"id":5,"palmNormal":[-0.212655,-0.493483,-0.826607],"palmPosition":[-50.6931,348.624,89.0984],"palmVelocity":[-572.45,889.124,-839.641],"r":[[0.932598,0.35816,-0.0445166],[-0.358759,0.933411,-0.00600328],[0.0394021,0.0215694,0.998991]],"s":0.853894,"sphereCenter":[-45.1551,384.612,113.166],"sphereRadius":85.689,"t":[-112.731,-3.6458,-150.334]}],"id":335747,"pointables":[],"r":[[0.492468,-0.539848,-0.682671],[0.57027,-0.392389,0.721681],[-0.65747,-0.744711,0.11462]],"s":1098.34,"t":[-1746.95,-17878,5691.57],"timestamp":46850859221},
{"hands":[{"direction":[-0.36368,0.822359,-0.402127],"id":5,"palmNormal":[-0.20196,-0.532261,-0.805759],"palmPosition":[-47.5593,341.297,83.2744],"palmVelocity":[330.5,-772.764,-614.215],"r":[[0.931555,0.360848,-0.044651],[-0.361424,0.932387,-0.00530777],[0.0397167,0.0210824,0.998989]],"s":0.853743,"sphereCenter":[-48.6954,384.713,106.315],"sphereRadius":84.7615,"t":[-115.334,-5.90227,-157.22]}],"id":335749,"pointables":[],"r":[[0.494373,-0.539913,-0.681241],[0.569175,-0.391275,0.723149],[-0.65699,-0.745251,0.113869]],"s":1098.34,"t":[-1749.78,-17879.7,5684.88],"timestamp":46850868703},
{"hands":[{"direction":[-0.365798,0.823279,-0.404625],"id":5,"palmNormal":[-0.171948,-0.518404,-0.823401],"palmPosition":[-51.8056,351.381,72.1634],"palmVelocity":[-456.347,1083.74,-1194.09],"r":[[0.930716,0.362995,-0.0447568],[-0.363553,0.931561,-0.0047517],[0.0399689,0.020694,0.998987]],"s":0.853637,"sphereCenter":[-50.4623,387.519,102.531],"sphereRadius":85.6951,"t":[-118.266,-5.69061,-164.951]}],"id":335751,"pointables":[],"r":[[0.495894,-0.539962,-0.680096],[0.568296,-0.390384,0.72432],[-0.656604,-0.745682,0.113269]],"s":1098.34,"t":[-1752.89,-17879.1,5677.31],"timestamp":46850878008},
{"hands":[{"direction":[-0.365864,0.80451,-0.437612],"id":5,"palmNormal":[-0.134837,-0.552254,-0.806977],"palmPosition":[-52.0591,346.557,65.4906],"palmVelocity":[-26.5224,-504.778,-698.287],"r":[[0.930041,0.364711,-0.0448404],[-0.365255,0.930898,-0.00430706],[0.040171,0.0203839,0.998985]],"s":0.853563,"sphereCenter":[-50.8689,384.932,93.944],"sphereRadius":83.33,"t":[-120.662,-6.48601,-172.47]}],"id":335753,"pointables":[],"r":[[0.49711,-0.539999,-0.679178],[0.567591,-0.389673,0.725256],[-0.656295,-0.746027,0.112788]],"s":1098.34,"t":[-1755.43,-17879.5,5669.92],"timestamp":46850887564},
