[
{"hands":[],"id":340071,"pointables":[],"r":[[0.411139,-0.762015,-0.500298],[0.730581,-0.0527865,0.680783],[-0.545176,-0.645404,0.535011]],"s":1099.79,"t":[-1728.69,-18069.3,5739.96],"timestamp":46871314098},
{"hands":[],"id":340073,"pointables":[],"r":[[0.411139,-0.762015,-0.500298],[0.730581,-0.0527865,0.680783],[-0.545176,-0.645404,0.535011]],"s":1099.79,"t":[-1728.69,-18069.3,5739.96],"timestamp":46871323694},
{"hands":[],"id":340075,"pointables":[],"r":[[0.411139,-0.762015,-0.500298],[0.730581,-0.0527865,0.680783],[-0.545176,-0.645404,0.535011]],"s":1099.79,"t":[-1728.69,-18069.3,5739.96],"timestamp":46871332941},
{"hands":[],"id":340077,"pointables":[],"r":[[0.411139,-0.762015,-0.500298],[0.730581,-0.0527865,0.680783],[-0.545176,-0.645404,0.535011]],"s":1099.79,"t":[-1728.69,-18069.3,5739.96],"timestamp":46871342306},
{"hands":[],"id":340079,"pointables":[],"r":[[0.411139,-0.762015,-0.500298],[0.730581,-0.0527865,0.680783],[-0.545176,-0.645404,0.535011]],"s":1099.79,"t":[-1728.69,-18069.3,5739.96],"timestamp":46871351461},
{"hands":[],"id":340081,"pointables":[],"r":[[0.411139,-0.762015,-0.500298],[0.730581,-0.0527865,0.680783],[-0.545176,-0.645404,0.535011]],"s":1099.79,"t":[-1728.69,-18069.3,5739.96],"timestamp":46871360739},
{"hands":[],"id":340083,"pointables":[],"r":[[0.411139,-0.762015,-0.500298],[0.730581,-0.0527865,0.680783],[-0.545176,-0.645404,0.535011]],"s":1099.79,"t":[-1728.69,-18069.3,5739.96],"timestamp":46871370115},
{"hands":[],"id":340085,"pointables":[],"r":[[0.411139,-0.762015,-0.500298],[0.730581,-0.0527865,0.680783],[-0.545176,-0.645404,0.535011]],"s":1099.79,"t":[-1728.69,-18069.3,5739.96],"timestamp":46871379497},
{"hands":[],"id":340087,"pointables":[],"r":[[0.411139,-0.762015,-0.500298],[0.730581,-0.0527865,0.680783],[-0.545176,-0.645404,0.535011]],"s":1099.79,"t":[-1728.69,-18069.3,5739.96],"timestamp":46871388832},
{"hands":[],"id":340089,"pointables":[],"r":[[0.411139,-0.762015,-0.500298],[0.730581,-0.0527865,0.680783],[-0.545176,-0.645404,0.535011]],"s":1099.79,"t":[-1728.69,-18069.3,5739.96],"timestamp":46871398343},
{"hands":[],"id":340091,"pointables":[],"r":[[0.411139,-0.762015,-0.500298],[0.730581,-0.0527865,0.680783],[-0.545176,-0.645404,0.535011]],"s":1099.79,"t":[-1728.69,-18069.3,5739.96],"timestamp":46871407488},
{"hands":[],"id":340093,"pointables":[],"r":[[0.411139,-0.762015,-0.500298],[0.730581,-0.0527865,0.680783],[-0.545176,-0.645404,0.535011]],"s":1099.79,"t":[-1728.69,-18069.3,5739.96],"timestamp":46871417035},
{"hands":[],"id":340095,"pointables":[],"r":[[0.411139,-0.762015,-0.500298],[0.730581,-0.0527865,0.680783],[-0.545176,-0.645404,0.535011]],"s":1099.79,"t":[-1728.69,-18069.3,5739.96],"timestamp":46871426437},
{"hands":[],"id":340097,"pointables":[],"r":[[0.411139,-0.762015,-0.500298],[0.730581,-0.0527865,0.680783],[-0.545176,-0.645404,0.535011]],"s":1099.79,"t":[-1728.69,-18069.3,5739.96],"timestamp":46871435686},
{"hands":[],"id":340099,"pointables":[],"r":[[0.411139,-0.762015,-0.500298],[0.730581,-0.0527865,0.680783],[-0.545176,-0.645404,0.535011]],"s":1099.79,"t":[-1728.69,-18069.3,5739.96],"timestamp":46871445055},
{"hands":[],"id":340101,"pointables":[],"r":[[0.411139,-0.762015,-0.500298],[0.730581,-0.0527865,0.680783],[-0.545176,-0.645404,0.535011]],"s":1099.79,"t":[-1728.69,-18069.3,5739.96],"timestamp":46871454367},
{"hands":[],"id":340103,"pointables":[],"r":[[0.411139,-0.762015,-0.500298],[0.730581,-0.0527865,0.680783],[-0.545176,-0.645404,0.535011]],"s":1099.79,"t":[-1728.69,-18069.3,5739.96],"timestamp":46871463782},
{"hands":[],"id":340105,"pointables":[],"r":[[0.411139,-0.762015,-0.500298],[0.730581,-0.0527865,0.680783],[-0.545176,-0.645404,0.535011]],"s":1099.79,"t":[-1728.69,-18069.3,5739.96],"timestamp":46871473176},
{"hands":[],"id":340107,"pointables":[],"r":[[0.411139,-0.762015,-0.500298],[0.730581,-0.0527865,0.680783],[-0.545176,-0.645404,0.535011]],"s":1099.79,"t":[-1728.69,-18069.3,5739.96],"timestamp":46871482261},
{"hands":[],"id":340109,"pointables":[],"r":[[0.411139,-0.762015,-0.500298],[0.730581,-0.0527865,0.680783],[-0.545176,-0.645404,0.535011]],"s":1099.79,"t":[-1728.69,-18069.3,5739.96],"timestamp":46871491624},
{"hands":[],"id":340111,"pointables":[],"r":[[0.411139,-0.762015,-0.500298],[0.730581,-0.0527865,0.680783],[-0.545176,-0.645404,0.535011]],"s":1099.79,"t":[-1728.69,-18069.3,5739.96],"timestamp":46871501183},
{"hands":[],"id":340113,"pointables":[],"r":[[0.411139,-0.762015,-0.500298],[0.730581,-0.0527865,0.680783],[-0.545176,-0.645404,0.535011]],"s":1099.79,"t":[-1728.69,-18069.3,5739.96],"timestamp":46871510578},
{"hands":[],"id":340115,"pointables":[],"r":[[0.411139,-0.762015,-0.500298],[0.730581,-0.0527865,0.680783],[-0.545176,-0.645404,0.535011]],"s":1099.79,"t":[-1728.69,-18069.3,5739.96],"timestamp":46871519707},
{"hands":[],"id":340117,"pointables":[],"r":[[0.411139,-0.762015,-0.500298],[0.730581,-0.0527865,0.680783],[-0.545176,-0.645404,0.535011]],"s":1099.79,"t":[-1728.69,-18069.3,5739.96],"timestamp":46871529180},
{"hands":[],"id":340119,"pointables":[],"r":[[0.411139,-0.762015,-0.500298],[0.730581,-0.0527865,0.680783],[-0.545176,-0.645404,0.535011]],"s":1099.79,"t":[-1728.69,-18069.3,5739.96],"timestamp":46871538408},
{"hands":[],"id":340121,"pointables":[],"r":[[0.411139,-0.762015,-0.500298],[0.730581,-0.0527865,0.680783],[-0.545176,-0.645404,0.535011]],"s":1099.79,"t":[-1728.69,-18069.3,5739.96],"timestamp":46871547864},
{"hands":[],"id":340123,"pointables":[],"r":[[0.411139,-0.762015,-0.500298],[0.730581,-0.0527865,0.680783],[-0.545176,-0.645404,0.535011]],"s":1099.79,"t":[-1728.69,-18069.3,5739.96],"timestamp":46871556981},
{"hands":[],"id":340125,"pointables":[],"r":[[0.411139,-0.762015,-0.500298],[0.730581,-0.0527865,0.680783],[-0.545176,-0.645404,0.535011]],"s":1099.79,"t":[-1728.69,-18069.3,5739.96],"timestamp":46871566419},
{"hands":[],"id":340127,"pointables":[],"r":[[0.411139,-0.762015,-0.500298],[0.730581,-0.0527865,0.680783],[-0.545176,-0.645404,0.535011]],"s":1099.79,"t":[-1728.69,-18069.3,5739.96],"timestamp":46871575794},
{"hands":[],"id":340129,"pointables":[],"r":[[0.411139,-0.762015,-0.500298],[0.730581,-0.0527865,0.680783],[-0.545176,-0.645404,0.535011]],"s":1099.79,"t":[-1728.69,-18069.3,5739.96],"timestamp":46871585220},
{"hands":[],"id":340131,"pointables":[],"r":[[0.411139,-0.762015,-0.500298],[0.730581,-0.0527865,0.680783],[-0.545176,-0.645404,0.535011]],"s":1099.79,"t":[-1728.69,-18069.3,5739.96],"timestamp":46871594371},
{"hands":[],"id":340133,"pointables":[],"r":[[0.411139,-0.762015,-0.500298],[0.730581,-0.0527865,0.680783],[-0.545176,-0.645404,0.535011]],"s":1099.79,"t":[-1728.69,-18069.3,5739.96],"timestamp":46871603823},
{"hands":[],"id":340135,"pointables":[],"r":[[0.411139,-0.762015,-0.500298],[0.730581,-0.0527865,0.680783],[-0.545176,-0.645404,0.535011]],"s":1099.79,"t":[-1728.69,-18069.3,5739.96],"timestamp":46871613311},
{"hands":[],"id":340137,"pointables":[],"r":[[0.411139,-0.762015,-0.500298],[0.730581,-0.0527865,0.680783],[-0.545176,-0.645404,0.535011]],"s":1099.79,"t":[-1728.69,-18069.3,5739.96],"timestamp":46871622685},
{"hands":[],"id":340139,"pointables":[],"r":[[0.411139,-0.762015,-0.500298],[0.730581,-0.0527865,0.680783],[-0.545176,-0.645404,0.535011]],"s":1099.79,"t":[-1728.69,-18069.3,5739.96],"timestamp":46871632054},
{"hands":[],"id":340141,"pointables":[],"r":[[0.411139,-0.762015,-0.500298],[0.730581,-0.0527865,0.680783],[-0.545176,-0.645404,0.535011]],"s":1099.79,"t":[-1728.69,-18069.3,5739.96],"timestamp":46871641125},
{"hands":[],"id":340143,"pointables":[],"r":[[0.411139,-0.762015,-0.500298],[0.730581,-0.0527865,0.680783],[-0.545176,-0.645404,0.535011]],"s":1099.79,"t":[-1728.69,-18069.3,5739.96],"timestamp":46871650689},
{"hands":[],"id":340145,"pointables":[],"r":[[0.411139,-0.762015,-0.500298],[0.730581,-0.0527865,0.680783],[-0.545176,-0.645404,0.535011]],"s":1099.79,"t":[-1728.69,-18069.3,5739.96],"timestamp":46871659891},
{"hands":[],"id":340147,"pointables":[],"r":[[0.411139,-0.762015,-0.500298],[0.730581,-0.0527865,0.680783],[-0.545176,-0.645404,0.535011]],"s":1099.79,"t":[-1728.69,-18069.3,5739.96],"timestamp":46871669489},
{"hands":[],"id":340149,"pointables":[],"r":[[0.411139,-0.762015,-0.500298],[0.730581,-0.0527865,0.680783],[-0.545176,-0.645404,0.535011]],"s":1099.79,"t":[-1728.69,-18069.3,5739.96],"timestamp":46871678840},
{"hands":[],"id":340151,"pointables":[],"r":[[0.411139,-0.762015,-0.500298],[0.730581,-0.0527865,0.680783],[-0.545176,-0.645404,0.535011]],"s":1099.79,"t":[-1728.69,-18069.3,5739.96],"timestamp":46871687913},
{"hands":[],"id":340153,"pointables":[],"r":[[0.411139,-0.762015,-0.500298],[0.730581,-0.0527865,0.680783],[-0.545176,-0.645404,0.535011]],"s":1099.79,"t":[-1728.69,-18069.3,5739.96],"timestamp":46871697433},
{"hands":[],"id":340155,"pointables":[],"r":[[0.411139,-0.762015,-0.500298],[0.730581,-0.0527865,0.680783],[-0.545176,-0.645404,0.535011]],"s":1099.79,"t":[-1728.69,-18069.3,5739.96],"timestamp":46871706769},
{"hands":[],"id":340157,"pointables":[],"r":[[0.411139,-0.762015,-0.500298],[0.730581,-0.0527865,0.680783],[-0.545176,-0.645404,0.535011]],"s":1099.79,"t":[-1728.69,-18069.3,5739.96],"timestamp":46871716055},
{"hands":[],"id":340159,"pointables":[],"r":[[0.411139,-0.762015,-0.500298],[0.730581,-0.0527865,0.680783],[-0.545176,-0.645404,0.535011]],"s":1099.79,"t":[-1728.69,-18069.3,5739.96],"timestamp":46871725249},
{"hands":[],"id":340161,"pointables":[],"r":[[0.411139,-0.762015,-0.500298],[0.730581,-0.0527865,0.680783],[-0.545176,-0.645404,0.535011]],"s":1099.79,"t":[-1728.69,-18069.3,5739.96],"timestamp":46871734813},
{"hands":[],"id":340163,"pointables":[],"r":[[0.411139,-0.762015,-0.500298],[0.730581,-0.0527865,0.680783],[-0.545176,-0.645404,0.535011]],"s":1099.79,"t":[-1728.69,-18069.3,5739.96],"timestamp":46871744190},
{"hands":[],"id":340165,"pointables":[],"r":[[0.411139,-0.762015,-0.500298],[0.730581,-0.0527865,0.680783],[-0.545176,-0.645404,0.535011]],"s":1099.79,"t":[-1728.69,-18069.3,5739.96],"timestamp":46871753433},
{"hands":[],"id":340167,"pointables":[],"r":[[0.411139,-0.762015,-0.500298],[0.730581,-0.0527865,0.680783],[-0.545176,-0.645404,0.535011]],"s":1099.79,"t":[-1728.69,-18069.3,5739.96],"timestamp":46871762808},
{"hands":[],"id":340169,"pointables":[],"r":[[0.411139,-0.762015,-0.500298],[0.730581,-0.0527865,0.680783],[-0.545176,-0.645404,0.535011]],"s":1099.79,"t":[-1728.69,-18069.3,5739.96],"timestamp":46871771933},
{"hands":[],"id":340171,"pointables":[],"r":[[0.411139,-0.762015,-0.500298],[0.730581,-0.0527865,0.680783],[-0.545176,-0.645404,0.535011]],"s":1099.79,"t":[-1728.69,-18069.3,5739.96],"timestamp":46871781453},
{"hands":[],"id":340173,"pointables":[],"r":[[0.411139,-0.762015,-0.500298],[0.730581,-0.0527865,0.680783],[-0.545176,-0.645404,0.535011]],"s":1099.79,"t":[-1728.69,-18069.3,5739.96],"timestamp":46871790616},
{"hands":[],"id":340175,"pointables":[],"r":[[0.411139,-0.762015,-0.500298],[0.730581,-0.0527865,0.680783],[-0.545176,-0.645404,0.535011]],"s":1099.79,"t":[-1728.69,-18069.3,5739.96],"timestamp":46871800174},
{"hands":[],"id":340177,"pointables":[],"r":[[0.411139,-0.762015,-0.500298],[0.730581,-0.0527865,0.680783],[-0.545176,-0.645404,0.535011]],"s":1099.79,"t":[-1728.69,-18069.3,5739.96],"timestamp":46871809400},
{"hands":[],"id":340179,"pointables":[],"r":[[0.411139,-0.762015,-0.500298],[0.730581,-0.0527865,0.680783],[-0.545176,-0.645404,0.535011]],"s":1099.79,"t":[-1728.69,-18069.3,5739.96],"timestamp":46871818930},
{"hands":[],"id":340181,"pointables":[],"r":[[0.411139,-0.762015,-0.500298],[0.730581,-0.0527865,0.680783],[-0.545176,-0.645404,0.535011]],"s":1099.79,"t":[-1728.69,-18069.3,5739.96],"timestamp":46871827952},
{"hands":[],"id":340183,"pointables":[],"r":[[0.411139,-0.762015,-0.500298],[0.730581,-0.0527865,0.680783],[-0.545176,-0.645404,0.535011]],"s":1099.79,"t":[-1728.69,-18069.3,5739.96],"timestamp":46871837390},
{"hands":[],"id":340185,"pointables":[],"r":[[0.411139,-0.762015,-0.500298],[0.730581,-0.0527865,0.680783],[-0.545176,-0.645404,0.535011]],"s":1099.79,"t":[-1728.69,-18069.3,5739.96],"timestamp":46871846932},
{"hands":[],"id":340187,"pointables":[],"r":[[0.411139,-0.762015,-0.500298],[0.730581,-0.0527865,0.680783],[-0.545176,-0.645404,0.535011]],"s":1099.79,"t":[-1728.69,-18069.3,5739.96],"timestamp":46871856299},
{"hands":[],"id":340189,"pointables":[],"r":[[0.411139,-0.762015,-0.500298],[0.730581,-0.0527865,0.680783],[-0.545176,-0.645404,0.535011]],"s":1099.79,"t":[-1728.69,-18069.3,5739.96],"timestamp":46871865553},
{"hands":[],"id":340191,"pointables":[],"r":[[0.411139,-0.762015,-0.500298],[0.730581,-0.0527865,0.680783],[-0.545176,-0.645404,0.535011]],"s":1099.79,"t":[-1728.69,-18069.3,5739.96],"timestamp":46871874714},
{"hands":[],"id":340193,"pointables":[],"r":[[0.411139,-0.762015,-0.500298],[0.730581,-0.0527865,0.680783],[-0.545176,-0.645404,0.535011]],"s":1099.79,"t":[-1728.69,-18069.3,5739.96],"timestamp":46871884312},
{"hands":[],"id":340195,"pointables":[],"r":[[0.411139,-0.762015,-0.500298],[0.730581,-0.0527865,0.680783],[-0.545176,-0.645404,0.535011]],"s":1099.79,"t":[-1728.69,-18069.3,5739.96],"timestamp":46871893528},
{"hands":[],"id":340197,"pointables":[],"r":[[0.411139,-0.762015,-0.500298],[0.730581,-0.0527865,0.680783],[-0.545176,-0.645404,0.535011]],"s":1099.79,"t":[-1728.69,-18069.3,5739.96],"timestamp":46871902934},
{"hands":[],"id":340199,"pointables":[],"r":[[0.411139,-0.762015,-0.500298],[0.730581,-0.0527865,0.680783],[-0.545176,-0.645404,0.535011]],"s":1099.79,"t":[-1728.69,-18069.3,5739.96],"timestamp":46871912347},
{"hands":[],"id":340201,"pointables":[],"r":[[0.411139,-0.762015,-0.500298],[0.730581,-0.0527865,0.680783],[-0.545176,-0.645404,0.535011]],"s":1099.79,"t":[-1728.69,-18069.3,5739.96],"timestamp":46871921489},
{"hands":[],"id":340203,"pointables":[],"r":[[0.411139,-0.762015,-0.500298],[0.730581,-0.0527865,0.680783],[-0.545176,-0.645404,0.535011]],"s":1099.79,"t":[-1728.69,-18069.3,5739.96],"timestamp":46871931052},
{"hands":[],"id":340205,"pointables":[],"r":[[0.411139,-0.762015,-0.500298],[0.730581,-0.0527865,0.680783],[-0.545176,-0.645404,0.535011]],"s":1099.79,"t":[-1728.69,-18069.3,5739.96],"timestamp":46871940184},
{"hands":[],"id":340207,"pointables":[],"r":[[0.411139,-0.762015,-0.500298],[0.730581,-0.0527865,0.680783],[-0.545176,-0.645404,0.535011]],"s":1099.79,"t":[-1728.69,-18069.3,5739.96],"timestamp":46871949685},
{"hands":[],"id":340209,"pointables":[],"r":[[0.411139,-0.762015,-0.500298],[0.730581,-0.0527865,0.680783],[-0.545176,-0.645404,0.535011]],"s":1099.79,"t":[-1728.69,-18069.3,5739.96],"timestamp":46871958856},
{"hands":[],"id":340211,"pointables":[],"r":[[0.411139,-0.762015,-0.500298],[0.730581,-0.0527865,0.680783],[-0.545176,-0.645404,0.535011]],"s":1099.79,"t":[-1728.69,-18069.3,5739.96],"timestamp":46871968199},
{"hands":[],"id":340213,"pointables":[],"r":[[0.411139,-0.762015,-0.500298],[0.730581,-0.0527865,0.680783],[-0.545176,-0.645404,0.535011]],"s":1099.79,"t":[-1728.69,-18069.3,5739.96],"timestamp":46871977689},
{"hands":[],"id":340215,"pointables":[],"r":[[0.411139,-0.762015,-0.500298],[0.730581,-0.0527865,0.680783],[-0.545176,-0.645404,0.535011]],"s":1099.79,"t":[-1728.69,-18069.3,5739.96],"timestamp":46871987054},
{"hands":[],"id":340217,"pointables":[],"r":[[0.411139,-0.762015,-0.500298],[0.730581,-0.0527865,0.680783],[-0.545176,-0.645404,0.535011]],"s":1099.79,"t":[-1728.69,-18069.3,5739.96],"timestamp":46871996330},
{"hands":[],"id":340219,"pointables":[],"r":[[0.411139,-0.762015,-0.500298],[0.730581,-0.0527865,0.680783],[-0.545176,-0.645404,0.535011]],"s":1099.79,"t":[-1728.69,-18069.3,5739.96],"timestamp":46872005645},
{"hands":[],"id":340221,"pointables":[],"r":[[0.411139,-0.762015,-0.500298],[0.730581,-0.0527865,0.680783],[-0.545176,-0.645404,0.535011]],"s":1099.79,"t":[-1728.69,-18069.3,5739.96],"timestamp":46872015071},
{"hands":[],"id":340223,"pointables":[],"r":[[0.411139,-0.762015,-0.500298],[0.730581,-0.0527865,0.680783],[-0.545176,-0.645404,0.535011]],"s":1099.79,"t":[-1728.69,-18069.3,5739.96],"timestamp":46872024324},
{"hands":[],"id":340225,"pointables":[],"r":[[0.411139,-0.762015,-0.500298],[0.730581,-0.0527865,0.680783],[-0.545176,-0.645404,0.535011]],"s":1099.79,"t":[-1728.69,-18069.3,5739.96],"timestamp":46872033817},
{"hands":[],"id":340227,"pointables":[],"r":[[0.411139,-0.762015,-0.500298],[0.730581,-0.0527865,0.680783],[-0.545176,-0.645404,0.535011]],"s":1099.79,"t":[-1728.69,-18069.3,5739.96],"timestamp":46872043001},
{"hands":[],"id":340229,"pointables":[],"r":[[0.411139,-0.762015,-0.500298],[0.730581,-0.0527865,0.680783],[-0.545176,-0.645404,0.535011]],"s":1099.79,"t":[-1728.69,-18069.3,5739.96],"timestamp":46872052428},
{"hands":[],"id":340231,"pointables":[],"r":[[0.411139,-0.762015,-0.500298],[0.730581,-0.0527865,0.680783],[-0.545176,-0.645404,0.535011]],"s":1099.79,"t":[-1728.69,-18069.3,5739.96],"timestamp":46872061676},
{"hands":[],"id":340233,"pointables":[],"r":[[0.411139,-0.762015,-0.500298],[0.730581,-0.0527865,0.680783],[-0.545176,-0.645404,0.535011]],"s":1099.79,"t":[-1728.69,-18069.3,5739.96],"timestamp":46872071176},
{"hands":[],"id":340235,"pointables":[],"r":[[0.411139,-0.762015,-0.500298],[0.730581,-0.0527865,0.680783],[-0.545176,-0.645404,0.535011]],"s":1099.79,"t":[-1728.69,-18069.3,5739.96],"timestamp":46872080379},
{"hands":[],"id":340237,"pointables":[],"r":[[0.411139,-0.762015,-0.500298],[0.730581,-0.0527865,0.680783],[-0.545176,-0.645404,0.535011]],"s":1099.79,"t":[-1728.69,-18069.3,5739.96],"timestamp":46872089653},
{"hands":[],"id":340239,"pointables":[],"r":[[0.411139,-0.762015,-0.500298],[0.730581,-0.0527865,0.680783],[-0.545176,-0.645404,0.535011]],"s":1099.79,"t":[-1728.69,-18069.3,5739.96],"timestamp":46872098974},
{"hands":[],"id":340241,"pointables":[],"r":[[0.411139,-0.762015,-0.500298],[0.730581,-0.0527865,0.680783],[-0.545176,-0.645404,0.535011]],"s":1099.79,"t":[-1728.69,-18069.3,5739.96],"timestamp":46872108355},
{"hands":[],"id":340243,"pointables":[],"r":[[0.411139,-0.762015,-0.500298],[0.730581,-0.0527865,0.680783],[-0.545176,-0.645404,0.535011]],"s":1099.79,"t":[-1728.69,-18069.3,5739.96],"timestamp":46872117791},
{"hands":[],"id":340245,"pointables":[],"r":[[0.411139,-0.762015,-0.500298],[0.730581,-0.0527865,0.680783],[-0.545176,-0.645404,0.535011]],"s":1099.79,"t":[-1728.69,-18069.3,5739.96],"timestamp":46872126976},
{"hands":[],"id":340247,"pointables":[],"r":[[0.411139,-0.762015,-0.500298],[0.730581,-0.0527865,0.680783],[-0.545176,-0.645404,0.535011]],"s":1099.79,"t":[-1728.69,-18069.3,5739.96],"timestamp":46872136587},
{"hands":[],"id":340249,"pointables":[],"r":[[0.411139,-0.762015,-0.500298],[0.730581,-0.0527865,0.680783],[-0.545176,-0.645404,0.535011]],"s":1099.79,"t":[-1728.69,-18069.3,5739.96],"timestamp":46872145710},
{"hands":[],"id":340251,"pointables":[],"r":[[0.411139,-0.762015,-0.500298],[0.730581,-0.0527865,0.680783],[-0.545176,-0.645404,0.535011]],"s":1099.79,"t":[-1728.69,-18069.3,5739.96],"timestamp":46872155247},
{"hands":[],"id":340253,"pointables":[{"direction":[-0.551102,0.565833,-0.613286],"handId":10,"id":12,"length":47.4935,"tipPosition":[26.1995,324.233,274.803],"tipVelocity":[-261.75,185.753,-309.039],"tool":false}],"r":[[0.411139,-0.762015,-0.500298],[0.730581,-0.0527865,0.680783],[-0.545176,-0.645404,0.535011]],"s":1099.79,"t":[-1729.94,-18068.4,5738.49],"timestamp":46872164737},
{"hands":[],"id":340255,"pointables":[{"direction":[-0.548394,0.600961,-0.581472],"handId":10,"id":12,"length":47.4692,"tipPosition":[23.7034,326.554,272.12],"tipVelocity":[-275.237,255.945,-295.908],"tool":false}],"r":[[0.411139,-0.762015,-0.500298],[0.730581,-0.0527865,0.680783],[-0.545176,-0.645404,0.535011]],"s":1099.79,"t":[-1731.8,-18066.8,5736.41],"timestamp":46872173806},
{"hands":[],"id":340257,"pointables":[{"direction":[-0.249077,0.70777,-0.661077],"handId":-1,"id":5,"length":45.8166,"tipPosition":[79.3708,339.477,241.788],"tipVelocity":[-455.117,292.627,-604.109],"tool":false},{"direction":[-0.549893,0.61358,-0.56669],"handId":10,"id":12,"length":47.6643,"tipPosition":[20.9907,329.034,269.092],"tipVelocity":[-285.912,261.364,-319.135],"tool":false}],"r":[[0.404828,-0.768011,-0.49626],[0.730656,-0.054614,0.680558],[-0.549779,-0.638104,0.539042]],"s":1099.79,"t":[-1734.5,-18064.7,5733.19],"timestamp":46872183294},
{"hands":[],"id":340259,"pointables":[{"direction":[-0.298545,0.672533,-0.677178],"handId":10,"id":5,"length":47.836,"tipPosition":[76.1443,343.671,235.651],"tipVelocity":[-353.082,458.973,-671.68],"tool":false},{"direction":[-0.167206,0.504895,-0.846832],"handId":10,"id":6,"length":36.721,"tipPosition":[3.00959,255.362,253.111],"tipVelocity":[-318.779,111.834,-417.519],"tool":false},{"direction":[-0.544116,0.663582,-0.513417],"handId":10,"id":12,"length":48.3767,"tipPosition":[18.0177,332.769,266.408],"tipVelocity":[-325.339,408.743,-293.706],"tool":false}],"r":[[0.39606,-0.774501,-0.493239],[0.731254,-0.0588333,0.679563],[-0.555341,-0.62983,0.543056]],"s":1099.8,"t":[-1737.33,-18061.8,5729.67],"timestamp":46872192432},
{"hands":[{"direction":[-0.230652,0.894775,-0.286925],"id":10,"palmNormal":[-0.222686,-0.269142,-0.902731],"palmPosition":[71.6523,273.714,251.118],"palmVelocity":[-518.237,100.012,-570.696],"r":[[1,0,0],[0,1,0],[0,0,1]],"s":1,"sphereCenter":[59.2918,290.704,240.523],"sphereRadius":64.3723,"t":[0,0,0]}],"id":340261,"pointables":[{"direction":[-0.222324,0.462683,-0.858194],"handId":10,"id":11,"length":43.9667,"tipPosition":[108.687,316.384,200.021],"tipVelocity":[-299.813,378.176,-475.183],"tool":false},{"direction":[-0.337642,0.634147,-0.695598],"handId":10,"id":5,"length":49.5085,"tipPosition":[73.0759,348.177,230.627],"tipVelocity":[-318.525,467.757,-521.456],"tool":false},{"direction":[-0.178042,0.559817,-0.809263],"handId":10,"id":6,"length":36.7181,"tipPosition":[0.193384,256.645,249.169],"tipVelocity":[-292.35,133.179,-409.303],"tool":false},{"direction":[-0.525939,0.704315,-0.476789],"handId":10,"id":12,"length":47.3173,"tipPosition":[14.6611,336.835,263.151],"tipVelocity":[-348.447,422.112,-338.094],"tool":false}],"r":[[0.387034,-0.780135,-0.491522],[0.73246,-0.0636797,0.677825],[-0.560095,-0.622362,0.546772]],"s":1099.81,"t":[-1740.23,-18058.4,5725.66],"timestamp":46872202065},
{"hands":[{"direction":[-0.212417,0.909658,-0.266481],"id":10,"palmNormal":[-0.252908,-0.253521,-0.906873],"palmPosition":[66.9377,274.702,245.627],"palmVelocity":[-523.665,109.735,-609.956],"r":[[0.999995,-0.00196862,0.00242164],[0.00196826,0.999998,0.000148732],[-0.00242193,-0.000143965,0.999997]],"s":1.00335,"sphereCenter":[56.1971,293.207,237.429],"sphereRadius":65.6648,"t":[-1.85822,1.96223,-2.08672]}],"id":340263,"pointables":[{"direction":[-0.221779,0.443999,-0.868147],"handId":10,"id":11,"length":46.2054,"tipPosition":[104.971,320.308,193.753],"tipVelocity":[-412.8,435.905,-696.173],"tool":false},{"direction":[-0.362213,0.608568,-0.706007],"handId":10,"id":5,"length":51.1059,"tipPosition":[68.9196,353.755,224.037],"tipVelocity":[-461.66,619.582,-732.055],"tool":false},{"direction":[-0.461938,0.377993,-0.802331],"handId":10,"id":13,"length":55.7828,"tipPosition":[29.3796,371.776,239.697],"tipVelocity":[-367.462,355.246,-453.534],"tool":false},{"direction":[-0.180914,0.586192,-0.789714],"handId":10,"id":6,"length":36.6038,"tipPosition":[-2.79891,258.684,245.158],"tipVelocity":[-332.366,226.499,-445.426],"tool":false},{"direction":[-0.529854,0.67587,-0.512303],"handId":10,"id":12,"length":46.2056,"tipPosition":[10.8249,341.012,258.977],"tipVelocity":[-426.107,463.88,-463.562],"tool":false}],"r":[[0.376966,-0.785931,-0.490112],[0.734055,-0.0691965,0.675555],[-0.564853,-0.614431,0.550832]],"s":1099.82,"t":[-1743.55,-18054.7,5721.58],"timestamp":46872211068},
{"hands":[{"direction":[-0.198129,0.918603,-0.26348],"id":10,"palmNormal":[-0.276493,-0.260935,-0.904214],"palmPosition":[63.1372,277.824,239.871],"palmVelocity":[-404.913,332.649,-613.257],"r":[[0.999964,-0.00534045,0.00660549],[0.00534296,0.999986,-0.000361382],[-0.00660347,0.000396662,0.999978]],"s":1.0092,"sphereCenter":[51.9533,297.034,233.298],"sphereRadius":66.2215,"t":[-4.84984,5.12381,-5.52891]}],"id":340265,"pointables":[{"direction":[-0.228392,0.365362,-0.902412],"handId":10,"id":11,"length":44.0904,"tipPosition":[100.846,324.669,187.478],"tipVelocity":[-439.486,464.623,-668.525],"tool":false},{"direction":[-0.382555,0.591439,-0.709825],"handId":10,"id":5,"length":52.2911,"tipPosition":[64.2006,359.132,217.108],"tipVelocity":[-502.769,572.876,-738.204],"tool":false},{"direction":[-0.445509,0.245132,-0.861064],"handId":10,"id":13,"length":50.3109,"tipPosition":[26.3672,375.655,236.88],"tipVelocity":[-320.946,413.359,-300.162],"tool":false},{"direction":[-0.178881,0.507706,-0.842755],"handId":10,"id":6,"length":36.751,"tipPosition":[-6.01815,260.645,240.642],"tipVelocity":[-342.983,209.002,-481.194],"tool":false},{"direction":[-0.533584,0.6684,-0.518198],"handId":10,"id":12,"length":46.3842,"tipPosition":[6.45852,345.692,254.18],"tipVelocity":[-465.201,498.674,-511.148],"tool":false}],"r":[[0.366271,-0.791716,-0.488908],[0.736313,-0.074655,0.67251],[-0.568937,-0.60631,0.555607]],"s":1099.83,"t":[-1747.26,-18050.7,5717.13],"timestamp":46872220454},
{"hands":[{"direction":[-0.187909,0.925431,-0.261844],"id":10,"palmNormal":[-0.305403,-0.268558,-0.896747],"palmPosition":[59.9082,279.185,234.234],"palmVelocity":[-336.391,141.758,-587.227],"r":[[0.99988,-0.010322,0.0115166],[0.0103384,0.999946,-0.00135793],[-0.011502,0.00147683,0.999933]],"s":1.01596,"sphereCenter":[48.662,300.77,229.092],"sphereRadius":66.7317,"t":[-8.66342,9.12122,-10.3981]}],"id":340267,"pointables":[{"direction":[-0.227315,0.36416,-0.90317],"handId":10,"id":11,"length":45.9193,"tipPosition":[96.21,329.833,180.296],"tipVelocity":[-482.92,537.917,-748.197],"tool":false},{"direction":[-0.392705,0.574913,-0.717814],"handId":10,"id":5,"length":53.3081,"tipPosition":[59.3438,366.338,210.812],"tipVelocity":[-505.978,750.701,-655.915],"tool":false},{"direction":[-0.454811,0.28947,-0.842232],"handId":10,"id":13,"length":51.3231,"tipPosition":[22.797,379.186,232.405],"tipVelocity":[-371.935,367.789,-466.147],"tool":false},{"direction":[-0.179485,0.4544,-0.872529],"handId":10,"id":6,"length":36.9489,"tipPosition":[-9.76112,263.562,235.731],"tipVelocity":[-389.933,303.791,-511.591],"tool":false},{"direction":[-0.550932,0.599729,-0.580344],"handId":10,"id":12,"length":47.0181,"tipPosition":[1.32356,350.525,247.761],"tipVelocity":[-534.948,503.512,-668.677],"tool":false}],"r":[[0.355093,-0.797011,-0.488551],[0.739241,-0.080491,0.668613],[-0.572216,-0.598577,0.560601]],"s":1099.84,"t":[-1751.44,-18046.3,5711.76],"timestamp":46872230053},
{"hands":[{"direction":[-0.170695,0.932988,-0.256864],"id":10,"palmNormal":[-0.335917,-0.263664,-0.890215],"palmPosition":[56.5628,282.518,229.055],"palmVelocity":[-362.526,361.225,-561.269],"r":[[0.999715,-0.0161806,0.0175658],[0.0162174,0.999867,-0.00195448],[-0.0175319,0.00223879,0.999844]],"s":1.02488,"sphereCenter":[44.6984,305.421,225.344],"sphereRadius":67.5304,"t":[-12.9911,14.1804,-15.4558]}],"id":340269,"pointables":[{"direction":[-0.219523,0.397377,-0.891011],"handId":10,"id":11,"length":47.2421,"tipPosition":[91.3682,335.954,172.981],"tipVelocity":[-524.688,663.313,-792.746],"tool":false},{"direction":[-0.374392,0.521816,-0.766511],"handId":10,"id":5,"length":51.297,"tipPosition":[53.7686,373.95,203.374],"tipVelocity":[-604.159,824.897,-806.055],"tool":false},{"direction":[-0.435497,0.378936,-0.816547],"handId":10,"id":13,"length":46.9253,"tipPosition":[18.5764,383.576,227.159],"tipVelocity":[-457.366,475.777,-568.525],"tool":false},{"direction":[-0.182335,0.485687,-0.854905],"handId":10,"id":6,"length":37.1218,"tipPosition":[-13.8627,266.895,230.512],"tipVelocity":[-444.469,361.263,-565.597],"tool":false},{"direction":[-0.547315,0.619756,-0.562448],"handId":10,"id":12,"length":47.0708,"tipPosition":[-4.04684,358.324,242.731],"tipVelocity":[-581.968,845.077,-545.089],"tool":false}],"r":[[0.343501,-0.802249,-0.488266],[0.742086,-0.0867864,0.664662],[-0.575599,-0.590648,0.565527]],"s":1099.85,"t":[-1755.95,-18041,5706.46],"timestamp":46872239281},
{"hands":[{"direction":[-0.184349,0.931331,-0.263086],"id":10,"palmNormal":[-0.309972,-0.286543,-0.894367],"palmPosition":[51.8591,286.76,220.411],"palmVelocity":[-500.343,451.184,-919.488],"r":[[0.999452,-0.0239237,0.0228552],[0.0239786,0.99971,-0.00213081],[-0.0227976,0.00267768,0.999737]],"s":1.03573,"sphereCenter":[33.7317,309.693,212.692],"sphereRadius":72.5481,"t":[-17.4696,20.2032,-20.758]}],"id":340271,"pointables":[{"direction":[-0.207097,0.468792,-0.858688],"handId":10,"id":11,"length":48.2383,"tipPosition":[86.7389,343.111,167.434],"tipVelocity":[-492.421,761.301,-589.998],"tool":false},{"direction":[-0.358293,0.517211,-0.777251],"handId":10,"id":5,"length":49.1986,"tipPosition":[48.1596,382.803,196.428],"tipVelocity":[-596.635,941.652,-738.792],"tool":false},{"direction":[-0.421366,0.443516,-0.79104],"handId":10,"id":13,"length":43.1252,"tipPosition":[14.3549,390.563,223.152],"tipVelocity":[-449.054,743.152,-426.282],"tool":false},{"direction":[-0.192723,0.468204,-0.862347],"handId":10,"id":6,"length":36.971,"tipPosition":[-17.8173,270.549,226.413],"tipVelocity":[-420.664,388.648,-436.013],"tool":false},{"direction":[-0.584437,0.397277,-0.707534],"handId":10,"id":12,"length":45.0668,"tipPosition":[-10.0379,364.716,235.429],"tipVelocity":[-637.281,679.957,-776.739],"tool":false}],"r":[[0.331652,-0.806319,-0.489751],[0.745198,-0.0944409,0.660122],[-0.578522,-0.583892,0.569546]],"s":1099.86,"t":[-1760.52,-18034.9,5701.03],"timestamp":46872248682},
{"hands":[{"direction":[-0.184457,0.9176,-0.302434],"id":10,"palmNormal":[-0.305266,-0.34801,-0.870071],"palmPosition":[49.1966,286.65,212.458],"palmVelocity":[-286.007,-11.7877,-854.339],"r":[[0.999154,-0.0320059,0.0258303],[0.0321012,0.999479,-0.00328266],[-0.0257118,0.00410907,0.999661]],"s":1.04363,"sphereCenter":[29.0703,313.311,202.42],"sphereRadius":72.9639,"t":[-22.2599,26.3579,-27.4515]}],"id":340273,"pointables":[{"direction":[-0.197635,0.519561,-0.831262],"handId":10,"id":11,"length":49.0737,"tipPosition":[81.8732,350.371,161.018],"tipVelocity":[-522.692,779.927,-689.243],"tool":false},{"direction":[-0.339722,0.556161,-0.758468],"handId":10,"id":5,"length":47.3622,"tipPosition":[42.3489,389.089,188.343],"tipVelocity":[-624.207,675.315,-868.508],"tool":false},{"direction":[-0.41453,0.287687,-0.863366],"handId":3,"id":13,"length":40.8224,"tipPosition":[9.91319,395.708,217.629],"tipVelocity":[-477.139,552.735,-593.217],"tool":false},{"direction":[-0.180802,0.32621,-0.927846],"handId":10,"id":6,"length":37.5519,"tipPosition":[-22.9194,275.941,218.303],"tipVelocity":[-548.077,579.258,-871.189],"tool":false}],"r":[[0.321362,-0.809121,-0.491986],[0.749283,-0.100429,0.654591],[-0.579053,-0.578997,0.573986]],"s":1099.87,"t":[-1765.47,-18029,5694.69],"timestamp":46872257991},
{"hands":[{"direction":[-0.149032,0.929042,-0.281584],"id":10,"palmNormal":[-0.365028,-0.294537,-0.860738],"palmPosition":[42.9262,299.188,209.068],"palmVelocity":[-665.788,1331.25,-359.939],"r":[[0.998972,-0.0372816,0.0257918],[0.0373501,0.9993,-0.0021787],[-0.0256925,0.00313979,0.999665]],"s":1.04934,"sphereCenter":[25.884,320.459,202.822],"sphereRadius":72.5972,"t":[-27.6703,32.0436,-35.6506]}],"id":340275,"pointables":[{"direction":[-0.189826,0.545031,-0.816644],"handId":10,"id":11,"length":49.6685,"tipPosition":[76.6426,356.391,153.429],"tipVelocity":[-555.38,639.237,-805.76],"tool":false},{"direction":[-0.351936,0.276376,-0.894292],"handId":10,"id":5,"length":45.9413,"tipPosition":[36.1574,393.398,178.336],"tipVelocity":[-657.407,457.469,-1062.51],"tool":false},{"direction":[-0.162381,0.152396,-0.974889],"handId":10,"id":6,"length":38.2724,"tipPosition":[-28.789,282.066,208.9],"tipVelocity":[-623.233,650.352,-998.369],"tool":false},{"direction":[-0.545865,0.530042,-0.648913],"handId":10,"id":12,"length":42.968,"tipPosition":[-18.0549,374.332,225.396],"tipVelocity":[-428.096,513.473,-535.76],"tool":false}],"r":[[0.315395,-0.81004,-0.49433],[0.750932,-0.105448,0.651907],[-0.580196,-0.576816,0.575027]],"s":1099.88,"t":[-1770.97,-18023.4,5686.67],"timestamp":46872267409},
{"hands":[{"direction":[-0.135355,0.937827,-0.265561],"id":10,"palmNormal":[-0.366823,-0.270207,-0.872715],"palmPosition":[40.1324,304.406,203.025],"palmVelocity":[-308.981,577.054,-668.292],"r":[[0.998931,-0.0407585,0.0218091],[0.0409134,0.99914,-0.00669975],[-0.0215173,0.00758488,0.99974]],"s":1.05464,"sphereCenter":[22.0616,325.959,199.099],"sphereRadius":72.7684,"t":[-33.1825,38.3286,-44.7766]}],"id":340277,"pointables":[{"direction":[-0.216884,0.304095,-0.927625],"handId":10,"id":11,"length":47.8802,"tipPosition":[71.2229,362.055,145.652],"tipVelocity":[-599.393,626.424,-860.105],"tool":false},{"direction":[-0.380651,0.356964,-0.853043],"handId":10,"id":5,"length":46.4206,"tipPosition":[31.8823,401.943,174.855],"tipVelocity":[-472.801,945.055,-384.986],"tool":false},{"direction":[-0.138639,0.014089,-0.990243],"handId":10,"id":6,"length":38.8448,"tipPosition":[-34.5974,288.456,196.572],"tipVelocity":[-642.377,706.689,-1363.49],"tool":false},{"direction":[-0.39866,0.0749394,-0.914032],"handId":10,"id":13,"length":39.0704,"tipPosition":[3.8085,403.087,209.625],"tipVelocity":[-330.698,399.718,-433.628],"tool":false}],"r":[[0.313502,-0.808553,-0.497954],[0.755091,-0.105713,0.647042],[-0.575808,-0.57885,0.577389]],"s":1099.88,"t":[-1776.52,-18017.2,5677.63],"timestamp":46872276451},
{"hands":[{"direction":[-0.120352,0.944933,-0.254295],"id":10,"palmNormal":[-0.388708,-0.252007,-0.872156],"palmPosition":[35.7569,314.779,198.062],"palmVelocity":[-461.803,1094.8,-523.787],"r":[[0.998939,-0.0431407,0.0161187],[0.0433703,0.998958,-0.0141777],[-0.0154902,0.0148617,0.99977]],"s":1.05794,"sphereCenter":[18.2518,333.323,195.763],"sphereRadius":72.149,"t":[-37.9976,45.1423,-50.972]}],"id":340279,"pointables":[{"direction":[-0.202719,0.428866,-0.880329],"handId":10,"id":11,"length":48.459,"tipPosition":[66.9592,369.187,142.388],"tipVelocity":[-450.001,752.638,-344.561],"tool":false},{"direction":[-0.125912,0.039681,-0.991247],"handId":10,"id":6,"length":39.2501,"tipPosition":[-38.7153,295.799,189.03],"tipVelocity":[-434.61,774.924,-795.963],"tool":false},{"direction":[-0.407209,0.387046,-0.827271],"handId":10,"id":13,"length":39.1907,"tipPosition":[0.086146,410.681,206.914],"tipVelocity":[-392.86,801.501,-286.096],"tool":false}],"r":[[0.313748,-0.805947,-0.502008],[0.760447,-0.103311,0.641129],[-0.568579,-0.582903,0.580467]],"s":1099.89,"t":[-1781.35,-18010.4,5671.48],"timestamp":46872285926},
{"hands":[{"direction":[-0.115751,0.952041,-0.234615],"id":10,"palmNormal":[-0.398253,-0.229808,-0.876828],"palmPosition":[30.0133,318.11,194.688],"palmVelocity":[-603.699,350.096,-354.612],"r":[[0.999101,-0.0415735,0.00827869],[0.0417077,0.998989,-0.01675],[-0.00757397,0.0170803,0.999825]],"s":1.03982,"sphereCenter":[17.9814,338.238,197.862],"sphereRadius":73.537,"t":[-42.3833,51.8002,-56.8164]}],"id":340281,"pointables":[{"direction":[-0.184603,0.538303,-0.822285],"handId":10,"id":11,"length":48.5977,"tipPosition":[63.0028,374.604,140.017],"tipVelocity":[-415.85,569.447,-249.115],"tool":false},{"direction":[-0.0419676,0.348652,-0.936312],"handId":10,"id":6,"length":40.4636,"tipPosition":[-38.3842,313.248,183.536],"tipVelocity":[34.8056,1834.03,-577.413],"tool":false},{"direction":[-0.395579,0.491203,-0.776039],"handId":10,"id":13,"length":39.8172,"tipPosition":[-5.71591,417.183,199.364],"tipVelocity":[-609.844,683.417,-793.509],"tool":false},{"direction":[-0.519639,0.525097,-0.673979],"handId":3,"id":12,"length":41.4416,"tipPosition":[-30.9186,392.973,210.39],"tipVelocity":[-458.909,665.006,-535.337],"tool":false}],"r":[[0.322314,-0.798546,-0.508367],[0.758649,-0.103298,0.643258],[-0.566185,-0.593003,0.572522]],"s":1099.87,"t":[-1786.21,-18001,5665.14],"timestamp":46872295440},
{"hands":[{"direction":[-0.117749,0.948756,-0.252339],"id":10,"palmNormal":[-0.40305,-0.263644,-0.865995],"palmPosition":[26.9978,314.322,190.528],"palmVelocity":[-326.001,-409.466,-449.75],"r":[[0.999184,-0.0403333,0.00200294],[0.0403639,0.999008,-0.0187972],[-0.0012428,0.0188627,0.999821]],"s":1.02717,"sphereCenter":[15.9822,336.286,185.97],"sphereRadius":73.2494,"t":[-47.1472,56.9511,-62.8822]}],"id":340283,"pointables":[{"direction":[-0.0454067,0.161461,-0.985834],"handId":10,"id":6,"length":40.9222,"tipPosition":[-43.5263,316.892,177.249],"tipVelocity":[-555.91,393.945,-679.689],"tool":false}],"r":[[0.329142,-0.792536,-0.513374],[0.757199,-0.103315,0.644961],[-0.564194,-0.60101,0.566103]],"s":1099.86,"t":[-1791.21,-17994.5,5658.83],"timestamp":46872304690},
{"hands":[{"direction":[-0.106386,0.955208,-0.236346],"id":10,"palmNormal":[-0.42578,-0.237674,-0.863532],"palmPosition":[22.415,322.897,185.871],"palmVelocity":[-482.798,903.354,-490.614],"r":[[0.999221,-0.0393498,-0.00301986],[0.0392801,0.999019,-0.0204281],[0.00382074,0.0202935,0.999787]],"s":1.01834,"sphereCenter":[13.6037,340.872,184.18],"sphereRadius":73.4903,"t":[-51.3891,59.0584,-71.3751]}],"id":340285,"pointables":[{"direction":[-0.0359162,-0.0639696,-0.997305],"handId":10,"id":6,"length":42.1428,"tipPosition":[-47.246,315.955,166.329],"tipVelocity":[-391.879,-98.6373,-1150.45],"tool":false}],"r":[[0.334587,-0.78767,-0.517327],[0.756033,-0.103344,0.646323],[-0.562552,-0.607368,0.560927]],"s":1099.86,"t":[-1795.57,-17991.7,5650.22],"timestamp":46872314182},
{"hands":[{"direction":[-0.115562,0.956234,-0.234622],"id":10,"palmNormal":[-0.417783,-0.246929,-0.867155],"palmPosition":[16.6616,329.378,181.586],"palmVelocity":[-635.603,715.983,-473.458],"r":[[0.999231,-0.0385685,-0.0070394],[0.0384075,0.999026,-0.0217283],[0.00787057,0.0214412,0.999739]],"s":1.01216,"sphereCenter":[12.597,349.958,188.043],"sphereRadius":76.3744,"t":[-62.7824,72.7182,-85.9361]}],"id":340287,"pointables":[{"direction":[-0.468073,0.729946,-0.498082],"handId":10,"id":12,"length":47.4994,"tipPosition":[-49.4633,418.185,189.761],"tipVelocity":[-667.222,907.105,-742.21],"tool":false}],"r":[[0.338933,-0.783741,-0.520456],[0.755096,-0.103379,0.647412],[-0.561208,-0.612424,0.556761]],"s":1099.85,"t":[-1807.02,-17977.7,5635.59],"timestamp":46872323234},
{"hands":[{"direction":[-0.125958,0.958437,-0.224354],"id":10,"palmNormal":[-0.40741,-0.242767,-0.874886],"palmPosition":[12.2257,331.782,177.502],"palmVelocity":[-465.709,252.418,-428.721],"r":[[0.999227,-0.0379471,-0.0102558],[0.0377059,0.99903,-0.0227656],[0.0111097,0.0223613,0.999688]],"s":1.00784,"sphereCenter":[11.184,352.382,184.202],"sphereRadius":75.0963,"t":[-71.5502,83.9175,-95.9716]}],"id":340289,"pointables":[{"direction":[-0.030366,-0.188739,-0.981558],"handId":10,"id":6,"length":41.4141,"tipPosition":[-53.3885,324.694,160.819],"tipVelocity":[-330.648,470.415,-296.605],"tool":false}],"r":[[0.342403,-0.780575,-0.522937],[0.754344,-0.103413,0.648283],[-0.560112,-0.616448,0.553413]],"s":1099.85,"t":[-1815.82,-17966.3,5625.53],"timestamp":46872332759},
