[
{"hands":[],"id":344532,"pointables":[],"r":[[-0.271167,-0.941456,-0.200324],[0.957731,-0.284669,0.0414244],[-0.0960253,-0.180624,0.978853]],"s":1099.62,"t":[-1973.69,-18032.5,5684.88],"timestamp":46892250155},
{"hands":[],"id":344534,"pointables":[],"r":[[-0.271167,-0.941456,-0.200324],[0.957731,-0.284669,0.0414244],[-0.0960253,-0.180624,0.978853]],"s":1099.62,"t":[-1973.69,-18032.5,5684.88],"timestamp":46892259624},
{"hands":[],"id":344536,"pointables":[],"r":[[-0.271167,-0.941456,-0.200324],[0.957731,-0.284669,0.0414244],[-0.0960253,-0.180624,0.978853]],"s":1099.62,"t":[-1973.69,-18032.5,5684.88],"timestamp":46892268972},
{"hands":[],"id":344538,"pointables":[],"r":[[-0.271167,-0.941456,-0.200324],[0.957731,-0.284669,0.0414244],[-0.0960253,-0.180624,0.978853]],"s":1099.62,"t":[-1973.69,-18032.5,5684.88],"timestamp":46892278244},
{"hands":[],"id":344540,"pointables":[],"r":[[-0.271167,-0.941456,-0.200324],[0.957731,-0.284669,0.0414244],[-0.0960253,-0.180624,0.978853]],"s":1099.62,"t":[-1973.69,-18032.5,5684.88],"timestamp":46892287683},
{"hands":[],"id":344542,"pointables":[],"r":[[-0.271167,-0.941456,-0.200324],[0.957731,-0.284669,0.0414244],[-0.0960253,-0.180624,0.978853]],"s":1099.62,"t":[-1973.69,-18032.5,5684.88],"timestamp":46892296969},
{"hands":[],"id":344544,"pointables":[],"r":[[-0.271167,-0.941456,-0.200324],[0.957731,-0.284669,0.0414244],[-0.0960253,-0.180624,0.978853]],"s":1099.62,"t":[-1973.69,-18032.5,5684.88],"timestamp":46892306438},
{"hands":[],"id":344546,"pointables":[],"r":[[-0.271167,-0.941456,-0.200324],[0.957731,-0.284669,0.0414244],[-0.0960253,-0.180624,0.978853]],"s":1099.62,"t":[-1973.69,-18032.5,5684.88],"timestamp":46892315476},
{"hands":[],"id":344548,"pointables":[],"r":[[-0.271167,-0.941456,-0.200324],[0.957731,-0.284669,0.0414244],[-0.0960253,-0.180624,0.978853]],"s":1099.62,"t":[-1973.69,-18032.5,5684.88],"timestamp":46892325056},
{"hands":[],"id":344550,"pointables":[],"r":[[-0.271167,-0.941456,-0.200324],[0.957731,-0.284669,0.0414244],[-0.0960253,-0.180624,0.978853]],"s":1099.62,"t":[-1973.69,-18032.5,5684.88],"timestamp":46892334242},
{"hands":[],"id":344552,"pointables":[],"r":[[-0.271167,-0.941456,-0.200324],[0.957731,-0.284669,0.0414244],[-0.0960253,-0.180624,0.978853]],"s":1099.62,"t":[-1973.69,-18032.5,5684.88],"timestamp":46892343807},
{"hands":[],"id":344554,"pointables":[],"r":[[-0.271167,-0.941456,-0.200324],[0.957731,-0.284669,0.0414244],[-0.0960253,-0.180624,0.978853]],"s":1099.62,"t":[-1973.69,-18032.5,5684.88],"timestamp":46892352924},
{"hands":[],"id":344556,"pointables":[],"r":[[-0.271167,-0.941456,-0.200324],[0.957731,-0.284669,0.0414244],[-0.0960253,-0.180624,0.978853]],"s":1099.62,"t":[-1973.69,-18032.5,5684.88],"timestamp":46892362277},
{"hands":[],"id":344558,"pointables":[],"r":[[-0.271167,-0.941456,-0.200324],[0.957731,-0.284669,0.0414244],[-0.0960253,-0.180624,0.978853]],"s":1099.62,"t":[-1973.69,-18032.5,5684.88],"timestamp":46892371846},
{"hands":[],"id":344560,"pointables":[],"r":[[-0.271167,-0.941456,-0.200324],[0.957731,-0.284669,0.0414244],[-0.0960253,-0.180624,0.978853]],"s":1099.62,"t":[-1973.69,-18032.5,5684.88],"timestamp":46892380998},
{"hands":[],"id":344562,"pointables":[],"r":[[-0.271167,-0.941456,-0.200324],[0.957731,-0.284669,0.0414244],[-0.0960253,-0.180624,0.978853]],"s":1099.62,"t":[-1973.69,-18032.5,5684.88],"timestamp":46892390487},
{"hands":[],"id":344564,"pointables":[],"r":[[-0.271167,-0.941456,-0.200324],[0.957731,-0.284669,0.0414244],[-0.0960253,-0.180624,0.978853]],"s":1099.62,"t":[-1973.69,-18032.5,5684.88],"timestamp":46892399618},
{"hands":[],"id":344566,"pointables":[],"r":[[-0.271167,-0.941456,-0.200324],[0.957731,-0.284669,0.0414244],[-0.0960253,-0.180624,0.978853]],"s":1099.62,"t":[-1973.69,-18032.5,5684.88],"timestamp":46892409179},
{"hands":[],"id":344568,"pointables":[],"r":[[-0.271167,-0.941456,-0.200324],[0.957731,-0.284669,0.0414244],[-0.0960253,-0.180624,0.978853]],"s":1099.62,"t":[-1973.69,-18032.5,5684.88],"timestamp":46892418382},
{"hands":[],"id":344570,"pointables":[],"r":[[-0.271167,-0.941456,-0.200324],[0.957731,-0.284669,0.0414244],[-0.0960253,-0.180624,0.978853]],"s":1099.62,"t":[-1973.69,-18032.5,5684.88],"timestamp":46892427935},
{"hands":[],"id":344572,"pointables":[],"r":[[-0.271167,-0.941456,-0.200324],[0.957731,-0.284669,0.0414244],[-0.0960253,-0.180624,0.978853]],"s":1099.62,"t":[-1973.69,-18032.5,5684.88],"timestamp":46892437213},
{"hands":[],"id":344574,"pointables":[],"r":[[-0.271167,-0.941456,-0.200324],[0.957731,-0.284669,0.0414244],[-0.0960253,-0.180624,0.978853]],"s":1099.62,"t":[-1973.69,-18032.5,5684.88],"timestamp":46892446405},
{"hands":[],"id":344576,"pointables":[],"r":[[-0.271167,-0.941456,-0.200324],[0.957731,-0.284669,0.0414244],[-0.0960253,-0.180624,0.978853]],"s":1099.62,"t":[-1973.69,-18032.5,5684.88],"timestamp":46892455939},
{"hands":[],"id":344578,"pointables":[],"r":[[-0.271167,-0.941456,-0.200324],[0.957731,-0.284669,0.0414244],[-0.0960253,-0.180624,0.978853]],"s":1099.62,"t":[-1973.69,-18032.5,5684.88],"timestamp":46892465314},
{"hands":[],"id":344580,"pointables":[],"r":[[-0.271167,-0.941456,-0.200324],[0.957731,-0.284669,0.0414244],[-0.0960253,-0.180624,0.978853]],"s":1099.62,"t":[-1973.69,-18032.5,5684.88],"timestamp":46892474550},
{"hands":[],"id":344582,"pointables":[],"r":[[-0.271167,-0.941456,-0.200324],[0.957731,-0.284669,0.0414244],[-0.0960253,-0.180624,0.978853]],"s":1099.62,"t":[-1973.69,-18032.5,5684.88],"timestamp":46892483774},
{"hands":[],"id":344584,"pointables":[],"r":[[-0.271167,-0.941456,-0.200324],[0.957731,-0.284669,0.0414244],[-0.0960253,-0.180624,0.978853]],"s":1099.62,"t":[-1973.69,-18032.5,5684.88],"timestamp":46892493266},
{"hands":[],"id":344586,"pointables":[],"r":[[-0.271167,-0.941456,-0.200324],[0.957731,-0.284669,0.0414244],[-0.0960253,-0.180624,0.978853]],"s":1099.62,"t":[-1973.69,-18032.5,5684.88],"timestamp":46892502691},
{"hands":[],"id":344588,"pointables":[],"r":[[-0.271167,-0.941456,-0.200324],[0.957731,-0.284669,0.0414244],[-0.0960253,-0.180624,0.978853]],"s":1099.62,"t":[-1973.69,-18032.5,5684.88],"timestamp":46892511971},
{"hands":[],"id":344590,"pointables":[],"r":[[-0.271167,-0.941456,-0.200324],[0.957731,-0.284669,0.0414244],[-0.0960253,-0.180624,0.978853]],"s":1099.62,"t":[-1973.69,-18032.5,5684.88],"timestamp":46892521307},
{"hands":[],"id":344592,"pointables":[],"r":[[-0.271167,-0.941456,-0.200324],[0.957731,-0.284669,0.0414244],[-0.0960253,-0.180624,0.978853]],"s":1099.62,"t":[-1973.69,-18032.5,5684.88],"timestamp":46892530497},
{"hands":[],"id":344594,"pointables":[],"r":[[-0.271167,-0.941456,-0.200324],[0.957731,-0.284669,0.0414244],[-0.0960253,-0.180624,0.978853]],"s":1099.62,"t":[-1973.69,-18032.5,5684.88],"timestamp":46892540061},
{"hands":[],"id":344596,"pointables":[],"r":[[-0.271167,-0.941456,-0.200324],[0.957731,-0.284669,0.0414244],[-0.0960253,-0.180624,0.978853]],"s":1099.62,"t":[-1973.69,-18032.5,5684.88],"timestamp":46892549255},
{"hands":[],"id":344598,"pointables":[],"r":[[-0.271167,-0.941456,-0.200324],[0.957731,-0.284669,0.0414244],[-0.0960253,-0.180624,0.978853]],"s":1099.62,"t":[-1973.69,-18032.5,5684.88],"timestamp":46892558576},
{"hands":[],"id":344600,"pointables":[],"r":[[-0.271167,-0.941456,-0.200324],[0.957731,-0.284669,0.0414244],[-0.0960253,-0.180624,0.978853]],"s":1099.62,"t":[-1973.69,-18032.5,5684.88],"timestamp":46892567863},
{"hands":[],"id":344602,"pointables":[],"r":[[-0.271167,-0.941456,-0.200324],[0.957731,-0.284669,0.0414244],[-0.0960253,-0.180624,0.978853]],"s":1099.62,"t":[-1973.69,-18032.5,5684.88],"timestamp":46892577431},
{"hands":[],"id":344604,"pointables":[],"r":[[-0.271167,-0.941456,-0.200324],[0.957731,-0.284669,0.0414244],[-0.0960253,-0.180624,0.978853]],"s":1099.62,"t":[-1973.69,-18032.5,5684.88],"timestamp":46892586490},
{"hands":[],"id":344606,"pointables":[],"r":[[-0.271167,-0.941456,-0.200324],[0.957731,-0.284669,0.0414244],[-0.0960253,-0.180624,0.978853]],"s":1099.62,"t":[-1973.69,-18032.5,5684.88],"timestamp":46892595976},
{"hands":[],"id":344608,"pointables":[],"r":[[-0.271167,-0.941456,-0.200324],[0.957731,-0.284669,0.0414244],[-0.0960253,-0.180624,0.978853]],"s":1099.62,"t":[-1973.69,-18032.5,5684.88],"timestamp":46892605433},
{"hands":[],"id":344610,"pointables":[],"r":[[-0.271167,-0.941456,-0.200324],[0.957731,-0.284669,0.0414244],[-0.0960253,-0.180624,0.978853]],"s":1099.62,"t":[-1973.69,-18032.5,5684.88],"timestamp":46892614701},
{"hands":[],"id":344612,"pointables":[],"r":[[-0.271167,-0.941456,-0.200324],[0.957731,-0.284669,0.0414244],[-0.0960253,-0.180624,0.978853]],"s":1099.62,"t":[-1973.69,-18032.5,5684.88],"timestamp":46892624068},
{"hands":[],"id":344614,"pointables":[],"r":[[-0.271167,-0.941456,-0.200324],[0.957731,-0.284669,0.0414244],[-0.0960253,-0.180624,0.978853]],"s":1099.62,"t":[-1973.69,-18032.5,5684.88],"timestamp":46892633425},
{"hands":[],"id":344616,"pointables":[],"r":[[-0.271167,-0.941456,-0.200324],[0.957731,-0.284669,0.0414244],[-0.0960253,-0.180624,0.978853]],"s":1099.62,"t":[-1973.69,-18032.5,5684.88],"timestamp":46892642701},
{"hands":[],"id":344618,"pointables":[],"r":[[-0.271167,-0.941456,-0.200324],[0.957731,-0.284669,0.0414244],[-0.0960253,-0.180624,0.978853]],"s":1099.62,"t":[-1973.69,-18032.5,5684.88],"timestamp":46892652192},
{"hands":[],"id":344620,"pointables":[],"r":[[-0.271167,-0.941456,-0.200324],[0.957731,-0.284669,0.0414244],[-0.0960253,-0.180624,0.978853]],"s":1099.62,"t":[-1973.69,-18032.5,5684.88],"timestamp":46892661433},
{"hands":[],"id":344622,"pointables":[],"r":[[-0.271167,-0.941456,-0.200324],[0.957731,-0.284669,0.0414244],[-0.0960253,-0.180624,0.978853]],"s":1099.62,"t":[-1973.69,-18032.5,5684.88],"timestamp":46892670805},
{"hands":[],"id":344624,"pointables":[],"r":[[-0.271167,-0.941456,-0.200324],[0.957731,-0.284669,0.0414244],[-0.0960253,-0.180624,0.978853]],"s":1099.62,"t":[-1973.69,-18032.5,5684.88],"timestamp":46892680098},
{"hands":[],"id":344626,"pointables":[],"r":[[-0.271167,-0.941456,-0.200324],[0.957731,-0.284669,0.0414244],[-0.0960253,-0.180624,0.978853]],"s":1099.62,"t":[-1973.69,-18032.5,5684.88],"timestamp":46892689362},
{"hands":[],"id":344628,"pointables":[],"r":[[-0.271167,-0.941456,-0.200324],[0.957731,-0.284669,0.0414244],[-0.0960253,-0.180624,0.978853]],"s":1099.62,"t":[-1973.69,-18032.5,5684.88],"timestamp":46892698649},
{"hands":[],"id":344630,"pointables":[],"r":[[-0.271167,-0.941456,-0.200324],[0.957731,-0.284669,0.0414244],[-0.0960253,-0.180624,0.978853]],"s":1099.62,"t":[-1973.69,-18032.5,5684.88],"timestamp":46892708069},
{"hands":[],"id":344632,"pointables":[],"r":[[-0.271167,-0.941456,-0.200324],[0.957731,-0.284669,0.0414244],[-0.0960253,-0.180624,0.978853]],"s":1099.62,"t":[-1973.69,-18032.5,5684.88],"timestamp":46892717372},
{"hands":[],"id":344634,"pointables":[],"r":[[-0.271167,-0.941456,-0.200324],[0.957731,-0.284669,0.0414244],[-0.0960253,-0.180624,0.978853]],"s":1099.62,"t":[-1973.69,-18032.5,5684.88],"timestamp":46892726907},
{"hands":[],"id":344636,"pointables":[],"r":[[-0.271167,-0.941456,-0.200324],[0.957731,-0.284669,0.0414244],[-0.0960253,-0.180624,0.978853]],"s":1099.62,"t":[-1973.69,-18032.5,5684.88],"timestamp":46892736273},
{"hands":[],"id":344638,"pointables":[],"r":[[-0.271167,-0.941456,-0.200324],[0.957731,-0.284669,0.0414244],[-0.0960253,-0.180624,0.978853]],"s":1099.62,"t":[-1973.69,-18032.5,5684.88],"timestamp":46892745546},
{"hands":[],"id":344640,"pointables":[],"r":[[-0.271167,-0.941456,-0.200324],[0.957731,-0.284669,0.0414244],[-0.0960253,-0.180624,0.978853]],"s":1099.62,"t":[-1973.69,-18032.5,5684.88],"timestamp":46892754906},
{"hands":[],"id":344642,"pointables":[],"r":[[-0.271167,-0.941456,-0.200324],[0.957731,-0.284669,0.0414244],[-0.0960253,-0.180624,0.978853]],"s":1099.62,"t":[-1973.69,-18032.5,5684.88],"timestamp":46892764159},
{"hands":[],"id":344644,"pointables":[],"r":[[-0.271167,-0.941456,-0.200324],[0.957731,-0.284669,0.0414244],[-0.0960253,-0.180624,0.978853]],"s":1099.62,"t":[-1973.69,-18032.5,5684.88],"timestamp":46892773687},
{"hands":[],"id":344646,"pointables":[],"r":[[-0.271167,-0.941456,-0.200324],[0.957731,-0.284669,0.0414244],[-0.0960253,-0.180624,0.978853]],"s":1099.62,"t":[-1973.69,-18032.5,5684.88],"timestamp":46892782745},
{"hands":[],"id":344648,"pointables":[],"r":[[-0.271167,-0.941456,-0.200324],[0.957731,-0.284669,0.0414244],[-0.0960253,-0.180624,0.978853]],"s":1099.62,"t":[-1973.69,-18032.5,5684.88],"timestamp":46892792114},
{"hands":[],"id":344650,"pointables":[],"r":[[-0.271167,-0.941456,-0.200324],[0.957731,-0.284669,0.0414244],[-0.0960253,-0.180624,0.978853]],"s":1099.62,"t":[-1973.69,-18032.5,5684.88],"timestamp":46892801492},
{"hands":[],"id":344652,"pointables":[],"r":[[-0.271167,-0.941456,-0.200324],[0.957731,-0.284669,0.0414244],[-0.0960253,-0.180624,0.978853]],"s":1099.62,"t":[-1973.69,-18032.5,5684.88],"timestamp":46892811100},
{"hands":[],"id":344654,"pointables":[],"r":[[-0.271167,-0.941456,-0.200324],[0.957731,-0.284669,0.0414244],[-0.0960253,-0.180624,0.978853]],"s":1099.62,"t":[-1973.69,-18032.5,5684.88],"timestamp":46892820121},
{"hands":[],"id":344656,"pointables":[],"r":[[-0.271167,-0.941456,-0.200324],[0.957731,-0.284669,0.0414244],[-0.0960253,-0.180624,0.978853]],"s":1099.62,"t":[-1973.69,-18032.5,5684.88],"timestamp":46892829687},
{"hands":[],"id":344658,"pointables":[],"r":[[-0.271167,-0.941456,-0.200324],[0.957731,-0.284669,0.0414244],[-0.0960253,-0.180624,0.978853]],"s":1099.62,"t":[-1973.69,-18032.5,5684.88],"timestamp":46892839016},
{"hands":[],"id":344660,"pointables":[],"r":[[-0.271167,-0.941456,-0.200324],[0.957731,-0.284669,0.0414244],[-0.0960253,-0.180624,0.978853]],"s":1099.62,"t":[-1973.69,-18032.5,5684.88],"timestamp":46892848257},
{"hands":[],"id":344662,"pointables":[],"r":[[-0.271167,-0.941456,-0.200324],[0.957731,-0.284669,0.0414244],[-0.0960253,-0.180624,0.978853]],"s":1099.62,"t":[-1973.69,-18032.5,5684.88],"timestamp":46892857583},
{"hands":[],"id":344664,"pointables":[],"r":[[-0.271167,-0.941456,-0.200324],[0.957731,-0.284669,0.0414244],[-0.0960253,-0.180624,0.978853]],"s":1099.62,"t":[-1973.69,-18032.5,5684.88],"timestamp":46892867058},
{"hands":[],"id":344666,"pointables":[],"r":[[-0.271167,-0.941456,-0.200324],[0.957731,-0.284669,0.0414244],[-0.0960253,-0.180624,0.978853]],"s":1099.62,"t":[-1973.69,-18032.5,5684.88],"timestamp":46892876446},
{"hands":[],"id":344668,"pointables":[],"r":[[-0.271167,-0.941456,-0.200324],[0.957731,-0.284669,0.0414244],[-0.0960253,-0.180624,0.978853]],"s":1099.62,"t":[-1973.69,-18032.5,5684.88],"timestamp":46892885599},
{"hands":[],"id":344670,"pointables":[],"r":[[-0.271167,-0.941456,-0.200324],[0.957731,-0.284669,0.0414244],[-0.0960253,-0.180624,0.978853]],"s":1099.62,"t":[-1973.69,-18032.5,5684.88],"timestamp":46892894981},
{"hands":[],"id":344672,"pointables":[],"r":[[-0.271167,-0.941456,-0.200324],[0.957731,-0.284669,0.0414244],[-0.0960253,-0.180624,0.978853]],"s":1099.62,"t":[-1973.69,-18032.5,5684.88],"timestamp":46892904429},
{"hands":[],"id":344674,"pointables":[],"r":[[-0.271167,-0.941456,-0.200324],[0.957731,-0.284669,0.0414244],[-0.0960253,-0.180624,0.978853]],"s":1099.62,"t":[-1973.69,-18032.5,5684.88],"timestamp":46892913767},
{"hands":[],"id":344676,"pointables":[],"r":[[-0.271167,-0.941456,-0.200324],[0.957731,-0.284669,0.0414244],[-0.0960253,-0.180624,0.978853]],"s":1099.62,"t":[-1973.69,-18032.5,5684.88],"timestamp":46892923226},
{"hands":[],"id":344678,"pointables":[],"r":[[-0.271167,-0.941456,-0.200324],[0.957731,-0.284669,0.0414244],[-0.0960253,-0.180624,0.978853]],"s":1099.62,"t":[-1973.69,-18032.5,5684.88],"timestamp":46892932310},
{"hands":[],"id":344680,"pointables":[],"r":[[-0.271167,-0.941456,-0.200324],[0.957731,-0.284669,0.0414244],[-0.0960253,-0.180624,0.978853]],"s":1099.62,"t":[-1973.69,-18032.5,5684.88],"timestamp":46892941812},
{"hands":[],"id":344682,"pointables":[],"r":[[-0.271167,-0.941456,-0.200324],[0.957731,-0.284669,0.0414244],[-0.0960253,-0.180624,0.978853]],"s":1099.62,"t":[-1973.69,-18032.5,5684.88],"timestamp":46892950967},
{"hands":[],"id":344684,"pointables":[],"r":[[-0.271167,-0.941456,-0.200324],[0.957731,-0.284669,0.0414244],[-0.0960253,-0.180624,0.978853]],"s":1099.62,"t":[-1973.69,-18032.5,5684.88],"timestamp":46892960329},
{"hands":[],"id":344686,"pointables":[],"r":[[-0.271167,-0.941456,-0.200324],[0.957731,-0.284669,0.0414244],[-0.0960253,-0.180624,0.978853]],"s":1099.62,"t":[-1973.69,-18032.5,5684.88],"timestamp":46892969611},
{"hands":[],"id":344688,"pointables":[],"r":[[-0.271167,-0.941456,-0.200324],[0.957731,-0.284669,0.0414244],[-0.0960253,-0.180624,0.978853]],"s":1099.62,"t":[-1973.69,-18032.5,5684.88],"timestamp":46892979156},
{"hands":[],"id":344690,"pointables":[],"r":[[-0.271167,-0.941456,-0.200324],[0.957731,-0.284669,0.0414244],[-0.0960253,-0.180624,0.978853]],"s":1099.62,"t":[-1973.69,-18032.5,5684.88],"timestamp":46892988576},
{"hands":[],"id":344692,"pointables":[],"r":[[-0.271167,-0.941456,-0.200324],[0.957731,-0.284669,0.0414244],[-0.0960253,-0.180624,0.978853]],"s":1099.62,"t":[-1973.69,-18032.5,5684.88],"timestamp":46892997744},
{"hands":[],"id":344694,"pointables":[],"r":[[-0.271167,-0.941456,-0.200324],[0.957731,-0.284669,0.0414244],[-0.0960253,-0.180624,0.978853]],"s":1099.62,"t":[-1973.69,-18032.5,5684.88],"timestamp":46893007181},
{"hands":[],"id":344696,"pointables":[],"r":[[-0.271167,-0.941456,-0.200324],[0.957731,-0.284669,0.0414244],[-0.0960253,-0.180624,0.978853]],"s":1099.62,"t":[-1973.69,-18032.5,5684.88],"timestamp":46893016506},
{"hands":[],"id":344698,"pointables":[],"r":[[-0.271167,-0.941456,-0.200324],[0.957731,-0.284669,0.0414244],[-0.0960253,-0.180624,0.978853]],"s":1099.62,"t":[-1973.69,-18032.5,5684.88],"timestamp":46893025971},
{"hands":[],"id":344700,"pointables":[],"r":[[-0.271167,-0.941456,-0.200324],[0.957731,-0.284669,0.0414244],[-0.0960253,-0.180624,0.978853]],"s":1099.62,"t":[-1973.69,-18032.5,5684.88],"timestamp":46893035097},
{"hands":[],"id":344702,"pointables":[],"r":[[-0.271167,-0.941456,-0.200324],[0.957731,-0.284669,0.0414244],[-0.0960253,-0.180624,0.978853]],"s":1099.62,"t":[-1973.69,-18032.5,5684.88],"timestamp":46893044562},
{"hands":[],"id":344704,"pointables":[{"direction":[-0.418257,0.485375,-0.767771],"handId":1,"id":2,"length":25.6246,"tipPosition":[-58.384,233.229,120.164],"tipVelocity":[630.467,2800.22,-58.5067],"tool":false}],"r":[[-0.271167,-0.941456,-0.200324],[0.957731,-0.284669,0.0414244],[-0.0960253,-0.180624,0.978853]],"s":1099.62,"t":[-1970.73,-18019.4,5684.6],"timestamp":46893053946},
{"hands":[],"id":344706,"pointables":[{"direction":[-0.382291,0.464172,-0.798998],"handId":1,"id":2,"length":26.7077,"tipPosition":[-53.3658,255.598,119.396],"tipVelocity":[538.087,2398.56,-82.3488],"tool":false}],"r":[[-0.271167,-0.941456,-0.200324],[0.957731,-0.284669,0.0414244],[-0.0960253,-0.180624,0.978853]],"s":1099.62,"t":[-1966.74,-18001.6,5684.08],"timestamp":46893063272},
{"hands":[{"direction":[-0.509425,0.558787,-0.604573],"id":1,"palmNormal":[-0.177524,-0.714369,-0.593173],"palmPosition":[-61.1099,213.683,184.115],"palmVelocity":[284.082,971.786,245.746],"r":[[1,0,0],[0,1,0],[0,0,1]],"s":1,"sphereCenter":[-80.3321,201.075,165.919],"sphereRadius":64.4628,"t":[0,0,0]}],"id":344708,"pointables":[{"direction":[-0.354859,0.481876,-0.801169],"handId":1,"id":2,"length":28.2389,"tipPosition":[-49.4671,274.873,117.815],"tipVelocity":[411.818,2035.99,-166.952],"tool":false},{"direction":[-0.384565,-0.0586101,-0.921235],"handId":1,"id":6,"length":25.6056,"tipPosition":[-90.7258,286.551,133.402],"tipVelocity":[117.076,1339.2,-167.102],"tool":false}],"r":[[-0.298531,-0.932215,-0.204583],[0.950402,-0.309971,0.02559],[-0.08727,-0.186796,0.978515]],"s":1099.62,"t":[-1963.5,-17984.8,5683.03],"timestamp":46893072739},
{"hands":[{"direction":[-0.506166,0.590098,-0.578875],"id":1,"palmNormal":[-0.159414,-0.679629,-0.644963],"palmPosition":[-58.2837,221.202,185.554],"palmVelocity":[312.665,831.818,159.185],"r":[[0.999945,-0.0104306,-0.00114336],[0.0104249,0.999934,-0.00491159],[0.00119452,0.0048994,0.999987]],"s":1.01034,"sphereCenter":[-83.2552,211.225,160.994],"sphereRadius":66.3343,"t":[0.25234,7.52735,-0.639729]}],"id":344710,"pointables":[{"direction":[-0.329878,0.504767,-0.797742],"handId":1,"id":2,"length":29.5464,"tipPosition":[-46.3068,289.927,116.536],"tipVelocity":[349.632,1665.53,-141.549],"tool":false},{"direction":[-0.430032,0.141697,-0.891625],"handId":1,"id":6,"length":23.2144,"tipPosition":[-90.2645,302.348,131.098],"tipVelocity":[51.0343,1747.74,-254.896],"tool":false},{"direction":[-0.70731,0.273533,-0.651837],"handId":1,"id":7,"length":61.5322,"tipPosition":[-125.888,308.764,153.097],"tipVelocity":[55.8336,1133.39,-77.2371],"tool":false}],"r":[[-0.330011,-0.920562,-0.208947],[0.940897,-0.338642,0.00590675],[-0.0761958,-0.194648,0.977909]],"s":1099.63,"t":[-1961.62,-17968.8,5681.86],"timestamp":46893081778},
{"hands":[{"direction":[-0.497864,0.615572,-0.563821],"id":1,"palmNormal":[-0.166589,-0.665268,-0.672069],"palmPosition":[-57.224,232.729,185.034],"palmVelocity":[110.656,1203.74,-54.3314],"r":[[0.99982,-0.0184003,-0.00458934],[0.0183591,0.999792,-0.00885534],[0.00475133,0.00876949,0.99995]],"s":1.02937,"sphereCenter":[-86.3073,222.111,156.168],"sphereRadius":68.1634,"t":[1.10705,17.8253,-1.68571]}],"id":344712,"pointables":[{"direction":[-0.305011,0.528482,-0.79226],"handId":1,"id":2,"length":30.6146,"tipPosition":[-44.081,302.445,115.083],"tipVelocity":[232.435,1307.22,-151.654],"tool":false},{"direction":[-0.437694,0.142727,-0.887724],"handId":1,"id":6,"length":25.7781,"tipPosition":[-88.8074,319.108,130.519],"tipVelocity":[152.161,1750.14,-60.4754],"tool":false},{"direction":[-0.698918,0.312983,-0.643083],"handId":1,"id":7,"length":63.1512,"tipPosition":[-126.396,321.832,151.488],"tipVelocity":[-53.0812,1364.72,-168.045],"tool":false}],"r":[[-0.354433,-0.910167,-0.214415],[0.932576,-0.36084,-0.00984655],[-0.0684073,-0.203448,0.976693]],"s":1099.65,"t":[-1959.96,-17954.3,5680.55],"timestamp":46893091354},
{"hands":[{"direction":[-0.490972,0.643246,-0.540282],"id":1,"palmNormal":[-0.147455,-0.628842,-0.714856],"palmPosition":[-56.7582,242.286,182.922],"palmVelocity":[49.9186,1024.2,-226.375],"r":[[0.999663,-0.0231344,-0.0117539],[0.0230035,0.999673,-0.0111495],[0.012008,0.0108754,0.999869]],"s":1.05341,"sphereCenter":[-88.7352,233.74,151.772],"sphereRadius":69.5202,"t":[2.02618,29.488,-3.31657]}],"id":344714,"pointables":[{"direction":[-0.280734,0.553365,-0.784204],"handId":1,"id":2,"length":31.6176,"tipPosition":[-42.8353,314.469,112.868],"tipVelocity":[133.501,1288.56,-237.459],"tool":false},{"direction":[-0.439018,0.153948,-0.885191],"handId":1,"id":6,"length":27.6325,"tipPosition":[-87.8239,336.014,129.03],"tipVelocity":[105.405,1811.81,-159.543],"tool":false},{"direction":[-0.660095,0.181531,-0.728918],"handId":1,"id":7,"length":61.7772,"tipPosition":[-126.943,334.859,147.617],"tipVelocity":[-58.684,1396.14,-414.772],"tool":false}],"r":[[-0.371989,-0.901107,-0.222777],[0.925975,-0.376982,-0.0213253],[-0.0647666,-0.214219,0.974636]],"s":1099.67,"t":[-1958.63,-17940.5,5678.79],"timestamp":46893100685},
{"hands":[{"direction":[-0.487552,0.673519,-0.501613],"id":1,"palmNormal":[-0.12724,-0.569101,-0.764099],"palmPosition":[-58.2203,254.527,178.071],"palmVelocity":[-156.807,1312.91,-520.231],"r":[[0.99973,-0.0210326,-0.00990931],[0.0209082,0.999703,-0.0124948],[0.0101692,0.0122843,0.999873]],"s":1.07322,"sphereCenter":[-90.7693,245.921,148.351],"sphereRadius":70.2043,"t":[2.96858,42.0114,-4.80248]}],"id":344716,"pointables":[{"direction":[-0.256512,0.577341,-0.775163],"handId":1,"id":2,"length":32.5267,"tipPosition":[-42.4673,326.459,109.762],"tipVelocity":[39.4618,1286,-333.119],"tool":false},{"direction":[-0.663522,0.297517,-0.686457],"handId":1,"id":7,"length":60.0891,"tipPosition":[-125.38,349.637,148.041],"tipVelocity":[167.675,1584.91,45.4813],"tool":false}],"r":[[-0.381106,-0.897496,-0.221944],[0.922618,-0.384631,-0.0288818],[-0.0594454,-0.215777,0.974632]],"s":1099.69,"t":[-1957.49,-17926.9,5677.24],"timestamp":46893110009},
{"hands":[{"direction":[-0.484933,0.699375,-0.467587],"id":1,"palmNormal":[-0.115165,-0.521733,-0.802632],"palmPosition":[-61.7448,271.584,171.841],"palmVelocity":[-387.132,1873.5,-684.294],"r":[[0.999777,-0.0193492,-0.00843622],[0.0192336,0.999723,-0.0135741],[0.00869653,0.0134088,0.999872]],"s":1.08714,"sphereCenter":[-93.2569,258.045,143.655],"sphereRadius":71.1378,"t":[3.3435,53.6387,-7.52304]}],"id":344718,"pointables":[{"direction":[-0.228282,0.567919,-0.790794],"handId":1,"id":2,"length":33.5153,"tipPosition":[-42.6599,337.191,105.807],"tipVelocity":[-21.1492,1178.73,-434.446],"tool":false}],"r":[[-0.388374,-0.894555,-0.221219],[0.919847,-0.39072,-0.0349156],[-0.0552008,-0.217048,0.974599]],"s":1099.71,"t":[-1957.01,-17914.8,5674.49],"timestamp":46893119113},
{"hands":[{"direction":[-0.477137,0.720432,-0.448508],"id":1,"palmNormal":[-0.109727,-0.499653,-0.825579],"palmPosition":[-61.9587,277.332,166.619],"palmVelocity":[-22.4261,602.675,-547.462],"r":[[0.999812,-0.0180012,-0.00725941],[0.017895,0.999736,-0.0144394],[0.00751742,0.0143068,0.999869]],"s":1.0969,"sphereCenter":[-95.3244,269.161,138.893],"sphereRadius":71.8089,"t":[3.18712,64.1805,-10.7541]}],"id":344720,"pointables":[{"direction":[-0.207832,0.596604,-0.775158],"handId":1,"id":2,"length":33.9337,"tipPosition":[-43.3476,346.647,102.065],"tipVelocity":[-72.1,991.442,-392.274],"tool":false}],"r":[[-0.394171,-0.892168,-0.220602],[0.917576,-0.395571,-0.0397348],[-0.0518134,-0.218081,0.974554]],"s":1099.72,"t":[-1957.12,-17904,5671.24],"timestamp":46893128651},
{"hands":[{"direction":[-0.474764,0.734323,-0.435852],"id":1,"palmNormal":[-0.1035,-0.489313,-0.840118],"palmPosition":[-65.358,284.062,162.313],"palmVelocity":[-361.207,715.179,-457.573],"r":[[0.999837,-0.0169219,-0.00631904],[0.0168247,0.999744,-0.0151329],[0.0065735,0.0150241,0.999866]],"s":1.10374,"sphereCenter":[-97.3492,279.351,132.869],"sphereRadius":72.921,"t":[2.38537,74.6824,-14.4398]}],"id":344722,"pointables":[{"direction":[-0.187646,0.621929,-0.760258],"handId":1,"id":2,"length":34.5286,"tipPosition":[-44.7947,357.109,97.9245],"tipVelocity":[-153.77,1111.67,-439.96],"tool":false}],"r":[[-0.398797,-0.890238,-0.220083],[0.915723,-0.399439,-0.0435849],[-0.0491088,-0.218917,0.974507]],"s":1099.72,"t":[-1957.89,-17893.3,5667.55],"timestamp":46893138062},
{"hands":[{"direction":[-0.445858,0.75652,-0.429006],"id":1,"palmNormal":[-0.118643,-0.480762,-0.848758],"palmPosition":[-66.8829,291.485,158.053],"palmVelocity":[-165.392,805.047,-462.041],"r":[[0.999856,-0.016058,-0.00556743],[0.0159689,0.999749,-0.0156885],[0.00581796,0.0155973,0.999861]],"s":1.10853,"sphereCenter":[-98.3429,290.599,130.692],"sphereRadius":72.5741,"t":[1.43898,84.5684,-18.2404]}],"id":344724,"pointables":[],"r":[[-0.402491,-0.888681,-0.219653],[0.914219,-0.402525,-0.0466616],[-0.0469487,-0.219592,0.974461]],"s":1099.73,"t":[-1958.82,-17883.4,5663.74],"timestamp":46893147282},
{"hands":[{"direction":[-0.440237,0.766951,-0.423987],"id":1,"palmNormal":[-0.132285,-0.485615,-0.848646],"palmPosition":[-69.4565,299.46,153.846],"palmVelocity":[-269.966,836.612,-441.294],"r":[[0.99987,-0.0153665,-0.00496659],[0.0152846,0.999753,-0.0161335],[0.00521327,0.0160554,0.999858]],"s":1.11189,"sphereCenter":[-99.4293,300.627,127.604],"sphereRadius":72.3818,"t":[0.167155,94.0722,-22.1223]}],"id":344726,"pointables":[],"r":[[-0.405442,-0.887426,-0.2193],[0.913002,-0.404988,-0.0491206],[-0.0452229,-0.220137,0.97442]],"s":1099.73,"t":[-1960.07,-17873.8,5659.85],"timestamp":46893156815},
{"hands":[{"direction":[-0.435192,0.776228,-0.419034],"id":1,"palmNormal":[-0.144437,-0.488507,-0.848655],"palmPosition":[-72.442,305.641,150.031],"palmVelocity":[-326.534,676.017,-417.258],"r":[[0.99988,-0.0148131,-0.00448619],[0.0147373,0.999755,-0.0164897],[0.00472936,0.0164217,0.999854]],"s":1.11424,"sphereCenter":[-101.529,309.176,121.656],"sphereRadius":72.8247,"t":[-1.44741,102.912,-25.9908]}],"id":344728,"pointables":[],"r":[[-0.407799,-0.886416,-0.219011],[0.912018,-0.406955,-0.0510864],[-0.0438437,-0.220575,0.974384]],"s":1099.74,"t":[-1961.68,-17864.9,5655.98],"timestamp":46893165958},
{"hands":[{"direction":[-0.433954,0.784242,-0.411112],"id":1,"palmNormal":[-0.151772,-0.486031,-0.85172],"palmPosition":[-76.8278,313.192,145.723],"palmVelocity":[-462.733,796.655,-454.59],"r":[[0.999888,-0.0143703,-0.00410206],[0.0142996,0.999757,-0.016775],[0.00434212,0.0167144,0.999851]],"s":1.11589,"sphereCenter":[-102.194,318.054,121.437],"sphereRadius":73.1657,"t":[-3.61621,111.493,-29.9473]}],"id":344730,"pointables":[],"r":[[-0.409683,-0.885606,-0.218775],[0.911226,-0.408527,-0.052658],[-0.0427413,-0.220927,0.974353]],"s":1099.74,"t":[-1963.83,-17856.2,5652.02],"timestamp":46893175436},
{"hands":[{"direction":[-0.429578,0.795538,-0.397553],"id":1,"palmNormal":[-0.148841,-0.468271,-0.863646],"palmPosition":[-80.9767,321.33,140.679],"palmVelocity":[-444.97,872.792,-540.902],"r":[[0.999895,-0.0140159,-0.00379487],[0.0139495,0.999758,-0.0170033],[0.00403227,0.0169486,0.999848]],"s":1.11704,"sphereCenter":[-103.134,329.43,122.35],"sphereRadius":74.2134,"t":[-6.18103,119.986,-34.1211]}],"id":344732,"pointables":[],"r":[[-0.411189,-0.884954,-0.218584],[0.910588,-0.409783,-0.0539147],[-0.04186,-0.221209,0.974328]],"s":1099.74,"t":[-1966.39,-17847.7,5647.84],"timestamp":46893184760},
{"hands":[{"direction":[-0.434681,0.79086,-0.405825],"id":1,"palmNormal":[-0.160372,-0.496349,-0.845557],"palmPosition":[-83.6791,322.725,137.367],"palmVelocity":[-288.381,148.902,-353.459],"r":[[0.999899,-0.0137323,-0.00354919],[0.0136694,0.999759,-0.017186],[0.00378434,0.0171358,0.999846]],"s":1.11785,"sphereCenter":[-104.224,336.788,119.038],"sphereRadius":74.2706,"t":[-8.77338,127.059,-38.1227]}],"id":344734,"pointables":[],"r":[[-0.412393,-0.884432,-0.21843],[0.910076,-0.410787,-0.0549196],[-0.0411554,-0.221436,0.974306]],"s":1099.74,"t":[-1968.98,-17840.6,5643.84],"timestamp":46893194131},
{"hands":[{"direction":[-0.437415,0.793823,-0.401288],"id":1,"palmNormal":[-0.166835,-0.497399,-0.84562],"palmPosition":[-86.73,327.706,132.288],"palmVelocity":[-334.865,546.731,-557.418],"r":[[0.999903,-0.0135055,-0.0033527],[0.0134454,0.999759,-0.0173323],[0.00358597,0.0172855,0.999844]],"s":1.11841,"sphereCenter":[-106.648,344.836,115.094],"sphereRadius":74.4664,"t":[-11.4574,133.714,-42.3397]}],"id":344736,"pointables":[],"r":[[-0.413356,-0.884014,-0.218305],[0.909664,-0.411589,-0.0557233],[-0.040592,-0.221618,0.974288]],"s":1099.74,"t":[-1971.66,-17833.9,5639.62],"timestamp":46893203242},
{"hands":[{"direction":[-0.437563,0.799494,-0.392945],"id":1,"palmNormal":[-0.180235,-0.49247,-0.846927],"palmPosition":[-88.307,333.738,128.077],"palmVelocity":[-164.816,630.347,-440.157],"r":[[0.999906,-0.0133239,-0.00319553],[0.0132662,0.99976,-0.0174493],[0.00342726,0.0174053,0.999843]],"s":1.11881,"sphereCenter":[-107.905,354.842,116.301],"sphereRadius":76.5815,"t":[-13.9201,140.244,-46.5555]}],"id":344738,"pointables":[],"r":[[-0.414125,-0.883678,-0.218205],[0.909334,-0.41223,-0.0563661],[-0.0401414,-0.221764,0.974274]],"s":1099.74,"t":[-1974.11,-17827.3,5635.4],"timestamp":46893212810},
{"hands":[{"direction":[-0.436639,0.797461,-0.400917],"id":1,"palmNormal":[-0.20028,-0.514032,-0.828661],"palmPosition":[-90.4549,337.275,124.125],"palmVelocity":[-229.136,377.407,-421.56],"r":[[0.999908,-0.0131787,-0.00306982],[0.0131229,0.99976,-0.017543],[0.00330028,0.0175011,0.999841]],"s":1.11909,"sphereCenter":[-109.955,360.897,113.026],"sphereRadius":76.8517,"t":[-16.3198,146.176,-50.7186]}],"id":344740,"pointables":[],"r":[[-0.414741,-0.883409,-0.218125],[0.90907,-0.412743,-0.0568802],[-0.039781,-0.221881,0.974262]],"s":1099.74,"t":[-1976.51,-17821.4,5631.24],"timestamp":46893222184},
{"hands":[{"direction":[-0.441159,0.802304,-0.387549],"id":1,"palmNormal":[-0.2233,-0.506328,-0.82801],"palmPosition":[-92.2868,345.51,118.353],"palmVelocity":[-201.656,906.54,-635.442],"r":[[0.99991,-0.0130625,-0.00296926],[0.0130082,0.99976,-0.0176179],[0.00319869,0.0175777,0.99984]],"s":1.11928,"sphereCenter":[-113.01,371.289,110.485],"sphereRadius":78.3805,"t":[-18.6059,152.568,-55.2034]}],"id":344742,"pointables":[],"r":[[-0.415233,-0.883194,-0.21806],[0.908857,-0.413154,-0.0572914],[-0.0394928,-0.221975,0.974252]],"s":1099.74,"t":[-1978.79,-17815,5626.75],"timestamp":46893231268},
{"hands":[{"direction":[-0.424554,0.822342,-0.355256],"id":1,"palmNormal":[-0.256395,-0.457039,-0.842538],"palmPosition":[-96.6332,372.124,100.715],"palmVelocity":[-455.748,2790.57,-1849.46],"r":[[0.999912,-0.0129696,-0.00288883],[0.0129165,0.99976,-0.0176778],[0.00311741,0.017639,0.99984]],"s":1.11942,"sphereCenter":[-124.888,368.285,85.9369],"sphereRadius":88.263,"t":[-21.3041,163.005,-62.319]}],"id":344744,"pointables":[],"r":[[-0.415627,-0.883021,-0.218008],[0.908687,-0.413482,-0.0576204],[-0.0392622,-0.222049,0.974245]],"s":1099.74,"t":[-1981.49,-17804.5,5619.64],"timestamp":46893240805},
{"hands":[{"direction":[-0.435077,0.816144,-0.359928],"id":1,"palmNormal":[-0.331148,-0.498267,-0.77266],"palmPosition":[-83.782,335.471,108.838],"palmVelocity":[1383.34,-3945.43,874.368],"r":[[0.999913,-0.0128952,-0.00282448],[0.0128431,0.99976,-0.0177258],[0.00305238,0.017688,0.999839]],"s":1.11951,"sphereCenter":[-109.247,361.034,88.2163],"sphereRadius":89.2047,"t":[-20.8924,164.024,-66.3869]}],"id":344746,"pointables":[],"r":[[-0.415942,-0.882883,-0.217966],[0.908551,-0.413744,-0.0578835],[-0.0390778,-0.222109,0.974238]],"s":1099.74,"t":[-1981.08,-17803.5,5615.57],"timestamp":46893250095},
{"hands":[{"direction":[-0.449906,0.804059,-0.369471],"id":1,"palmNormal":[-0.335349,-0.532768,-0.752486],"palmPosition":[-91.0851,343.622,103.289],"palmVelocity":[-770.943,860.486,-585.772],"r":[[0.999914,-0.0128357,-0.00277301],[0.0127844,0.99976,-0.0177642],[0.00300036,0.0177272,0.999838]],"s":1.11958,"sphereCenter":[-115.386,360.014,79.699],"sphereRadius":88.3198,"t":[-22.0237,166.469,-70.751]}],"id":344748,"pointables":[],"r":[[-0.416194,-0.882773,-0.217933],[0.908442,-0.413954,-0.0580939],[-0.0389303,-0.222157,0.974233]],"s":1099.74,"t":[-1982.21,-17801.1,5611.2],"timestamp":46893259568},
{"hands":[{"direction":[-0.472078,0.777582,-0.390817],"id":1,"palmNormal":[-0.317635,-0.582299,-0.722796],"palmPosition":[-93.6946,342.195,99.2328],"palmVelocity":[-280.796,-153.602,-436.421],"r":[[0.999914,-0.0127881,-0.00273183],[0.0127375,0.999761,-0.0177949],[0.00295874,0.0177586,0.999838]],"s":1.11962,"sphereCenter":[-117.941,353.291,77.8583],"sphereRadius":87.7159,"t":[-23.4506,168.14,-75.0534]}],"id":344750,"pointables":[],"r":[[-0.416395,-0.882685,-0.217906],[0.908355,-0.414122,-0.0582623],[-0.0388123,-0.222196,0.974229]],"s":1099.74,"t":[-1983.63,-17799.4,5606.9],"timestamp":46893268861},
{"hands":[{"direction":[-0.467334,0.778317,-0.398909],"id":1,"palmNormal":[-0.387885,-0.593378,-0.669883],"palmPosition":[-99.1761,353.01,96.3974],"palmVelocity":[-603.159,1190,-311.996],"r":[[0.999915,-0.01275,-0.00269889],[0.0126999,0.999761,-0.0178195],[0.00292544,0.0177837,0.999838]],"s":1.11966,"sphereCenter":[-120.061,357.604,80.531],"sphereRadius":86.8879,"t":[-25.6884,171.639,-79.0625]}],"id":344752,"pointables":[],"r":[[-0.416557,-0.882614,-0.217884],[0.908285,-0.414256,-0.058397],[-0.0387179,-0.222227,0.974226]],"s":1099.74,"t":[-1985.87,-17795.9,5602.89],"timestamp":46893277949},
{"hands":[{"direction":[-0.47283,0.778488,-0.395458],"id":1,"palmNormal":[-0.376767,-0.589875,-0.687569],"palmPosition":[-85.5865,328.352,97.8655],"palmVelocity":[1415.43,-2568.27,152.908],"r":[[0.999916,-0.0127195,-0.00267254],[0.0126699,0.999761,-0.0178391],[0.00289881,0.0178038,0.999837]],"s":1.11968,"sphereCenter":[-116.631,350.323,77.7987],"sphereRadius":88.004,"t":[-24.7608,169.507,-81.9761]}],"id":344754,"pointables":[],"r":[[-0.416686,-0.882557,-0.217867],[0.908229,-0.414364,-0.0585048],[-0.0386424,-0.222251,0.974223]],"s":1099.74,"t":[-1984.94,-17798,5599.98],"timestamp":46893287550},
{"hands":[{"direction":[-0.469896,0.789331,-0.3775],"id":1,"palmNormal":[-0.345971,-0.55015,-0.733277],"palmPosition":[-97.5233,353.779,88.5718],"palmVelocity":[-1285.05,2737.4,-1000.5],"r":[[0.999916,-0.0126952,-0.00265146],[0.0126458,0.999761,-0.0178548],[0.0028775,0.0178198,0.999837]],"s":1.1197,"sphereCenter":[-118.843,358.907,79.1032],"sphereRadius":88.3418,"t":[-26.406,172.887,-86.1657]}],"id":344756,"pointables":[],"r":[[-0.416789,-0.882512,-0.217853],[0.908184,-0.41445,-0.0585909],[-0.038582,-0.222271,0.974221]],"s":1099.74,"t":[-1986.59,-17794.6,5595.79],"timestamp":46893296839},
{"hands":[{"direction":[-0.477044,0.797463,-0.347093],"id":1,"palmNormal":[-0.319181,-0.501463,-0.77749],"palmPosition":[-110.604,369.723,80.5955],"palmVelocity":[-1397.81,1703.77,-852.352],"r":[[0.999916,-0.0126757,-0.0026346],[0.0126266,0.999761,-0.0178674],[0.00286045,0.0178327,0.999837]],"s":1.11971,"sphereCenter":[-121.868,373.802,76.6365],"sphereRadius":87.6976,"t":[-30.3384,178.78,-91.1126]}],"id":344758,"pointables":[],"r":[[-0.416871,-0.882476,-0.217842],[0.908148,-0.414518,-0.0586599],[-0.0385337,-0.222287,0.97422]],"s":1099.74,"t":[-1990.52,-17788.7,5590.84],"timestamp":46893306197},
{"hands":[{"direction":[-0.484234,0.79079,-0.355213],"id":1,"palmNormal":[-0.338802,-0.53262,-0.751411],"palmPosition":[-85.8594,327.923,86.5889],"palmVelocity":[2669.9,-4510.22,646.673],"r":[[0.999916,-0.0126601,-0.00262111],[0.0126112,0.999761,-0.0178775],[0.00284681,0.0178429,0.999837]],"s":1.11971,"sphereCenter":[-107.609,366.774,74.3639],"sphereRadius":89.7079,"t":[-28.5353,175.134,-93.8715]}],"id":344760,"pointables":[],"r":[[-0.416937,-0.882447,-0.217833],[0.90812,-0.414573,-0.0587151],[-0.0384951,-0.222299,0.974218]],"s":1099.74,"t":[-1988.71,-17792.4,5588.08],"timestamp":46893315465},
{"hands":[{"direction":[-0.501556,0.771232,-0.371133],"id":1,"palmNormal":[-0.280042,-0.55457,-0.759069],"palmPosition":[-110.338,354.334,74.4501],"palmVelocity":[-2583.99,2788.08,-1281.41],"r":[[0.999917,-0.0126476,-0.00261031],[0.0125989,0.999761,-0.0178855],[0.0028359,0.0178512,0.999837]],"s":1.11972,"sphereCenter":[-113.015,376.636,74.6879],"sphereRadius":88.7203,"t":[-31.9885,177.499,-98.5064]}],"id":344762,"pointables":[],"r":[[-0.41699,-0.882423,-0.217826],[0.908097,-0.414617,-0.0587592],[-0.0384641,-0.222309,0.974217]],"s":1099.74,"t":[-1992.17,-17790,5583.45],"timestamp":46893324938},
{"hands":[{"direction":[-0.359159,0.572879,-0.465026],"id":1,"palmNormal":[-0.384773,-0.608938,-0.530101],"palmPosition":[-118.279,376.772,63.6396],"palmVelocity":[-861.856,2435.24,-1173.27],"r":[[0.999917,-0.0126376,-0.00260168],[0.0125891,0.999761,-0.017892],[0.00282717,0.0178577,0.999837]],"s":1.11972,"sphereCenter":[-111.519,389.304,99.1993],"sphereRadius":104.359,"t":[-36.3393,183.879,-104.376]}],"id":344764,"pointables":[],"r":[[-0.417032,-0.882405,-0.217821],[0.908078,-0.414653,-0.0587945],[-0.0384394,-0.222318,0.974216]],"s":1099.74,"t":[-1996.52,-17783.6,5577.58],"timestamp":46893334152},
{"hands":[{"direction":[-0.38221,0.608798,-0.452687],"id":1,"palmNormal":[-0.356164,-0.598183,-0.595185],"palmPosition":[-99.5676,341.231,68.1954],"palmVelocity":[1952.73,-3709.16,475.456],"r":[[0.999917,-0.0126296,-0.00259477],[0.0125812,0.999761,-0.0178971],[0.00282019,0.017863,0.999836]],"s":1.11973,"sphereCenter":[-113.038,380.623,92.125],"sphereRadius":102.455,"t":[-36.0777,181.875,-108.161]}],"id":344766,"pointables":[],"r":[[-0.417066,-0.88239,-0.217816],[0.908064,-0.414681,-0.0588227],[-0.0384196,-0.222324,0.974216]],"s":1099.74,"t":[-1996.26,-17785.6,5573.79],"timestamp":46893343734},
