[
{"hands":[],"id":217088,"pointables":[],"r":[[0.676459,-0.148683,0.721316],[-0.37262,-0.913899,0.161067],[0.635262,-0.377732,-0.673617]],"s":970.157,"t":[2938.48,-23387.9,10727.5],"timestamp":5904585223},
{"hands":[],"id":217089,"pointables":[],"r":[[0.676459,-0.148683,0.721316],[-0.37262,-0.913899,0.161067],[0.635262,-0.377732,-0.673617]],"s":970.157,"t":[2938.48,-23387.9,10727.5],"timestamp":5904594027},
{"hands":[],"id":217090,"pointables":[],"r":[[0.676459,-0.148683,0.721316],[-0.37262,-0.913899,0.161067],[0.635262,-0.377732,-0.673617]],"s":970.157,"t":[2938.48,-23387.9,10727.5],"timestamp":5904602650},
{"hands":[],"id":217091,"pointables":[],"r":[[0.676459,-0.148683,0.721316],[-0.37262,-0.913899,0.161067],[0.635262,-0.377732,-0.673617]],"s":970.157,"t":[2938.48,-23387.9,10727.5],"timestamp":5904611368},
{"hands":[],"id":217092,"pointables":[],"r":[[0.676459,-0.148683,0.721316],[-0.37262,-0.913899,0.161067],[0.635262,-0.377732,-0.673617]],"s":970.157,"t":[2938.48,-23387.9,10727.5],"timestamp":5904619979},
{"hands":[],"id":217093,"pointables":[],"r":[[0.676459,-0.148683,0.721316],[-0.37262,-0.913899,0.161067],[0.635262,-0.377732,-0.673617]],"s":970.157,"t":[2938.48,-23387.9,10727.5],"timestamp":5904628935},
{"hands":[],"id":217094,"pointables":[{"direction":[-0.431827,0.485784,-0.75996],"handId":3,"id":5,"length":27.6328,"tipPosition":[-6.41379,126.682,154.702],"tipVelocity":[-50.916,111.303,-117.308],"tool":false}],"r":[[0.676459,-0.148683,0.721316],[-0.37262,-0.913899,0.161067],[0.635262,-0.377732,-0.673617]],"s":970.157,"t":[2938.26,-23387.4,10727],"timestamp":5904637403},
{"hands":[],"id":217095,"pointables":[{"direction":[-0.435674,0.491953,-0.753771],"handId":3,"id":5,"length":28.859,"tipPosition":[-6.8536,127.657,153.706],"tipVelocity":[-50.9099,112.851,-115.216],"tool":false}],"r":[[0.676459,-0.148683,0.721316],[-0.37262,-0.913899,0.161067],[0.635262,-0.377732,-0.673617]],"s":970.157,"t":[2937.93,-23386.7,10726.3],"timestamp":5904646042},
{"hands":[],"id":217096,"pointables":[{"direction":[-0.437986,0.492964,-0.751768],"handId":6,"id":5,"length":29.9585,"tipPosition":[-7.27955,128.642,152.69],"tipVelocity":[-49.3287,114.152,-117.721],"tool":false}],"r":[[0.676459,-0.148683,0.721316],[-0.37262,-0.913899,0.161067],[0.635262,-0.377732,-0.673617]],"s":970.157,"t":[2937.56,-23385.8,10725.4],"timestamp":5904654677},
{"hands":[],"id":217097,"pointables":[{"direction":[-0.44152,0.501446,-0.744051],"handId":6,"id":5,"length":31.1124,"tipPosition":[-7.74119,129.687,151.626],"tipVelocity":[-52.4886,118.735,-120.913],"tool":false}],"r":[[0.676459,-0.148683,0.721316],[-0.37262,-0.913899,0.161067],[0.635262,-0.377732,-0.673617]],"s":970.157,"t":[2937.14,-23384.9,10724.4],"timestamp":5904663472},
{"hands":[],"id":217098,"pointables":[{"direction":[-0.565258,-0.243713,-0.788091],"handId":1,"id":2,"length":56.4375,"tipPosition":[15.3648,145.728,108.399],"tipVelocity":[-241.233,393.815,-221.959],"tool":false},{"direction":[-0.444574,0.505117,-0.739737],"handId":6,"id":5,"length":32.3022,"tipPosition":[-8.19335,130.773,150.569],"tipVelocity":[-52.5216,126.119,-122.798],"tool":false}],"r":[[0.683096,-0.145759,0.715636],[-0.372717,-0.912247,0.169965],[0.628062,-0.382832,-0.677478]],"s":970.16,"t":[2936.3,-23383.3,10723.2],"timestamp":5904672081},
{"hands":[],"id":217099,"pointables":[{"direction":[-0.565774,-0.246644,-0.786808],"handId":1,"id":2,"length":57.0852,"tipPosition":[13.6306,148.891,106.351],"tipVelocity":[-197.451,360.128,-233.109],"tool":false},{"direction":[-0.446824,0.505716,-0.73797],"handId":6,"id":5,"length":33.3628,"tipPosition":[-8.69007,131.923,149.387],"tipVelocity":[-56.5548,130.991,-134.666],"tool":false}],"r":[[0.693627,-0.141065,0.706386],[-0.372697,-0.909458,0.184346],[0.616424,-0.391136,-0.683399]],"s":970.166,"t":[2935.32,-23381.4,10721.8],"timestamp":5904680864},
{"hands":[],"id":217100,"pointables":[{"direction":[-0.565599,-0.247438,-0.786684],"handId":1,"id":2,"length":59.0737,"tipPosition":[12.1925,151.95,104.234],"tipVelocity":[-168.243,357.811,-247.753],"tool":false},{"direction":[-0.450025,0.508955,-0.733786],"handId":6,"id":5,"length":34.2558,"tipPosition":[-9.23947,133.202,148.139],"tipVelocity":[-64.2725,149.591,-145.968],"tool":false}],"r":[[0.705994,-0.13546,0.695143],[-0.372442,-0.905865,0.201733],[0.602378,-0.401323,-0.689986]],"s":970.176,"t":[2934.33,-23379.4,10720.2],"timestamp":5904689412},
{"hands":[],"id":217101,"pointables":[{"direction":[-0.564753,-0.250329,-0.786378],"handId":1,"id":2,"length":59.3056,"tipPosition":[10.9176,154.782,101.841],"tipVelocity":[-145.568,323.422,-273.162],"tool":false},{"direction":[-0.45231,0.509937,-0.731697],"handId":6,"id":5,"length":35.0302,"tipPosition":[-9.76252,134.476,146.844],"tipVelocity":[-59.7224,145.536,-147.803],"tool":false}],"r":[[0.719309,-0.129732,0.68247],[-0.371586,-0.901907,0.220198],[0.586958,-0.411986,-0.696956]],"s":970.19,"t":[2933.39,-23377.3,10718.5],"timestamp":5904698170},
{"hands":[],"id":217102,"pointables":[{"direction":[-0.562818,-0.253992,-0.78659],"handId":1,"id":2,"length":61.2321,"tipPosition":[10.0846,157.52,99.7129],"tipVelocity":[-95.9245,315.312,-245.082],"tool":false},{"direction":[-0.454316,0.509701,-0.730617],"handId":6,"id":5,"length":35.7164,"tipPosition":[-10.3433,135.837,145.401],"tipVelocity":[-66.8748,156.67,-166.219],"tool":false}],"r":[[0.731611,-0.124003,0.67035],[-0.370834,-0.897498,0.238702],[0.572038,-0.423226,-0.702604]],"s":970.204,"t":[2932.56,-23375.3,10716.8],"timestamp":5904706854},
{"hands":[],"id":217103,"pointables":[{"direction":[-0.558905,-0.25788,-0.788113],"handId":1,"id":2,"length":62.7259,"tipPosition":[9.1657,159.968,97.1326],"tipVelocity":[-105.389,280.701,-295.947],"tool":false},{"direction":[-0.45623,0.510744,-0.728694],"handId":6,"id":5,"length":36.3439,"tipPosition":[-10.9564,137.281,143.877],"tipVelocity":[-70.3202,165.634,-174.79],"tool":false}],"r":[[0.743228,-0.118993,0.658372],[-0.369494,-0.893374,0.255651],[0.557751,-0.433271,-0.707947]],"s":970.221,"t":[2931.77,-23373.3,10714.9],"timestamp":5904715573},
{"hands":[],"id":217104,"pointables":[{"direction":[-0.554806,-0.263713,-0.789079],"handId":1,"id":2,"length":63.4606,"tipPosition":[8.6103,162.195,94.8568],"tipVelocity":[-64.7918,259.758,-265.493],"tool":false},{"direction":[-0.458222,0.511142,-0.727163],"handId":6,"id":5,"length":37.7927,"tipPosition":[-11.6368,138.837,142.216],"tipVelocity":[-79.3747,181.503,-193.758],"tool":false}],"r":[[0.752843,-0.114709,0.648128],[-0.368293,-0.889531,0.270362],[0.545517,-0.442241,-0.711923]],"s":970.236,"t":[2931.06,-23371.4,10712.9],"timestamp":5904724145},
{"hands":[],"id":217105,"pointables":[{"direction":[-0.549839,-0.270255,-0.790342],"handId":1,"id":2,"length":66.1668,"tipPosition":[7.80711,164.14,92.0123],"tipVelocity":[-90.797,219.878,-321.554],"tool":false},{"direction":[-0.460862,0.513748,-0.72365],"handId":6,"id":5,"length":39.2169,"tipPosition":[-12.3331,140.416,140.473],"tipVelocity":[-78.7159,178.504,-197.092],"tool":false}],"r":[[0.761529,-0.111585,0.638453],[-0.366435,-0.886645,0.282111],[0.534601,-0.448787,-0.716095]],"s":970.253,"t":[2930.33,-23369.5,10710.8],"timestamp":5904732991},
{"hands":[],"id":217106,"pointables":[{"direction":[-0.544932,-0.274281,-0.792351],"handId":1,"id":2,"length":65.1044,"tipPosition":[7.17888,166.086,89.3674],"tipVelocity":[-73.4169,227.412,-309.093],"tool":false},{"direction":[-0.463839,0.516585,-0.719718],"handId":6,"id":5,"length":41.05,"tipPosition":[-13.0438,141.968,138.565],"tipVelocity":[-83.0561,181.389,-222.881],"tool":false}],"r":[[0.768848,-0.109134,0.63005],[-0.36461,-0.88427,0.291764],[0.525293,-0.454045,-0.71966]],"s":970.268,"t":[2929.63,-23367.7,10708.6],"timestamp":5904741548},
{"hands":[],"id":217107,"pointables":[{"direction":[-0.540411,-0.277633,-0.794277],"handId":1,"id":2,"length":65.5371,"tipPosition":[6.52418,167.948,86.625],"tipVelocity":[-74.2884,211.343,-311.176],"tool":false},{"direction":[-0.466681,0.51755,-0.717183],"handId":6,"id":5,"length":43.0794,"tipPosition":[-13.7884,143.537,136.504],"tipVelocity":[-84.4878,178.078,-233.936],"tool":false}],"r":[[0.774987,-0.107275,0.622806],[-0.362842,-0.882404,0.299513],[0.517437,-0.458099,-0.722776]],"s":970.282,"t":[2928.94,-23365.9,10706.3],"timestamp":5904750361},
{"hands":[],"id":217108,"pointables":[{"direction":[-0.535933,-0.280217,-0.796401],"handId":1,"id":2,"length":65.8699,"tipPosition":[5.71731,169.431,83.5259],"tipVelocity":[-95.4086,175.382,-366.452],"tool":false},{"direction":[-0.469122,0.517228,-0.715821],"handId":1,"id":5,"length":44.121,"tipPosition":[-14.5145,145.098,134.345],"tipVelocity":[-85.863,184.503,-255.261],"tool":false}],"r":[[0.780513,-0.106388,0.616021],[-0.360587,-0.881579,0.304623],[0.510663,-0.459891,-0.726446]],"s":970.296,"t":[2928.2,-23364.3,10703.9],"timestamp":5904758818},
{"hands":[],"id":217109,"pointables":[{"direction":[-0.531354,-0.283415,-0.798335],"handId":1,"id":2,"length":66.339,"tipPosition":[5.31448,171.025,81.1128],"tipVelocity":[-45.8799,181.515,-274.845],"tool":false},{"direction":[-0.472233,0.518258,-0.713025],"handId":1,"id":5,"length":45.0232,"tipPosition":[-15.3045,146.719,131.953],"tipVelocity":[-89.968,184.598,-272.425],"tool":false}],"r":[[0.78415,-0.105688,0.611505],[-0.359134,-0.880901,0.30828],[0.506094,-0.46135,-0.728715]],"s":970.306,"t":[2927.54,-23362.7,10701.4],"timestamp":5904767598},
{"hands":[],"id":217110,"pointables":[{"direction":[-0.527226,-0.28575,-0.800238],"handId":1,"id":2,"length":66.6048,"tipPosition":[4.7219,172.292,78.2609],"tipVelocity":[-68.5064,146.425,-329.702],"tool":false},{"direction":[-0.474724,0.517504,-0.711918],"handId":1,"id":5,"length":45.7645,"tipPosition":[-16.0848,148.304,129.324],"tipVelocity":[-90.2112,183.236,-303.926],"tool":false}],"r":[[0.786682,-0.105552,0.608268],[-0.357842,-0.88084,0.309952],[0.503071,-0.461498,-0.730712]],"s":970.314,"t":[2926.86,-23361.2,10698.9],"timestamp":5904776248},
{"hands":[],"id":217111,"pointables":[{"direction":[-0.52339,-0.285935,-0.802686],"handId":1,"id":2,"length":66.8694,"tipPosition":[4.11183,173.284,75.2152],"tipVelocity":[-69.7788,113.534,-348.357],"tool":false},{"direction":[-0.477464,0.51829,-0.709509],"handId":1,"id":5,"length":46.4025,"tipPosition":[-16.8264,149.924,126.601],"tipVelocity":[-84.8217,185.336,-311.473],"tool":false}],"r":[[0.788376,-0.106233,0.605952],[-0.356413,-0.881705,0.309136],[0.501431,-0.459685,-0.732978]],"s":970.319,"t":[2926.19,-23359.7,10696.1],"timestamp":5904784991},
{"hands":[],"id":217112,"pointables":[{"direction":[-0.519503,-0.286665,-0.804947],"handId":1,"id":2,"length":67.0782,"tipPosition":[3.38142,174.06,71.8786],"tipVelocity":[-84.9602,90.2875,-388.109],"tool":false},{"direction":[-0.480002,0.51689,-0.708818],"handId":1,"id":5,"length":47.0544,"tipPosition":[-17.5119,151.471,123.709],"tipVelocity":[-79.7416,179.909,-336.412],"tool":false}],"r":[[0.78975,-0.107798,0.603883],[-0.354551,-0.883564,0.305955],[0.500588,-0.455736,-0.736014]],"s":970.324,"t":[2925.49,-23358.4,10693.2],"timestamp":5904793588},
{"hands":[{"direction":[-0.180843,0.520002,-0.77792],"id":1,"palmNormal":[-0.548885,-0.680682,-0.410095],"palmPosition":[45.1411,150.765,109.875],"palmVelocity":[-83.9544,23.2948,-189.504],"r":[[1,0,0],[0,1,0],[0,0,1]],"s":1,"sphereCenter":[27.2163,125.431,103.55],"sphereRadius":56.5257,"t":[0,0,0]}],"id":217113,"pointables":[{"direction":[-0.515331,-0.29066,-0.806195],"handId":1,"id":2,"length":67.2374,"tipPosition":[2.78884,174.719,68.7007],"tipVelocity":[-67.4692,75.0321,-361.819],"tool":false},{"direction":[-0.48255,0.516359,-0.707473],"handId":1,"id":5,"length":47.634,"tipPosition":[-18.2148,153.074,120.597],"tipVelocity":[-80.0307,182.531,-354.294],"tool":false}],"r":[[0.790291,-0.110024,0.602773],[-0.352641,-0.886165,0.300592],[0.501084,-0.450117,-0.739127]],"s":970.326,"t":[2924.82,-23357.2,10690.2],"timestamp":5904802371},
{"hands":[{"direction":[-0.174899,0.544447,-0.766687],"id":1,"palmNormal":[-0.542196,-0.675523,-0.435106],"palmPosition":[44.4265,151.052,107.826],"palmVelocity":[-84.6272,34.0535,-242.736],"r":[[0.999998,0.00115778,-0.00140767],[-0.00115581,0.999998,0.00139772],[0.00140929,-0.00139609,0.999998]],"s":0.997009,"sphereCenter":[26.7424,126.038,101.289],"sphereRadius":56.8305,"t":[-0.251713,0.630763,-1.48742]}],"id":217114,"pointables":[{"direction":[-0.512138,-0.293202,-0.807309],"handId":1,"id":2,"length":70.1741,"tipPosition":[2.41543,175.631,65.9975],"tipVelocity":[-44.2228,107.933,-320.14],"tool":false},{"direction":[-0.485033,0.51693,-0.705356],"handId":1,"id":5,"length":48.0454,"tipPosition":[-18.8483,154.685,117.351],"tipVelocity":[-75.016,190.865,-384.465],"tool":false}],"r":[[0.789613,-0.112191,0.603262],[-0.351317,-0.888712,0.294563],[0.503079,-0.444526,-0.741153]],"s":970.324,"t":[2924.24,-23356,10687.2],"timestamp":5904810815},
{"hands":[{"direction":[-0.169302,0.567746,-0.754867],"id":1,"palmNormal":[-0.536415,-0.669015,-0.458666],"palmPosition":[43.7748,151.159,106.065],"palmVelocity":[-73.0888,11.9503,-197.428],"r":[[0.999987,0.00350571,-0.00379606],[-0.00348793,0.999983,0.00467837],[0.0038124,-0.00466507,0.999982]],"s":0.99135,"sphereCenter":[26.3588,126.567,99.1363],"sphereRadius":57.1228,"t":[-0.622085,1.51244,-3.79189]}],"id":217115,"pointables":[{"direction":[-0.509053,-0.296743,-0.807966],"handId":1,"id":2,"length":70.3209,"tipPosition":[2.02456,176.289,63.1539],"tipVelocity":[-43.8387,73.8321,-318.927],"tool":false},{"direction":[-0.487721,0.516861,-0.70355],"handId":1,"id":5,"length":48.3549,"tipPosition":[-19.4355,156.292,113.951],"tipVelocity":[-65.8586,180.226,-381.278],"tool":false}],"r":[[0.787935,-0.114624,0.604996],[-0.35027,-0.891506,0.287277],[0.506429,-0.438268,-0.742598]],"s":970.319,"t":[2923.7,-23354.8,10684.1],"timestamp":5904819731},
{"hands":[{"direction":[-0.162679,0.590181,-0.742534],"id":1,"palmNormal":[-0.531287,-0.660696,-0.481681],"palmPosition":[43.1754,151.185,104.525],"palmVelocity":[-71.3362,3.15976,-183.252],"r":[[0.99996,0.0067733,-0.00584632],[-0.00671207,0.999923,0.0104301],[0.00591652,-0.0103904,0.999929]],"s":0.98439,"sphereCenter":[26.0561,127.138,96.9095],"sphereRadius":57.3327,"t":[-1.04444,2.42466,-6.61828]}],"id":217116,"pointables":[{"direction":[-0.505784,-0.299685,-0.808933],"handId":1,"id":2,"length":70.4897,"tipPosition":[1.52431,176.666,59.9309],"tipVelocity":[-59.5323,44.8156,-383.562],"tool":false},{"direction":[-0.489666,0.513933,-0.704344],"handId":1,"id":5,"length":48.6815,"tipPosition":[-19.8839,157.801,110.477],"tipVelocity":[-53.3671,179.573,-413.374],"tool":false}],"r":[[0.786025,-0.117748,0.606877],[-0.348911,-0.894886,0.27828],[0.510319,-0.430481,-0.744487]],"s":970.313,"t":[2923.19,-23353.8,10680.9],"timestamp":5904828134},
{"hands":[{"direction":[-0.160771,0.608516,-0.732366],"id":1,"palmNormal":[-0.523306,-0.657326,-0.500253],"palmPosition":[42.7291,150.853,103.288],"palmVelocity":[-50.0883,-37.2622,-138.891],"r":[[0.999906,0.0110254,-0.0081994],[-0.0108747,0.999775,0.0181941],[0.00839815,-0.0181032,0.999801]],"s":0.975162,"sphereCenter":[25.8247,127.32,94.9867],"sphereRadius":57.7355,"t":[-1.48057,3.31934,-9.76427]}],"id":217117,"pointables":[{"direction":[-0.503027,-0.302912,-0.809449],"handId":1,"id":2,"length":70.597,"tipPosition":[1.07699,176.929,56.7483],"tipVelocity":[-50.1986,29.5247,-357.15],"tool":false},{"direction":[-0.491962,0.511976,-0.704169],"handId":1,"id":5,"length":48.8365,"tipPosition":[-20.3364,159.292,106.729],"tipVelocity":[-50.7761,167.338,-420.671],"tool":false}],"r":[[0.783547,-0.121393,0.609358],[-0.347443,-0.898666,0.267735],[0.515108,-0.4215,-0.746325]],"s":970.304,"t":[2922.72,-23352.8,10677.6],"timestamp":5904837045},
{"hands":[{"direction":[-0.160701,0.626222,-0.721169],"id":1,"palmNormal":[-0.515912,-0.653157,-0.5178],"palmPosition":[42.2296,150.667,101.655],"palmVelocity":[-59.1127,-22.0217,-193.234],"r":[[0.999809,0.0162543,-0.010879],[-0.0159456,0.999484,0.0278899],[0.0113268,-0.0277111,0.999552]],"s":0.963754,"sphereCenter":[25.6394,127.705,93.0575],"sphereRadius":57.9451,"t":[-1.9199,4.21868,-13.0893]}],"id":217118,"pointables":[{"direction":[-0.500192,-0.307968,-0.809298],"handId":1,"id":2,"length":70.7349,"tipPosition":[0.629324,177.169,53.5776],"tipVelocity":[-52.9845,28.4223,-375.277],"tool":false},{"direction":[-0.493959,0.510305,-0.703984],"handId":1,"id":5,"length":48.8464,"tipPosition":[-20.7738,160.86,102.892],"tipVelocity":[-51.7718,185.572,-454.169],"tool":false}],"r":[[0.780491,-0.125587,0.612423],[-0.345826,-0.902815,0.255594],[0.520805,-0.411281,-0.748071]],"s":970.293,"t":[2922.26,-23351.8,10674.1],"timestamp":5904845494},
{"hands":[{"direction":[-0.161682,0.641621,-0.711181],"id":1,"palmNormal":[-0.51078,-0.649713,-0.531646],"palmPosition":[41.7819,150.641,99.6972],"palmVelocity":[-50.8753,-3.02655,-222.475],"r":[[0.999669,0.0216638,-0.0139053],[-0.0211271,0.999068,0.0376447],[0.0147079,-0.0373385,0.999194]],"s":0.95033,"sphereCenter":[25.4877,128.17,91.1295],"sphereRadius":58.0657,"t":[-2.32405,5.10235,-16.5234]}],"id":217119,"pointables":[{"direction":[-0.49734,-0.315647,-0.808096],"handId":1,"id":2,"length":70.6922,"tipPosition":[0.217233,177.587,50.4752],"tipVelocity":[-46.8232,47.4966,-352.505],"tool":false},{"direction":[-0.495567,0.507543,-0.704849],"handId":1,"id":5,"length":48.9087,"tipPosition":[-21.0996,162.178,98.9074],"tipVelocity":[-37.0217,149.752,-452.694],"tool":false}],"r":[[0.777133,-0.12965,0.615837],[-0.344344,-0.906675,0.243653],[0.526775,-0.401411,-0.749252]],"s":970.28,"t":[2921.84,-23350.9,10670.7],"timestamp":5904854295},
{"hands":[{"direction":[-0.167404,0.655287,-0.700752],"id":1,"palmNormal":[-0.506118,-0.647871,-0.542467],"palmPosition":[41.2642,150.679,97.4497],"palmVelocity":[-58.5129,4.37055,-254.04],"r":[[0.999475,0.0274344,-0.0172578],[-0.0265813,0.9985,0.047859],[0.0185449,-0.0473751,0.998705]],"s":0.936155,"sphereCenter":[25.4867,128.95,89.2745],"sphereRadius":57.932,"t":[-2.69686,6.00435,-20.0356]}],"id":217120,"pointables":[{"direction":[-0.492115,-0.327566,-0.80655],"handId":1,"id":2,"length":70.6351,"tipPosition":[-0.130425,178.028,47.2555],"tipVelocity":[-39.2967,49.899,-363.925],"tool":false},{"direction":[-0.497283,0.505917,-0.70481],"handId":1,"id":5,"length":48.9902,"tipPosition":[-21.4349,163.578,94.9466],"tipVelocity":[-37.8993,158.158,-447.703],"tool":false}],"r":[[0.773418,-0.13378,0.619619],[-0.342893,-0.910418,0.231438],[0.53315,-0.391462,-0.750006]],"s":970.266,"t":[2921.46,-23350,10667.1],"timestamp":5904863142},
{"hands":[{"direction":[-0.176135,0.656403,-0.701826],"id":1,"palmNormal":[-0.504213,-0.657496,-0.53613],"palmPosition":[40.6972,150.89,94.2205],"palmVelocity":[-66.751,24.8068,-380.132],"r":[[0.999287,0.0320773,-0.0198924],[-0.0309188,0.99795,0.0560414],[0.0216492,-0.0553864,0.99823]],"s":0.926254,"sphereCenter":[25.4432,129.576,87.4227],"sphereRadius":57.8724,"t":[-3.01342,7.01166,-23.79]}],"id":217121,"pointables":[{"direction":[-0.498686,0.501636,-0.706876],"handId":1,"id":5,"length":49.0647,"tipPosition":[-21.6952,164.69,90.9499],"tipVelocity":[-30.6415,130.972,-470.473],"tool":false}],"r":[[0.770435,-0.137126,0.622596],[-0.34167,-0.91331,0.221646],[0.53823,-0.383486,-0.750498]],"s":970.256,"t":[2921.14,-23349,10663.3],"timestamp":5904871637},
{"hands":[{"direction":[-0.185043,0.656766,-0.70289],"id":1,"palmNormal":[-0.500235,-0.667055,-0.531024],"palmPosition":[40.1007,151.071,91.26],"palmVelocity":[-67.6432,20.4979,-335.769],"r":[[0.999117,0.0358082,-0.0219695],[-0.034372,0.997447,0.0625937],[0.0241548,-0.0617833,0.997797]],"s":0.919334,"sphereCenter":[25.3311,130.099,85.3387],"sphereRadius":57.8538,"t":[-3.38316,8.05398,-27.7906]}],"id":217122,"pointables":[{"direction":[-0.499923,0.495748,-0.710149],"handId":1,"id":5,"length":49.1361,"tipPosition":[-22.1181,165.767,86.7033],"tipVelocity":[-47.9663,122.189,-481.646],"tool":false}],"r":[[0.768042,-0.139829,0.624947],[-0.340651,-0.915558,0.2138],[0.54228,-0.377096,-0.75082]],"s":970.249,"t":[2920.77,-23348,10659.3],"timestamp":5904880454},
{"hands":[{"direction":[-0.195339,0.654759,-0.705021],"id":1,"palmNormal":[-0.495203,-0.677986,-0.524079],"palmPosition":[39.5765,150.873,88.717],"palmVelocity":[-60.7449,-22.9174,-294.669],"r":[[0.998968,0.0388034,-0.0236116],[-0.0371238,0.997005,0.0678393],[0.0261733,-0.0668927,0.997417]],"s":0.914495,"sphereCenter":[25.2193,130.222,83.6003],"sphereRadius":58.1072,"t":[-3.83173,9.15773,-31.8653]}],"id":217123,"pointables":[{"direction":[-0.501018,0.491625,-0.71224],"handId":1,"id":5,"length":49.2184,"tipPosition":[-22.6456,166.933,82.5543],"tipVelocity":[-61.1143,135.014,-480.766],"tool":false}],"r":[[0.766124,-0.142008,0.626808],[-0.339811,-0.917314,0.207515],[0.545511,-0.371979,-0.751032]],"s":970.244,"t":[2920.32,-23346.9,10655.3],"timestamp":5904889084},
{"hands":[{"direction":[-0.203403,0.655564,-0.704883],"id":1,"palmNormal":[-0.490927,-0.68491,-0.521643],"palmPosition":[39.1584,150.91,86.1336],"palmVelocity":[-49.3934,4.35158,-305.19],"r":[[0.99884,0.0412062,-0.0249127],[-0.0393182,0.996627,0.072038],[0.0277971,-0.0709749,0.997091]],"s":0.91111,"sphereCenter":[25.1133,130.451,81.4023],"sphereRadius":58.2456,"t":[-4.26485,10.0993,-35.8562]}],"id":217124,"pointables":[{"direction":[-0.502049,0.485368,-0.715796],"handId":1,"id":5,"length":49.3445,"tipPosition":[-23.0632,167.712,78.6474],"tipVelocity":[-49.3403,92.0603,-461.537],"tool":false}],"r":[[0.764586,-0.143762,0.628284],[-0.339123,-0.918693,0.202482],[0.54809,-0.367881,-0.751173]],"s":970.241,"t":[2919.89,-23345.9,10651.3],"timestamp":5904897549},
{"hands":[{"direction":[-0.209751,0.660677,-0.700667],"id":1,"palmNormal":[-0.485806,-0.686892,-0.526095],"palmPosition":[38.9012,150.732,84.0305],"palmVelocity":[-29.2571,-20.2076,-239.2],"r":[[0.999107,0.0408285,-0.0108771],[-0.0398177,0.995926,0.0809043],[0.014136,-0.0803989,0.996663]],"s":0.939801,"sphereCenter":[24.9707,130.501,78.7906],"sphereRadius":58.5532,"t":[-4.91975,10.9896,-41.322]}],"id":217125,"pointables":[{"direction":[-0.479197,-0.345017,-0.807052],"handId":1,"id":2,"length":69.4541,"tipPosition":[-1.27751,178.965,37.3612],"tipVelocity":[-26.5534,21.6832,-229.041],"tool":false},{"direction":[-0.502646,0.478987,-0.719666],"handId":1,"id":5,"length":49.4224,"tipPosition":[-23.6695,168.454,74.6602],"tipVelocity":[-68.9564,84.3648,-453.502],"tool":false}],"r":[[0.772006,-0.149614,0.617756],[-0.334637,-0.921971,0.194902],[0.540393,-0.35719,-0.761833]],"s":970.27,"t":[2919.24,-23345,10645.8],"timestamp":5904906341},
{"hands":[{"direction":[-0.213936,0.666018,-0.696573],"id":1,"palmNormal":[-0.479076,-0.687888,-0.532626],"palmPosition":[38.7589,150.544,82.0603],"palmVelocity":[-16.0851,-21.2557,-222.752],"r":[[0.999115,0.041433,0.00729246],[-0.0419354,0.994694,0.093945],[-0.00336134,-0.0941676,0.995551]],"s":0.977177,"sphereCenter":[24.7667,130.436,76.1607],"sphereRadius":58.986,"t":[-5.69421,11.5959,-47.0421]}],"id":217126,"pointables":[{"direction":[-0.476373,-0.3549,-0.804434],"handId":1,"id":2,"length":69.3742,"tipPosition":[-2.14854,178.874,29.6272],"tipVelocity":[-98.4778,-10.2567,-874.387],"tool":false},{"direction":[-0.503688,0.472664,-0.723109],"handId":1,"id":5,"length":49.4773,"tipPosition":[-24.5865,169.189,70.4452],"tipVelocity":[-103.677,83.1046,-476.536],"tool":false}],"r":[[0.78094,-0.158065,0.604275],[-0.329188,-0.926338,0.18312],[0.530818,-0.341926,-0.775448]],"s":970.307,"t":[2918.46,-23344.4,10640.1],"timestamp":5904915186},
{"hands":[{"direction":[-0.214402,0.668494,-0.696308],"id":1,"palmNormal":[-0.475424,-0.68982,-0.535166],"palmPosition":[38.5501,150.607,79.2604],"palmVelocity":[-24.7685,7.48842,-332.089],"r":[[0.998817,0.0409771,0.0261943],[-0.0435283,0.993447,0.105678],[-0.0216922,-0.106694,0.994055]],"s":1.01676,"sphereCenter":[24.4986,130.443,73.1521],"sphereRadius":59.4654,"t":[-6.43329,12.1539,-52.4337]}],"id":217127,"pointables":[{"direction":[-0.470514,-0.362787,-0.804364],"handId":1,"id":2,"length":69.2799,"tipPosition":[-2.81359,179.486,23.2702],"tipVelocity":[-78.881,72.4968,-754.01],"tool":false},{"direction":[-0.504504,0.465536,-0.727153],"handId":1,"id":5,"length":49.5186,"tipPosition":[-25.3288,169.597,66.6763],"tipVelocity":[-88.0488,48.4159,-447.034],"tool":false}],"r":[[0.790368,-0.165813,0.589766],[-0.324009,-0.930157,0.172703],[0.519938,-0.327588,-0.788892]],"s":970.347,"t":[2917.72,-23343.9,10634.7],"timestamp":5904923617},
{"hands":[{"direction":[-0.217723,0.669573,-0.696177],"id":1,"palmNormal":[-0.466271,-0.694245,-0.538489],"palmPosition":[38.295,150.401,76.6533],"palmVelocity":[-28.755,-23.319,-293.895],"r":[[0.998302,0.0394537,0.0428594],[-0.0441278,0.992473,0.114238],[-0.0380297,-0.115935,0.992529]],"s":1.05507,"sphereCenter":[24.1568,130.488,69.9842],"sphereRadius":60.0603,"t":[-7.19116,12.7962,-57.5177]}],"id":217128,"pointables":[{"direction":[-0.465539,-0.366827,-0.805426],"handId":1,"id":2,"length":69.1214,"tipPosition":[-3.37597,180.545,17.59],"tipVelocity":[-63.3953,119.403,-640.303],"tool":false},{"direction":[-0.506017,0.459174,-0.730141],"handId":1,"id":5,"length":49.4647,"tipPosition":[-26.3198,169.991,62.8037],"tipVelocity":[-111.707,44.4303,-436.542],"tool":false}],"r":[[0.798861,-0.171602,0.576519],[-0.319759,-0.932954,0.165383],[0.509486,-0.316465,-0.800171]],"s":970.385,"t":[2916.96,-23343.2,10629.6],"timestamp":5904932488},
{"hands":[{"direction":[-0.219919,0.666677,-0.699875],"id":1,"palmNormal":[-0.459954,-0.701044,-0.536067],"palmPosition":[38.016,150.436,73.2987],"palmVelocity":[-32.7616,4.17011,-393.966],"r":[[0.997766,0.036118,0.0561932],[-0.0425263,0.992176,0.117379],[-0.051514,-0.119506,0.991496]],"s":1.09183,"sphereCenter":[23.7856,130.77,66.2989],"sphereRadius":60.5974,"t":[-7.92682,13.6001,-62.2596]}],"id":217129,"pointables":[{"direction":[-0.458574,-0.367868,-0.808939],"handId":1,"id":2,"length":68.9934,"tipPosition":[-3.76693,182.281,12.4832],"tipVelocity":[-45.9142,203.861,-599.744],"tool":false},{"direction":[-0.507491,0.452289,-0.733408],"handId":1,"id":5,"length":49.5238,"tipPosition":[-27.3557,170.186,59.1105],"tipVelocity":[-121.659,22.8942,-433.723],"tool":false}],"r":[[0.806262,-0.174327,0.565289],[-0.316748,-0.934285,0.163652],[0.499613,-0.311,-0.808496]],"s":970.422,"t":[2916.23,-23342.4,10624.9],"timestamp":5904941003},
{"hands":[{"direction":[-0.222696,0.660925,-0.705599],"id":1,"palmNormal":[-0.451304,-0.710278,-0.531576],"palmPosition":[37.9672,149.82,71.6882],"palmVelocity":[-5.57624,-70.3813,-183.987],"r":[[0.997283,0.030832,0.0669073],[-0.0384156,0.9926,0.115196],[-0.0628604,-0.117453,0.991087]],"s":1.12962,"sphereCenter":[23.4416,131.062,62.3816],"sphereRadius":61.2611,"t":[-8.65545,14.4988,-66.82]}],"id":217130,"pointables":[{"direction":[-0.451107,-0.367373,-0.813351],"handId":1,"id":2,"length":68.7602,"tipPosition":[-4.10959,184.319,7.24532],"tipVelocity":[-39.1482,232.88,-598.412],"tool":false},{"direction":[-0.509231,0.444463,-0.736978],"handId":1,"id":5,"length":49.5923,"tipPosition":[-28.4562,170.135,55.5908],"tipVelocity":[-125.73,-5.86627,-402.117],"tool":false}],"r":[[0.813042,-0.174178,0.555541],[-0.314697,-0.934271,0.167643],[0.489825,-0.311128,-0.814414]],"s":970.46,"t":[2915.5,-23341.5,10620.3],"timestamp":5904949756},
{"hands":[{"direction":[-0.223045,0.654097,-0.712709],"id":1,"palmNormal":[-0.447326,-0.718408,-0.524507],"palmPosition":[37.9968,149.919,68.0839],"palmVelocity":[3.42661,11.4863,-416.968],"r":[[0.996908,0.0235142,0.0749825],[-0.0315155,0.993718,0.10738],[-0.0719865,-0.109411,0.991387]],"s":1.16995,"sphereCenter":[22.8933,131.55,58.0378],"sphereRadius":61.8483,"t":[-9.38022,15.4915,-71.2596]}],"id":217131,"pointables":[{"direction":[-0.447099,-0.359049,-0.81926],"handId":1,"id":2,"length":68.5735,"tipPosition":[-4.32964,186.813,2.00005],"tipVelocity":[-25.4566,288.519,-606.811],"tool":false},{"direction":[-0.511561,0.436025,-0.740396],"handId":1,"id":5,"length":49.5966,"tipPosition":[-29.678,169.814,52.1987],"tipVelocity":[-141.346,-37.0559,-392.421],"tool":false}],"r":[[0.819264,-0.171084,0.547299],[-0.313531,-0.932795,0.177742],[0.480109,-0.317213,-0.817846]],"s":970.5,"t":[2914.77,-23340.5,10615.9],"timestamp":5904958400},
{"hands":[{"direction":[-0.223339,0.648756,-0.718427],"id":1,"palmNormal":[-0.438822,-0.725984,-0.521677],"palmPosition":[37.8533,149.862,64.3976],"palmVelocity":[-16.46,-6.52823,-422.695],"r":[[0.996685,0.0144588,0.0800586],[-0.0219909,0.995328,0.0940159],[-0.0783252,-0.0954648,0.992347]],"s":1.21328,"sphereCenter":[22.2757,132.143,53.7616],"sphereRadius":62.633,"t":[-10.084,16.5808,-75.5712]}],"id":217132,"pointables":[{"direction":[-0.442021,-0.348439,-0.826563],"handId":1,"id":2,"length":68.3242,"tipPosition":[-4.33889,189.727,-3.08744],"tipVelocity":[-1.06137,334.133,-583.36],"tool":false},{"direction":[-0.514774,0.425622,-0.744214],"handId":1,"id":5,"length":49.4854,"tipPosition":[-31.0345,169.272,48.9186],"tipVelocity":[-155.54,-62.1812,-376.12],"tool":false}],"r":[[0.824686,-0.165162,0.540939],[-0.313262,-0.929698,0.193723],[0.470914,-0.329217,-0.818448]],"s":970.543,"t":[2914.07,-23339.4,10611.6],"timestamp":5904967121},
{"hands":[{"direction":[-0.21935,0.650334,-0.719263],"id":1,"palmNormal":[-0.432122,-0.72637,-0.527401],"palmPosition":[37.7118,150.347,59.6122],"palmVelocity":[-16.9013,57.9127,-571.668],"r":[[0.996628,0.00401431,0.0819511],[-0.0102191,0.997098,0.0754354],[-0.0814105,-0.0760185,0.993777]],"s":1.25961,"sphereCenter":[21.5758,132.869,49.019],"sphereRadius":63.3522,"t":[-10.7413,17.7477,-79.7709]}],"id":217133,"pointables":[{"direction":[-0.436141,-0.332146,-0.836337],"handId":1,"id":2,"length":68.0535,"tipPosition":[-4.10091,192.996,-8.01465],"tipVelocity":[28.4296,390.466,-588.604],"tool":false},{"direction":[-0.518303,0.416763,-0.746773],"handId":1,"id":5,"length":49.4551,"tipPosition":[-32.494,168.492,45.6704],"tipVelocity":[-174.348,-93.151,-388.03],"tool":false}],"r":[[0.829109,-0.156647,0.536693],[-0.313908,-0.924785,0.21502],[0.462644,-0.346747,-0.815921]],"s":970.59,"t":[2913.41,-23338.3,10607.4],"timestamp":5904975492},
{"hands":[{"direction":[-0.216447,0.651987,-0.719586],"id":1,"palmNormal":[-0.422396,-0.727275,-0.534213],"palmPosition":[37.4592,150.327,56.519],"palmVelocity":[-28.0837,-2.20045,-343.843],"r":[[0.996658,-0.00736009,0.0813499],[0.00304604,0.998588,0.0530282],[-0.0816254,-0.0526032,0.995274]],"s":1.3084,"sphereCenter":[21.093,133.591,44.2989],"sphereRadius":64.1779,"t":[-11.3449,18.8836,-83.9043]}],"id":217134,"pointables":[{"direction":[-0.429352,-0.310979,-0.847909],"handId":1,"id":2,"length":67.811,"tipPosition":[-3.73666,196.233,-12.9202],"tipVelocity":[40.4903,359.82,-545.3],"tool":false},{"direction":[-0.522477,0.407225,-0.749123],"handId":1,"id":5,"length":49.3623,"tipPosition":[-33.9581,167.465,42.4419],"tipVelocity":[-162.756,-114.177,-358.881],"tool":false}],"r":[[0.832672,-0.146234,0.534109],[-0.315211,-0.918166,0.240026],[0.455301,-0.36822,-0.810626]],"s":970.638,"t":[2912.81,-23337.1,10603.2],"timestamp":5904984488},
{"hands":[{"direction":[-0.212951,0.653346,-0.720204],"id":1,"palmNormal":[-0.41173,-0.728367,-0.541078],"palmPosition":[37.1482,150.519,52.7428],"palmVelocity":[-36.4526,22.4505,-442.692],"r":[[0.996711,-0.0191742,0.0787356],[0.01701,0.999461,0.0280662],[-0.0792313,-0.0266346,0.9965]],"s":1.35835,"sphereCenter":[20.6021,134.518,39.4128],"sphereRadius":64.9033,"t":[-11.8907,19.9456,-88.0052]}],"id":217135,"pointables":[{"direction":[-0.421504,-0.284666,-0.860988],"handId":1,"id":2,"length":67.5162,"tipPosition":[-3.26315,199.372,-17.7526],"tipVelocity":[55.5114,368.038,-566.517],"tool":false},{"direction":[-0.52694,0.39705,-0.751456],"handId":1,"id":5,"length":49.2945,"tipPosition":[-35.4075,166.302,39.1373],"tipVelocity":[-169.916,-136.331,-387.41],"tool":false}],"r":[[0.835402,-0.134562,0.532914],[-0.317042,-0.909987,0.267224],[0.448986,-0.392196,-0.802866]],"s":970.688,"t":[2912.26,-23336.1,10599.1],"timestamp":5904993018},
{"hands":[{"direction":[-0.210274,0.653573,-0.721516],"id":1,"palmNormal":[-0.401477,-0.730417,-0.546191],"palmPosition":[36.8603,150.508,49.592],"palmVelocity":[-32.5814,-1.20007,-356.583],"r":[[0.996674,-0.031162,0.0753025],[0.0310824,0.999514,0.00222965],[-0.0753354,0.000118349,0.997158]],"s":1.40898,"sphereCenter":[20.201,135.768,34.5497],"sphereRadius":65.453,"t":[-12.3791,20.8877,-92.1531]}],"id":217136,"pointables":[{"direction":[-0.409999,-0.253958,-0.876018],"handId":1,"id":2,"length":67.1626,"tipPosition":[-2.79355,202.286,-22.8212],"tipVelocity":[53.1462,329.763,-573.641],"tool":false},{"direction":[-0.531833,0.386605,-0.753452],"handId":1,"id":5,"length":49.0767,"tipPosition":[-36.7389,165.033,35.8161],"tipVelocity":[-150.684,-143.678,-375.869],"tool":false}],"r":[[0.837721,-0.122366,0.532213],[-0.318949,-0.90071,0.294947],[0.443278,-0.416832,-0.793571]],"s":970.739,"t":[2911.78,-23335.1,10595],"timestamp":5905001854},
{"hands":[{"direction":[-0.207498,0.653386,-0.723122],"id":1,"palmNormal":[-0.392885,-0.732434,-0.550118],"palmPosition":[36.6746,150.575,46.0857],"palmVelocity":[-21.4354,7.76151,-404.708],"r":[[0.996601,-0.042833,0.0703664],[0.0446499,0.998703,-0.0244529],[-0.0692278,0.0275116,0.997221]],"s":1.4577,"sphereCenter":[19.9626,137.448,29.7162],"sphereRadius":65.7342,"t":[-12.7757,21.6889,-96.1376]}],"id":217137,"pointables":[{"direction":[-0.396385,-0.216198,-0.892265],"handId":1,"id":2,"length":66.827,"tipPosition":[-2.11733,204.977,-27.1453],"tipVelocity":[78.0491,310.65,-499.086],"tool":false},{"direction":[-0.53679,0.376564,-0.755021],"handId":1,"id":5,"length":48.909,"tipPosition":[-38.0249,163.662,32.498],"tipVelocity":[-148.424,-158.258,-382.973],"tool":false}],"r":[[0.839155,-0.109801,0.532694],[-0.321389,-0.890235,0.322786],[0.43878,-0.44207,-0.782334]],"s":970.788,"t":[2911.38,-23334.3,10591],"timestamp":5905010518},
{"hands":[{"direction":[-0.2049,0.652635,-0.725088],"id":1,"palmNormal":[-0.385603,-0.734651,-0.552794],"palmPosition":[36.3547,150.748,42.0197],"palmVelocity":[-37.3081,20.0953,-474.221],"r":[[0.996447,-0.0540304,0.0646035],[0.0573667,0.997052,-0.0509523],[-0.06166,0.0544774,0.996609]],"s":1.50476,"sphereCenter":[18.6912,138.61,23.9481],"sphereRadius":66.0097,"t":[-13.1335,22.3609,-100.004]}],"id":217138,"pointables":[{"direction":[-0.37964,-0.169904,-0.909399],"handId":1,"id":2,"length":66.4496,"tipPosition":[-1.46634,207.473,-31.4415],"tipVelocity":[75.9264,291.137,-501.072],"tool":false},{"direction":[-0.541769,0.366021,-0.756647],"handId":1,"id":5,"length":48.6595,"tipPosition":[-39.314,162.251,29.2971],"tipVelocity":[-150.349,-164.501,-373.328],"tool":false}],"r":[[0.839953,-0.0972947,0.533866],[-0.324124,-0.878981,0.349767],[0.435227,-0.466826,-0.769838]],"s":970.835,"t":[2911.02,-23333.7,10587.1],"timestamp":5905019092},
{"hands":[{"direction":[-0.206882,0.646355,-0.730317],"id":1,"palmNormal":[-0.381877,-0.741344,-0.546647],"palmPosition":[36.319,150.469,38.9175],"palmVelocity":[-4.15883,-32.4838,-361.014],"r":[[0.996186,-0.0647651,0.0584741],[0.0691712,0.994647,-0.0767697],[-0.053189,0.0805217,0.995333]],"s":1.54995,"sphereCenter":[18.7182,139.969,20.708],"sphereRadius":66.4403,"t":[-13.4501,22.8638,-103.751]}],"id":217139,"pointables":[{"direction":[-0.361611,-0.113813,-0.925356],"handId":1,"id":2,"length":66.081,"tipPosition":[-0.814927,209.71,-35.597],"tipVelocity":[75.807,260.302,-483.59],"tool":false},{"direction":[-0.546617,0.355782,-0.758043],"handId":1,"id":5,"length":48.2561,"tipPosition":[-40.516,160.682,26.2001],"tipVelocity":[-139.887,-182.595,-360.416],"tool":false}],"r":[[0.840328,-0.0850304,0.535368],[-0.326979,-0.867229,0.375497],[0.432358,-0.490595,-0.75656]],"s":970.88,"t":[2910.7,-23333.2,10583.4],"timestamp":5905027685},
{"hands":[{"direction":[-0.205248,0.645311,-0.732171],"id":1,"palmNormal":[-0.375877,-0.743472,-0.548409],"palmPosition":[36.1368,150.61,34.7178],"palmVelocity":[-20.5909,15.9187,-474.653],"r":[[0.995798,-0.0750366,0.0524902],[0.0800647,0.991623,-0.101358],[-0.0444449,0.105135,0.993464]],"s":1.59332,"sphereCenter":[17.3191,140.779,14.3742],"sphereRadius":67.0238,"t":[-13.7413,23.2397,-107.437]}],"id":217140,"pointables":[{"direction":[-0.342245,-0.0498416,-0.938288],"handId":1,"id":2,"length":65.6579,"tipPosition":[-0.219341,211.792,-39.7997],"tipVelocity":[67.3131,235.298,-474.989],"tool":false},{"direction":[-0.551794,0.343828,-0.759806],"handId":1,"id":5,"length":47.8938,"tipPosition":[-41.6435,159.098,23.1514],"tipVelocity":[-127.427,-179.059,-344.564],"tool":false}],"r":[[0.84052,-0.0732266,0.536808],[-0.329726,-0.855337,0.399599],[0.429891,-0.51287,-0.743073]],"s":970.923,"t":[2910.41,-23332.8,10579.7],"timestamp":5905036533},
{"hands":[{"direction":[-0.208975,0.631605,-0.741985],"id":1,"palmNormal":[-0.372279,-0.755043,-0.533411],"palmPosition":[35.9761,148.572,36.6594],"palmVelocity":[-19.1004,-242.166,230.792],"r":[[0.995367,-0.083367,0.0479084],[0.0886329,0.988683,-0.121036],[-0.0372758,0.124722,0.991491]],"s":1.62388,"sphereCenter":[18.8564,143.532,15.2322],"sphereRadius":67.1714,"t":[-14.3653,22.5861,-110.825]}],"id":217141,"pointables":[{"direction":[-0.557181,0.331213,-0.761477],"handId":1,"id":5,"length":47.4541,"tipPosition":[-42.6002,157.415,20.0602],"tipVelocity":[-113.717,-200.051,-367.424],"tool":false}],"r":[[0.840702,-0.0637597,0.537732],[-0.331881,-0.845339,0.418637],[0.427873,-0.530412,-0.731838]],"s":970.954,"t":[2909.79,-23333.4,10576.3],"timestamp":5905044946},
{"hands":[{"direction":[-0.208691,0.626003,-0.747079],"id":1,"palmNormal":[-0.3645,-0.761009,-0.530573],"palmPosition":[36.2278,148.038,34.4315],"palmVelocity":[28.2715,-60.0615,-250.3],"r":[[0.994944,-0.0901006,0.0443761],[0.095391,0.985999,-0.136775],[-0.0314312,0.140317,0.989608]],"s":1.64537,"sphereCenter":[18.7298,144.56,11.1714],"sphereRadius":67.5497,"t":[-15.0811,21.4129,-114.109]}],"id":217142,"pointables":[{"direction":[-0.562163,0.315952,-0.764295],"handId":1,"id":5,"length":47.0295,"tipPosition":[-43.4078,155.722,16.881],"tipVelocity":[-90.7332,-190.183,-357.177],"tool":false}],"r":[[0.840864,-0.0561745,0.538324],[-0.333578,-0.837033,0.433706],[0.426232,-0.544261,-0.72257]],"s":970.975,"t":[2909.07,-23334.6,10573],"timestamp":5905053847},
{"hands":[{"direction":[-0.208095,0.620069,-0.752391],"id":1,"palmNormal":[-0.357059,-0.76696,-0.527302],"palmPosition":[36.4613,147.574,31.7307],"palmVelocity":[27.667,-54.9075,-319.967],"r":[[0.994555,-0.0955303,0.0416364],[0.100735,0.983638,-0.14936],[-0.0266867,0.152741,0.987906]],"s":1.66046,"sphereCenter":[18.707,145.472,7.32775],"sphereRadius":67.8772,"t":[-15.7469,19.9102,-117.379]}],"id":217143,"pointables":[{"direction":[-0.567767,0.297612,-0.767508],"handId":1,"id":5,"length":46.5889,"tipPosition":[-44.0237,153.89,13.6253],"tipVelocity":[-72.9619,-217.067,-385.696],"tool":false}],"r":[[0.841005,-0.0501007,0.538703],[-0.334918,-0.830195,0.445653],[0.424901,-0.555217,-0.714977]],"s":970.99,"t":[2908.41,-23336.1,10569.7],"timestamp":5905062288},
{"hands":[{"direction":[-0.205552,0.612833,-0.758992],"id":1,"palmNormal":[-0.350953,-0.773233,-0.522437],"palmPosition":[36.9279,147.16,28.699],"palmVelocity":[52.5953,-46.6539,-341.705],"r":[[0.994213,-0.0999006,0.0395003],[0.104969,0.981614,-0.159422],[-0.0228476,0.162646,0.98642]],"s":1.67105,"sphereCenter":[19.2186,146.946,4.9374],"sphereRadius":68.1656,"t":[-16.3345,18.2898,-120.681]}],"id":217144,"pointables":[{"direction":[-0.57351,0.278945,-0.770244],"handId":1,"id":5,"length":46.143,"tipPosition":[-44.533,152.152,10.2911],"tipVelocity":[-57.4034,-195.907,-375.811],"tool":false}],"r":[[0.841124,-0.0452389,0.538947],[-0.335979,-0.824601,0.455139],[0.423826,-0.563903,-0.708791]],"s":971.001,"t":[2907.82,-23337.7,10566.4],"timestamp":5905071160},
