[
{"hands":[{"direction":[-0.123514,0.418654,-0.898259],"id":3,"palmNormal":[-0.628704,-0.732895,-0.257348],"palmPosition":[40.6775,150.654,5.77194],"palmVelocity":[-75.6051,61.0507,-188.629],"r":[[0.99322,-0.0925305,-0.0703694],[0.089842,0.995134,-0.0404638],[0.0737711,0.0338673,0.9967]],"s":1.08039,"sphereCenter":[27.8293,167.668,-26.4192],"sphereRadius":67.7412,"t":[-31.1367,43.5841,-104.243]}],"id":212220,"pointables":[{"direction":[0.0318575,0.342409,-0.939011],"handId":3,"id":9,"length":39.5835,"tipPosition":[24.0071,228.258,-81.9838],"tipVelocity":[-35.8599,49.5546,-45.1972],"tool":false},{"direction":[-0.396681,0.460599,-0.794036],"handId":3,"id":2,"length":36.5899,"tipPosition":[-34.7726,201.557,-9.72551],"tipVelocity":[8.74855,35.9463,-26.5924],"tool":false}],"r":[[0.499209,-0.856399,-0.131802],[-0.863579,-0.504188,0.00515647],[-0.0708691,0.111248,-0.991263]],"s":973.076,"t":[2301.13,-23624,9984.14],"timestamp":5859497958},
{"hands":[{"direction":[-0.125186,0.42175,-0.896695],"id":3,"palmNormal":[-0.628839,-0.732373,-0.25884],"palmPosition":[40.3835,150.625,5.8839],"palmVelocity":[-33.5686,-3.28875,12.784],"r":[[0.99318,-0.0944482,-0.0683574],[0.0917491,0.994912,-0.041609],[0.0719395,0.0350535,0.996793]],"s":1.07768,"sphereCenter":[27.3598,167.847,-26.7965],"sphereRadius":67.6296,"t":[-31.3312,43.9645,-104.579]}],"id":212221,"pointables":[{"direction":[0.0310151,0.348841,-0.936668],"handId":3,"id":9,"length":39.5221,"tipPosition":[23.7551,228.378,-82.1466],"tipVelocity":[-28.7646,13.6014,-18.5803],"tool":false},{"direction":[-0.397034,0.460758,-0.793767],"handId":3,"id":2,"length":36.5298,"tipPosition":[-34.8661,202.193,-10.3082],"tipVelocity":[-10.6753,72.7032,-66.5358],"tool":false}],"r":[[0.500796,-0.855172,-0.133733],[-0.862506,-0.506012,0.00589137],[-0.0727085,0.112395,-0.991]],"s":973.074,"t":[2300.93,-23623.6,9983.8],"timestamp":5859506716},
{"hands":[{"direction":[-0.120803,0.425092,-0.895754],"id":3,"palmNormal":[-0.630422,-0.729204,-0.263767],"palmPosition":[39.758,151.043,4.53754],"palmVelocity":[-74.3172,49.5756,-159.976],"r":[[0.993168,-0.096342,-0.0658523],[0.0936625,0.994691,-0.0426392],[0.0696106,0.03618,0.996918]],"s":1.07545,"sphereCenter":[26.9197,168.003,-27.1418],"sphereRadius":67.5511,"t":[-31.4075,44.279,-104.881]}],"id":212222,"pointables":[{"direction":[0.0292363,0.351781,-0.935626],"handId":3,"id":9,"length":39.4226,"tipPosition":[23.5793,228.685,-82.495],"tipVelocity":[-20.8978,36.5302,-41.4024],"tool":false},{"direction":[-0.39729,0.455578,-0.796624],"handId":3,"id":2,"length":36.2965,"tipPosition":[-34.6068,202.383,-10.4951],"tipVelocity":[30.8107,22.54,-22.2024],"tool":false}],"r":[[0.502337,-0.853885,-0.136152],[-0.861439,-0.507819,0.00651272],[-0.0747016,0.114015,-0.990667]],"s":973.071,"t":[2300.86,-23623.3,9983.5],"timestamp":5859515132},
{"hands":[{"direction":[-0.12022,0.426806,-0.895161],"id":3,"palmNormal":[-0.631057,-0.728272,-0.265114],"palmPosition":[39.5735,150.909,4.82389],"palmVelocity":[-20.8972,-15.1631,32.4183],"r":[[0.9932,-0.0974826,-0.0636441],[0.0948685,0.994566,-0.0428854],[0.0674788,0.0365559,0.997051]],"s":1.07181,"sphereCenter":[26.4556,168.082,-27.5173],"sphereRadius":67.4749,"t":[-31.403,44.5584,-105.037]}],"id":212223,"pointables":[{"direction":[0.0269929,0.352252,-0.935516],"handId":3,"id":9,"length":39.3838,"tipPosition":[23.442,228.685,-82.3152],"tipVelocity":[-15.5438,-0.00859351,20.3606],"tool":false},{"direction":[-0.397292,0.452025,-0.798644],"handId":3,"id":2,"length":36.0583,"tipPosition":[-34.2988,202.872,-10.6951],"tipVelocity":[34.8706,55.3159,-22.6493],"tool":false}],"r":[[0.503233,-0.853012,-0.138302],[-0.860808,-0.508888,0.00650908],[-0.0759323,0.115776,-0.990369]],"s":973.068,"t":[2300.86,-23623,9983.34],"timestamp":5859523965},
{"hands":[{"direction":[-0.121769,0.430854,-0.893057],"id":3,"palmNormal":[-0.63205,-0.726765,-0.267083],"palmPosition":[39.3607,150.944,4.76541],"palmVelocity":[-24.6436,4.0755,-6.77241],"r":[[0.993315,-0.0983617,-0.0604131],[0.0958958,0.994486,-0.042451],[0.0642555,0.0363739,0.99727]],"s":1.06954,"sphereCenter":[26.3816,168.6,-27.6912],"sphereRadius":67.4335,"t":[-31.3423,44.9365,-105.384]}],"id":212224,"pointables":[{"direction":[0.0258455,0.354512,-0.934694],"handId":3,"id":9,"length":39.2745,"tipPosition":[23.3205,229.063,-83.1404],"tipVelocity":[-14.0694,43.7793,-95.5717],"tool":false},{"direction":[-0.396628,0.450348,-0.799921],"handId":3,"id":2,"length":35.8304,"tipPosition":[-33.9436,203.448,-10.9495],"tipVelocity":[41.1283,66.6906,-29.457],"tool":false}],"r":[[0.503852,-0.852126,-0.141474],[-0.860341,-0.509685,0.00587565],[-0.0771138,0.118755,-0.989925]],"s":973.065,"t":[2300.92,-23622.6,9982.99],"timestamp":5859532600},
{"hands":[{"direction":[-0.121981,0.434487,-0.891336],"id":3,"palmNormal":[-0.633448,-0.724769,-0.269313],"palmPosition":[39.2221,150.87,4.83092],"palmVelocity":[-16.1456,-8.57148,7.63431],"r":[[0.993478,-0.0986974,-0.0571027],[0.0964224,0.994483,-0.0413169],[0.0608655,0.0355414,0.997513]],"s":1.06676,"sphereCenter":[26.2757,169.028,-27.8234],"sphereRadius":67.3683,"t":[-31.2733,45.3726,-105.839]}],"id":212225,"pointables":[{"direction":[0.0241271,0.354563,-0.934721],"handId":3,"id":9,"length":39.2388,"tipPosition":[23.1695,229.319,-83.7082],"tipVelocity":[-17.5939,29.7784,-66.1697],"tool":false},{"direction":[-0.395446,0.451393,-0.799916],"handId":3,"id":2,"length":35.7178,"tipPosition":[-33.6378,204.18,-11.5059],"tipVelocity":[35.6369,85.3827,-64.8408],"tool":false}],"r":[[0.50399,-0.851495,-0.144742],[-0.860201,-0.509934,0.004658],[-0.0777752,0.12216,-0.989458]],"s":973.063,"t":[2300.99,-23622.2,9982.54],"timestamp":5859541181},
{"hands":[{"direction":[-0.121686,0.440287,-0.888483],"id":3,"palmNormal":[-0.635848,-0.721092,-0.273328],"palmPosition":[38.9464,151.082,4.10412],"palmVelocity":[-31.6629,24.3533,-83.473],"r":[[0.993661,-0.0985587,-0.0540765],[0.0964852,0.994542,-0.0397067],[0.0576948,0.0342375,0.997747]],"s":1.06306,"sphereCenter":[26.3339,169.588,-27.8585],"sphereRadius":67.3048,"t":[-31.2046,45.9211,-106.372]}],"id":212226,"pointables":[{"direction":[0.0222853,0.355394,-0.934451],"handId":3,"id":9,"length":39.1973,"tipPosition":[23.0223,229.727,-84.2007],"tipVelocity":[-16.908,46.8993,-56.5621],"tool":false},{"direction":[-0.393959,0.456389,-0.797813],"handId":3,"id":2,"length":35.6074,"tipPosition":[-33.3538,205.094,-12.2354],"tipVelocity":[32.622,104.902,-83.7841],"tool":false}],"r":[[0.503726,-0.851136,-0.147744],[-0.860342,-0.509707,0.0030678],[-0.0779173,0.125565,-0.989021]],"s":973.059,"t":[2301.06,-23621.6,9982.01],"timestamp":5859549888},
{"hands":[{"direction":[-0.122732,0.444787,-0.886118],"id":3,"palmNormal":[-0.637406,-0.718866,-0.275665],"palmPosition":[38.9025,150.978,4.21296],"palmVelocity":[-5.01187,-11.9506,12.4148],"r":[[0.993863,-0.0982581,-0.0508102],[0.0963994,0.994624,-0.037827],[0.0542538,0.0326968,0.997992]],"s":1.05825,"sphereCenter":[26.312,169.988,-28.0027],"sphereRadius":67.2054,"t":[-31.0662,46.4523,-106.712]}],"id":212227,"pointables":[{"direction":[0.019961,0.357284,-0.933782],"handId":3,"id":9,"length":39.1923,"tipPosition":[22.8734,230.02,-84.2256],"tipVelocity":[-16.9817,33.4276,-2.83576],"tool":false},{"direction":[-0.391219,0.462966,-0.795368],"handId":3,"id":2,"length":35.5287,"tipPosition":[-32.789,205.828,-12.5036],"tipVelocity":[64.4277,83.7849,-30.5869],"tool":false}],"r":[[0.503306,-0.850815,-0.150988],[-0.860585,-0.509306,0.00124365],[-0.077957,0.129312,-0.988535]],"s":973.054,"t":[2301.2,-23621.1,9981.67],"timestamp":5859558655},
{"hands":[{"direction":[-0.120216,0.448421,-0.884672],"id":3,"palmNormal":[-0.639767,-0.715406,-0.279086],"palmPosition":[38.8311,151,3.81339],"palmVelocity":[-8.15929,2.59117,-45.6912],"r":[[0.994085,-0.0979321,-0.04694],[0.0963075,0.994711,-0.0357096],[0.0501888,0.0309778,0.998259]],"s":1.05327,"sphereCenter":[26.4127,170.476,-28.156],"sphereRadius":67.122,"t":[-30.8949,46.8888,-107.032]}],"id":212228,"pointables":[{"direction":[0.0179572,0.358361,-0.933411],"handId":3,"id":9,"length":39.1024,"tipPosition":[22.7027,230.179,-84.5369],"tipVelocity":[-19.5239,18.1899,-35.6023],"tool":false},{"direction":[-0.388813,0.464932,-0.795401],"handId":3,"id":2,"length":35.4095,"tipPosition":[-32.2095,206.353,-12.7932],"tipVelocity":[66.2626,59.9758,-33.1155],"tool":false}],"r":[[0.502828,-0.850407,-0.154827],[-0.860851,-0.508856,-0.000811843],[-0.0780941,0.133691,-0.987941]],"s":973.049,"t":[2301.37,-23620.6,9981.35],"timestamp":5859567400},
{"hands":[{"direction":[-0.11915,0.452565,-0.88274],"id":3,"palmNormal":[-0.641856,-0.712335,-0.282121],"palmPosition":[38.8303,150.959,3.65655],"palmVelocity":[-0.099127,-4.8138,-18.2525],"r":[[0.994273,-0.0984812,-0.0415011],[0.0970946,0.994687,-0.0342025],[0.0446489,0.0299771,0.998553]],"s":1.04944,"sphereCenter":[26.58,170.906,-28.306],"sphereRadius":67.0386,"t":[-30.6126,47.1786,-107.161]}],"id":212229,"pointables":[{"direction":[0.0154663,0.360264,-0.932722],"handId":3,"id":9,"length":39.0254,"tipPosition":[22.5947,230.455,-84.7375],"tipVelocity":[-12.5668,32.1222,-23.3491],"tool":false},{"direction":[-0.386771,0.458782,-0.799955],"handId":3,"id":2,"length":35.2904,"tipPosition":[-31.3153,206.363,-12.4686],"tipVelocity":[104.059,1.20844,37.7709],"tool":false}],"r":[[0.503024,-0.849299,-0.16018],[-0.860609,-0.509261,-0.00244807],[-0.0794943,0.139084,-0.987085]],"s":973.045,"t":[2301.65,-23620.4,9981.22],"timestamp":5859575993},
{"hands":[{"direction":[-0.118204,0.456657,-0.880791],"id":3,"palmNormal":[-0.643915,-0.709322,-0.285014],"palmPosition":[38.9034,150.879,3.52839],"palmVelocity":[8.57845,-9.35886,-15.0417],"r":[[0.99455,-0.097829,-0.0360403],[0.0966632,0.994777,-0.0327848],[0.0390594,0.0291224,0.998812]],"s":1.04638,"sphereCenter":[26.8245,171.387,-28.4284],"sphereRadius":66.9754,"t":[-30.5074,47.4403,-107.385]}],"id":212230,"pointables":[{"direction":[-0.0535297,0.108775,-0.992624],"handId":3,"id":6,"length":28.7,"tipPosition":[54.0584,151.267,-87.3339],"tipVelocity":[-71.5486,-37.8694,-57.612],"tool":false},{"direction":[0.0130285,0.36212,-0.93204],"handId":3,"id":9,"length":38.9337,"tipPosition":[22.523,230.689,-85.0559],"tipVelocity":[-8.41245,27.4156,-37.3674],"tool":false},{"direction":[-0.384416,0.454473,-0.803541],"handId":3,"id":2,"length":35.1551,"tipPosition":[-30.6768,206.67,-12.6685],"tipVelocity":[74.9375,36.0067,-23.4683],"tool":false}],"r":[[0.502163,-0.84877,-0.165592],[-0.860967,-0.508647,-0.0037502],[-0.081045,0.144453,-0.986187]],"s":973.042,"t":[2301.76,-23620.1,9980.99],"timestamp":5859584513},
{"hands":[{"direction":[-0.112186,0.459519,-0.880022],"id":3,"palmNormal":[-0.64727,-0.704302,-0.289461],"palmPosition":[38.7248,151.131,2.37103],"palmVelocity":[-20.4177,28.8358,-132.301],"r":[[0.9949,-0.096213,-0.0302797],[0.0952594,0.994954,-0.031503],[0.0331579,0.0284579,0.999045]],"s":1.04364,"sphereCenter":[26.8717,171.629,-28.5812],"sphereRadius":66.866,"t":[-30.4657,47.6134,-107.62]}],"id":212231,"pointables":[{"direction":[-0.051421,0.165461,-0.984875],"handId":3,"id":6,"length":29.7488,"tipPosition":[53.4506,151.084,-87.791],"tipVelocity":[-69.4846,-20.9725,-52.2497],"tool":false},{"direction":[0.010077,0.362531,-0.931917],"handId":3,"id":9,"length":38.983,"tipPosition":[22.5011,230.773,-85.3011],"tipVelocity":[-2.50132,9.64965,-28.0321],"tool":false},{"direction":[-0.38211,0.449871,-0.807223],"handId":3,"id":2,"length":35.0245,"tipPosition":[-29.9107,206.994,-12.6237],"tipVelocity":[87.5755,37.058,5.12846],"tool":false}],"r":[[0.500436,-0.848652,-0.171328],[-0.861796,-0.507233,-0.00472261],[-0.0828953,0.150013,-0.985203]],"s":973.039,"t":[2301.8,-23619.9,9980.76],"timestamp":5859593261},
{"hands":[{"direction":[-0.108823,0.463183,-0.878537],"id":3,"palmNormal":[-0.649955,-0.700254,-0.293136],"palmPosition":[38.6856,151.152,1.93528],"palmVelocity":[-4.51354,2.32622,-50.1722],"r":[[0.995279,-0.0938236,-0.0248411],[0.093067,0.995207,-0.0300407],[0.0275405,0.027587,0.99924]],"s":1.04035,"sphereCenter":[26.8675,171.725,-28.8257],"sphereRadius":66.775,"t":[-30.444,47.6576,-107.87]}],"id":212232,"pointables":[{"direction":[-0.0588829,0.159973,-0.985364],"handId":3,"id":6,"length":30.1155,"tipPosition":[52.8286,150.933,-88.0568],"tipVelocity":[-71.6185,-17.361,-30.6013],"tool":false},{"direction":[0.00736148,0.36226,-0.932048],"handId":3,"id":9,"length":38.9947,"tipPosition":[22.5027,230.688,-85.5298],"tipVelocity":[0.178624,-9.74685,-26.3238],"tool":false},{"direction":[-0.379472,0.448252,-0.809365],"handId":3,"id":2,"length":34.872,"tipPosition":[-29.2441,207.321,-12.9708],"tipVelocity":[76.7604,37.6183,-39.9716],"tool":false}],"r":[[0.49804,-0.848946,-0.176767],[-0.863033,-0.505115,-0.00571229],[-0.0844382,0.155401,-0.984236]],"s":973.036,"t":[2301.82,-23619.9,9980.51],"timestamp":5859601946},
{"hands":[{"direction":[-0.107145,0.468051,-0.876152],"id":3,"palmNormal":[-0.652874,-0.696023,-0.296599],"palmPosition":[38.6319,151.189,1.44513],"palmVelocity":[-6.04151,4.19529,-55.2027],"r":[[0.995696,-0.0906232,-0.0194003],[0.0900513,0.995528,-0.0285609],[0.0219018,0.026691,0.999404]],"s":1.03648,"sphereCenter":[26.8015,171.698,-29.0194],"sphereRadius":66.6557,"t":[-30.4425,47.6231,-108.172]}],"id":212233,"pointables":[{"direction":[-0.0664505,0.160463,-0.984802],"handId":3,"id":6,"length":29.9679,"tipPosition":[52.1087,150.82,-88.5468],"tipVelocity":[-81.0792,-12.7489,-55.1893],"tool":false},{"direction":[0.00378657,0.362936,-0.931807],"handId":3,"id":9,"length":39.1714,"tipPosition":[22.4841,230.56,-85.6749],"tipVelocity":[-2.0889,-14.4872,-16.3512],"tool":false},{"direction":[-0.376896,0.443944,-0.812935],"handId":3,"id":2,"length":34.8373,"tipPosition":[-28.5232,207.777,-13.3258],"tipVelocity":[81.1903,51.4425,-39.9803],"tool":false}],"r":[[0.494924,-0.849613,-0.182229],[-0.864674,-0.502291,-0.00655249],[-0.0859649,0.160811,-0.983234]],"s":973.032,"t":[2301.82,-23619.9,9980.21],"timestamp":5859610825},
{"hands":[{"direction":[-0.104763,0.473082,-0.873708],"id":3,"palmNormal":[-0.656377,-0.691024,-0.300311],"palmPosition":[38.6259,151.319,0.5811],"palmVelocity":[-0.706721,15.3072,-101.532],"r":[[0.996146,-0.0865368,-0.0142688],[0.0861359,0.995927,-0.0266562],[0.0165174,0.0253244,0.999543]],"s":1.03231,"sphereCenter":[26.924,171.836,-29.228],"sphereRadius":66.5709,"t":[-30.4517,47.6481,-108.56]}],"id":212234,"pointables":[{"direction":[-0.07383,0.166787,-0.983225],"handId":3,"id":6,"length":30.3248,"tipPosition":[51.3143,150.682,-89.0194],"tipVelocity":[-93.3441,-16.1528,-55.5364],"tool":false},{"direction":[-0.000692241,0.363876,-0.931447],"handId":3,"id":9,"length":39.2197,"tipPosition":[22.4643,230.644,-86.0883],"tipVelocity":[-2.33516,9.9427,-48.5739],"tool":false},{"direction":[-0.37412,0.44566,-0.813278],"handId":3,"id":2,"length":34.6646,"tipPosition":[-27.8877,208.468,-14.0323],"tipVelocity":[74.675,81.118,-83.0164],"tool":false}],"r":[[0.491038,-0.85074,-0.187409],[-0.866787,-0.49862,-0.00762682],[-0.0869575,0.166189,-0.982252]],"s":973.028,"t":[2301.81,-23619.9,9979.82],"timestamp":5859619335},
{"hands":[{"direction":[-0.103352,0.477911,-0.871244],"id":3,"palmNormal":[-0.659901,-0.68638,-0.303131],"palmPosition":[38.666,151.339,0.0641247],"palmVelocity":[4.61008,2.28961,-59.4772],"r":[[0.99661,-0.0817797,-0.00898294],[0.081537,0.996364,-0.0246923],[0.0109696,0.0238761,0.999655]],"s":1.02701,"sphereCenter":[26.8727,171.736,-29.4925],"sphereRadius":66.4684,"t":[-30.4747,47.536,-108.871]}],"id":212235,"pointables":[{"direction":[-0.0858928,0.158513,-0.983614],"handId":3,"id":6,"length":31.0007,"tipPosition":[50.4573,150.433,-89.2533],"tipVelocity":[-98.6016,-28.6899,-26.911],"tool":false},{"direction":[-0.00724643,0.359654,-0.933058],"handId":3,"id":9,"length":39.1864,"tipPosition":[22.4275,230.194,-86.0139],"tipVelocity":[-4.23437,-51.8241,8.56054],"tool":false},{"direction":[-0.371668,0.445317,-0.814589],"handId":3,"id":2,"length":34.6255,"tipPosition":[-26.9849,208.766,-14.3621],"tipVelocity":[103.871,34.3559,-37.9417],"tool":false}],"r":[[0.486538,-0.852131,-0.192754],[-0.869222,-0.494347,-0.00862041],[-0.0879416,0.17174,-0.981209]],"s":973.023,"t":[2301.79,-23620,9979.51],"timestamp":5859628027},
{"hands":[{"direction":[-0.101327,0.481614,-0.869484],"id":3,"palmNormal":[-0.66391,-0.6816,-0.305068],"palmPosition":[38.8848,151.268,-0.339544],"palmVelocity":[24.7511,-8.04498,-45.6536],"r":[[0.997086,-0.0762072,-0.00347297],[0.0761111,0.996848,-0.0223713],[0.00516688,0.0220417,0.999744]],"s":1.02045,"sphereCenter":[26.8352,171.694,-29.7416],"sphereRadius":66.3898,"t":[-30.5088,47.3185,-109.179]}],"id":212236,"pointables":[{"direction":[-0.100019,0.145929,-0.984226],"handId":3,"id":6,"length":31.4558,"tipPosition":[49.5015,150.11,-89.5602],"tipVelocity":[-108.092,-36.515,-34.7089],"tool":false},{"direction":[-0.0133946,0.354052,-0.93513],"handId":3,"id":9,"length":39.1001,"tipPosition":[22.3821,229.396,-86.0755],"tipVelocity":[-5.12971,-90.2929,-6.97129],"tool":false},{"direction":[-0.368769,0.445603,-0.81575],"handId":3,"id":2,"length":34.5593,"tipPosition":[-26.0378,209.126,-14.7995],"tipVelocity":[107.104,40.7058,-49.4661],"tool":false}],"r":[[0.481286,-0.853831,-0.198334],[-0.872066,-0.48929,-0.00979591],[-0.0886788,0.177675,-0.980085]],"s":973.016,"t":[2301.75,-23620.2,9979.2],"timestamp":5859636869},
{"hands":[{"direction":[-0.0985136,0.485475,-0.867674],"id":3,"palmNormal":[-0.668774,-0.675756,-0.307164],"palmPosition":[38.9881,151.375,-1.36388],"palmVelocity":[11.982,12.4463,-118.86],"r":[[0.997568,-0.0696608,0.00232681],[0.0696926,0.997386,-0.019073],[-0.000992081,0.0191888,0.999815]],"s":1.0132,"sphereCenter":[27.0458,171.718,-30.0154],"sphereRadius":66.3755,"t":[-30.5302,46.9915,-109.621]}],"id":212237,"pointables":[{"direction":[-0.117835,0.122564,-0.985441],"handId":3,"id":6,"length":31.894,"tipPosition":[48.4209,149.674,-89.8139],"tipVelocity":[-125.388,-50.6395,-29.4357],"tool":false},{"direction":[-0.0197635,0.348067,-0.937261],"handId":3,"id":9,"length":38.9619,"tipPosition":[22.3734,228.479,-86.8017],"tipVelocity":[-1.00578,-106.385,-84.2648],"tool":false},{"direction":[-0.36521,0.44959,-0.815163],"handId":3,"id":2,"length":34.519,"tipPosition":[-25.0013,209.521,-15.374],"tipVelocity":[120.273,45.7676,-66.6662],"tool":false}],"r":[[0.47513,-0.85589,-0.204215],[-0.87544,-0.483185,-0.0117265],[-0.0886372,0.18435,-0.978856]],"s":973.009,"t":[2301.73,-23620.5,9978.76],"timestamp":5859645487},
{"hands":[{"direction":[-0.0947027,0.488698,-0.866299],"id":3,"palmNormal":[-0.674049,-0.669439,-0.309135],"palmPosition":[39.039,151.621,-2.70989],"palmVelocity":[5.92184,28.5568,-156.622],"r":[[0.998034,-0.0620703,0.00873401],[0.0621919,0.99796,-0.0144174],[-0.0078213,0.0149322,0.999858]],"s":1.00527,"sphereCenter":[27.3719,171.763,-30.2089],"sphereRadius":66.4001,"t":[-30.5077,46.5633,-109.98]}],"id":212238,"pointables":[{"direction":[-0.139477,0.0952114,-0.985637],"handId":3,"id":6,"length":31.6857,"tipPosition":[47.2683,149.144,-89.7364],"tipVelocity":[-134.123,-61.6157,9.01533],"tool":false},{"direction":[-0.0267412,0.34033,-0.939926],"handId":3,"id":9,"length":38.6232,"tipPosition":[22.44,227.142,-87.8128],"tipVelocity":[7.74151,-155.589,-117.647],"tool":false},{"direction":[-0.361828,0.444411,-0.819499],"handId":3,"id":2,"length":34.3733,"tipPosition":[-23.7036,209.802,-15.6502],"tipVelocity":[151.005,32.7576,-32.1418],"tool":false}],"r":[[0.467973,-0.858257,-0.210705],[-0.879391,-0.475872,-0.0147654],[-0.087596,0.192202,-0.977438]],"s":973.001,"t":[2301.76,-23621,9978.4],"timestamp":5859654081},
{"hands":[{"direction":[-0.0928767,0.491924,-0.864724],"id":3,"palmNormal":[-0.67971,-0.663434,-0.30944],"palmPosition":[39.2122,151.646,-3.45099],"palmVelocity":[20.1195,2.92532,-86.0544],"r":[[0.9985,-0.0526556,0.0150248],[0.0527756,0.998577,-0.0077087],[-0.0145975,0.00849008,0.999857]],"s":0.994673,"sphereCenter":[27.5619,171.589,-30.4951],"sphereRadius":66.4155,"t":[-30.4132,46.0389,-110.532]}],"id":212239,"pointables":[{"direction":[-0.166422,0.0559153,-0.984468],"handId":3,"id":6,"length":31.7002,"tipPosition":[45.7748,148.524,-89.7264],"tipVelocity":[-173.419,-72.0442,1.1634],"tool":false},{"direction":[-0.0355766,0.32553,-0.944862],"handId":3,"id":9,"length":38.0737,"tipPosition":[22.6064,225.018,-88.5587],"tipVelocity":[19.3197,-246.547,-86.6148],"tool":false},{"direction":[-0.35878,0.446681,-0.819605],"handId":3,"id":2,"length":34.3149,"tipPosition":[-22.534,210.535,-16.739],"tipVelocity":[135.809,85.0292,-126.432],"tool":false}],"r":[[0.459167,-0.861411,-0.21711],[-0.884317,-0.466482,-0.0194251],[-0.084545,0.200914,-0.975954]],"s":972.991,"t":[2301.85,-23621.5,9977.85],"timestamp":5859662693},
{"hands":[{"direction":[-0.093557,0.493596,-0.863795],"id":3,"palmNormal":[-0.686611,-0.65776,-0.305838],"palmPosition":[39.624,151.296,-3.58124],"palmVelocity":[47.1491,-40.092,-14.9139],"r":[[0.998923,-0.0406459,0.0223859],[0.0406158,0.999173,0.00180063],[-0.0224406,-0.000889474,0.999748]],"s":0.981617,"sphereCenter":[27.785,171.377,-30.6256],"sphereRadius":66.416,"t":[-30.358,45.3078,-111.135]}],"id":212240,"pointables":[{"direction":[-0.0397209,0.319833,-0.946641],"handId":3,"id":9,"length":37.138,"tipPosition":[22.6224,222.203,-89.6672],"tipVelocity":[1.83636,-322.428,-126.928],"tool":false},{"direction":[-0.205028,-0.00798459,-0.978723],"handId":3,"id":6,"length":31.9079,"tipPosition":[43.6573,147.586,-89.2352],"tipVelocity":[-242.472,-107.395,56.2454],"tool":false},{"direction":[-0.355114,0.443802,-0.82276],"handId":3,"id":2,"length":34.256,"tipPosition":[-20.8735,211.238,-17.3922],"tipVelocity":[190.145,80.587,-74.7935],"tool":false}],"r":[[0.447901,-0.865414,-0.224596],[-0.890563,-0.454101,-0.0262648],[-0.0792591,0.211781,-0.974098]],"s":972.977,"t":[2301.9,-23622.2,9977.24],"timestamp":5859671426},
{"hands":[{"direction":[-0.0977194,0.495956,-0.861975],"id":3,"palmNormal":[-0.695102,-0.651416,-0.299105],"palmPosition":[39.7192,151.304,-4.44145],"palmVelocity":[10.9974,0.977996,-99.412],"r":[[0.999193,-0.0233315,0.0327007],[0.0228975,0.999645,0.0135862],[-0.0330061,-0.0128265,0.999373]],"s":0.96516,"sphereCenter":[28.1959,171.165,-30.5981],"sphereRadius":66.4206,"t":[-30.6628,44.7279,-111.372]}],"id":212241,"pointables":[{"direction":[-0.225201,0.0497216,-0.973043],"handId":3,"id":6,"length":31.5694,"tipPosition":[40.2495,146.013,-88.142],"tipVelocity":[-393.821,-181.775,126.333],"tool":false},{"direction":[-0.350683,0.44602,-0.823461],"handId":3,"id":2,"length":34.1638,"tipPosition":[-18.7958,211.954,-18.2259],"tipVelocity":[240.115,82.7003,-96.3453],"tool":false}],"r":[[0.431532,-0.870946,-0.235017],[-0.899159,-0.436284,-0.0341937],[-0.0727532,0.226073,-0.97139]],"s":972.961,"t":[2301.6,-23622.8,9977.01],"timestamp":5859680079},
{"hands":[{"direction":[-0.101303,0.4956,-0.861816],"id":3,"palmNormal":[-0.702174,-0.646971,-0.29153],"palmPosition":[39.4183,151.713,-5.82358],"palmVelocity":[-34.9656,47.5567,-160.62],"r":[[0.998604,-0.00539411,0.0525522],[0.00462895,0.999882,0.0146709],[-0.0526251,-0.0144072,0.99851]],"s":0.942857,"sphereCenter":[25.8065,168.755,-31.4078],"sphereRadius":66.4974,"t":[-31.3179,45.9409,-112.846]}],"id":212242,"pointables":[{"direction":[-0.19434,0.157129,-0.968268],"handId":3,"id":6,"length":32.0034,"tipPosition":[35.6114,151.028,-92.2905],"tipVelocity":[-539.001,582.79,-482.096],"tool":false},{"direction":[-0.344833,0.452779,-0.822242],"handId":3,"id":2,"length":34.2284,"tipPosition":[-16.1683,212.951,-19.5004],"tipVelocity":[305.34,115.841,-148.111],"tool":false}],"r":[[0.413851,-0.874002,-0.254653],[-0.906878,-0.420206,-0.0316165],[-0.079374,0.244024,-0.966515]],"s":972.939,"t":[2300.94,-23621.6,9975.53],"timestamp":5859688684},
{"hands":[{"direction":[-0.107619,0.493914,-0.861938],"id":3,"palmNormal":[-0.70585,-0.646679,-0.283083],"palmPosition":[39.414,151.341,-4.92188],"palmVelocity":[-0.491572,-42.9952,104.135],"r":[[0.996515,0.0177146,0.0815143],[-0.0186995,0.999761,0.0113352],[-0.0812941,-0.0128199,0.996608]],"s":0.907234,"sphereCenter":[24.1139,166.462,-30.772],"sphereRadius":66.2809,"t":[-32.3512,47.7655,-113.819]}],"id":212243,"pointables":[{"direction":[-0.241496,-0.0276366,-0.970008],"handId":3,"id":6,"length":32.0354,"tipPosition":[29.1338,155.125,-92.1296],"tipVelocity":[-748.077,473.131,18.5748],"tool":false},{"direction":[-0.338799,0.452778,-0.824747],"handId":3,"id":2,"length":34.2194,"tipPosition":[-12.5136,213.726,-20.6063],"tipVelocity":[422.065,89.5538,-127.721],"tool":false}],"r":[[0.390316,-0.876113,-0.282982],[-0.916016,-0.400441,-0.0236916],[-0.092561,0.268463,-0.958833]],"s":972.903,"t":[2299.91,-23619.8,9974.56],"timestamp":5859697343},
{"hands":[{"direction":[-0.117304,0.495147,-0.859651],"id":3,"palmNormal":[-0.707787,-0.647751,-0.275927],"palmPosition":[39.6797,150.667,-3.25595],"palmVelocity":[29.8513,-75.7255,187.161],"r":[[0.99104,0.0576825,0.12047],[-0.0608339,0.997891,0.022644],[-0.11891,-0.0297698,0.992459]],"s":0.858511,"sphereCenter":[23.9442,165.166,-28.3722],"sphereRadius":65.6293,"t":[-33.9515,48.8219,-113.212]}],"id":212244,"pointables":[{"direction":[-0.335587,-0.137463,-0.931925],"handId":3,"id":6,"length":31.6488,"tipPosition":[20.0881,153.431,-85.9155],"tipVelocity":[-1016.26,-190.305,698.142],"tool":false},{"direction":[-0.328919,0.463502,-0.822787],"handId":3,"id":2,"length":34.189,"tipPosition":[-7.80224,215.997,-22.4445],"tipVelocity":[529.312,255.091,-206.508],"tool":false}],"r":[[0.348809,-0.880658,-0.320584],[-0.932629,-0.359892,-0.0261021],[-0.0923887,0.308091,-0.94686]],"s":972.854,"t":[2298.31,-23618.7,9975.17],"timestamp":5859706244},
{"hands":[{"direction":[-0.132321,0.479393,-0.864438],"id":3,"palmNormal":[-0.696911,-0.663783,-0.257603],"palmPosition":[39.6425,148.782,-0.473316],"palmVelocity":[-4.4098,-223.55,329.931],"r":[[0.984383,0.089093,0.151831],[-0.0947378,0.99504,0.0303445],[-0.148374,-0.0442548,0.987941]],"s":0.824655,"sphereCenter":[24.7679,163.75,-25.6657],"sphereRadius":64.5157,"t":[-35.2391,49.29,-112.169]}],"id":212245,"pointables":[],"r":[[0.315164,-0.882003,-0.350347],[-0.94466,-0.326968,-0.026647],[-0.0910494,0.339356,-0.936241]],"s":972.821,"t":[2297.02,-23618.2,9976.21],"timestamp":5859714678},
{"hands":[{"direction":[-0.143796,0.473403,-0.865574],"id":3,"palmNormal":[-0.695671,-0.669525,-0.24551],"palmPosition":[39.9017,146.516,3.55376],"palmVelocity":[29.1564,-254.891,453.092],"r":[[0.977611,0.113817,0.176984],[-0.12193,0.991899,0.0356289],[-0.171495,-0.056411,0.983569]],"s":0.801077,"sphereCenter":[27.9539,164.159,-19.5481],"sphereRadius":65.1851,"t":[-36.2173,49.2114,-110.53]}],"id":212246,"pointables":[],"r":[[0.288013,-0.881619,-0.373894],[-0.953462,-0.300373,-0.0261975],[-0.0892114,0.364039,-0.927101]],"s":972.797,"t":[2296.05,-23618.3,9977.85],"timestamp":5859723566},
{"hands":[{"direction":[-0.147308,0.457298,-0.87267],"id":3,"palmNormal":[-0.66515,-0.694278,-0.242941],"palmPosition":[40.7068,142.149,9.61526],"palmVelocity":[95.0625,-515.592,715.728],"r":[[0.971273,0.133315,0.197117],[-0.1437,0.988841,0.0392898],[-0.189679,-0.0664868,0.979592]],"s":0.784631,"sphereCenter":[29.5804,159.216,-13.8595],"sphereRadius":63.8835,"t":[-36.8389,48.2752,-108.006]}],"id":212247,"pointables":[],"r":[[0.266168,-0.880381,-0.392534],[-0.95997,-0.278962,-0.0252729],[-0.0872524,0.383548,-0.91939]],"s":972.78,"t":[2295.42,-23619.3,9980.37],"timestamp":5859732035},
{"hands":[{"direction":[-0.143405,0.450066,-0.877222],"id":3,"palmNormal":[-0.653526,-0.704658,-0.245737],"palmPosition":[41.8595,138.32,15.1437],"palmVelocity":[130.716,-434.191,626.875],"r":[[0.96562,0.148723,0.213213],[-0.161111,0.986048,0.0418532],[-0.204014,-0.0747652,0.976109]],"s":0.773147,"sphereCenter":[32.3023,156.692,-8.57224],"sphereRadius":62.9861,"t":[-37.1057,46.7604,-104.881]}],"id":212248,"pointables":[],"r":[[0.248625,-0.878799,-0.407306],[-0.96483,-0.261761,-0.0241727],[-0.0853739,0.398991,-0.912972]],"s":972.769,"t":[2295.16,-23620.8,9983.5],"timestamp":5859740854},
{"hands":[{"direction":[-0.141885,0.4474,-0.879275],"id":3,"palmNormal":[-0.644319,-0.712273,-0.250172],"palmPosition":[42.8665,135.265,19.2619],"palmVelocity":[118.104,-358.415,483.015],"r":[[0.960726,0.160922,0.226076],[-0.175029,0.983594,0.0436692],[-0.21534,-0.0815239,0.97313]],"s":0.765122,"sphereCenter":[35.632,155.816,-3.32073],"sphereRadius":62.8381,"t":[-37.1176,44.9374,-101.558]}],"id":212249,"pointables":[],"r":[[0.234555,-0.877156,-0.419025],[-0.968495,-0.247962,-0.0230628],[-0.0836727,0.411234,-0.907682]],"s":972.761,"t":[2295.15,-23622.6,9986.82],"timestamp":5859749380},
{"hands":[{"direction":[-0.136494,0.446353,-0.880969],"id":3,"palmNormal":[-0.639661,-0.715416,-0.256129],"palmPosition":[43.8001,133.364,22.0356],"palmVelocity":[108.433,-220.732,322.156],"r":[[0.956574,0.170597,0.236353],[-0.186152,0.981491,0.0449712],[-0.224306,-0.0870159,0.970626]],"s":0.759512,"sphereCenter":[40.3056,157.587,2.05473],"sphereRadius":64.4071,"t":[-36.9405,43.0988,-98.3445]}],"id":212250,"pointables":[],"r":[[0.223278,-0.8756,-0.428335],[-0.971284,-0.236901,-0.0220283],[-0.0821851,0.420953,-0.903352]],"s":972.755,"t":[2295.32,-23624.4,9990.03],"timestamp":5859757990},
{"hands":[{"direction":[-0.131536,0.445687,-0.882356],"id":3,"palmNormal":[-0.636618,-0.717338,-0.261219],"palmPosition":[44.8164,131.603,25.0137],"palmVelocity":[117.692,-203.967,344.885],"r":[[0.953103,0.178282,0.244563],[-0.195042,0.979719,0.0459162],[-0.231417,-0.091463,0.968546]],"s":0.755588,"sphereCenter":[44.4045,159.129,6.69345],"sphereRadius":65.7901,"t":[-36.5956,41.2758,-95.1781]}],"id":212251,"pointables":[],"r":[[0.214246,-0.874203,-0.435738],[-0.973423,-0.228041,-0.0211072],[-0.0809144,0.428679,-0.899826]],"s":972.751,"t":[2295.67,-23626.3,9993.2],"timestamp":5859766625},
{"hands":[{"direction":[-0.126679,0.445046,-0.883654],"id":3,"palmNormal":[-0.635781,-0.717675,-0.265093],"palmPosition":[45.6965,130.791,26.3481],"palmVelocity":[99.8068,-92.0649,151.327],"r":[[0.950229,0.184393,0.251124],[-0.202148,0.978245,0.0466102],[-0.237066,-0.0950545,0.966832]],"s":0.752842,"sphereCenter":[47.8146,160.286,10.7042],"sphereRadius":66.9068,"t":[-36.1436,39.655,-92.3782]}],"id":212252,"pointables":[],"r":[[0.207014,-0.872987,-0.441631],[-0.975074,-0.220947,-0.0203107],[-0.0798462,0.434828,-0.896967]],"s":972.749,"t":[2296.12,-23627.9,9996],"timestamp":5859775443},
{"hands":[{"direction":[-0.123124,0.44403,-0.884944],"id":3,"palmNormal":[-0.634863,-0.718436,-0.267698],"palmPosition":[46.5507,129.926,28.4237],"palmVelocity":[99.7371,-101.004,242.336],"r":[[0.94787,0.189259,0.256367],[-0.207827,0.97703,0.0471257],[-0.241559,-0.097949,0.96543]],"s":0.750921,"sphereCenter":[50.7445,161.238,14.1492],"sphereRadius":67.6625,"t":[-35.6111,38.1853,-89.723]}],"id":212253,"pointables":[],"r":[[0.201225,-0.871952,-0.446327],[-0.976358,-0.215268,-0.0196354],[-0.0789588,0.439726,-0.894655]],"s":972.747,"t":[2296.65,-23629.3,9998.65],"timestamp":5859784008},
{"hands":[{"direction":[-0.117706,0.440842,-0.887389],"id":3,"palmNormal":[-0.635983,-0.717952,-0.26855],"palmPosition":[47.1001,130.327,27.9185],"palmVelocity":[63.8295,46.605,-58.7016],"r":[[0.945943,0.193136,0.260557],[-0.212367,0.976034,0.0475127],[-0.245136,-0.100278,0.964289]],"s":0.749577,"sphereCenter":[53.7926,162.895,17.2027],"sphereRadius":68.9571,"t":[-35.0753,37.0898,-87.7]}],"id":212254,"pointables":[],"r":[[0.196592,-0.871085,-0.450071],[-0.97736,-0.210723,-0.0190708],[-0.0782279,0.44363,-0.892789]],"s":972.745,"t":[2297.19,-23630.4,10000.7],"timestamp":5859792615},
{"hands":[{"direction":[-0.115901,0.438126,-0.889205],"id":3,"palmNormal":[-0.635536,-0.719229,-0.268108],"palmPosition":[47.8224,129.638,30.3321],"palmVelocity":[80.2603,-76.5696,268.213],"r":[[0.944377,0.196228,0.263907],[-0.215997,0.975223,0.047806],[-0.247987,-0.10215,0.963363]],"s":0.748636,"sphereCenter":[56.3664,164.329,19.8166],"sphereRadius":69.9582,"t":[-34.5022,36.0756,-85.5988]}],"id":212255,"pointables":[],"r":[[0.192884,-0.870365,-0.453057],[-0.978146,-0.207086,-0.0186037],[-0.0776297,0.446745,-0.891287]],"s":972.744,"t":[2297.76,-23631.5,10002.8],"timestamp":5859801614},
{"hands":[{"direction":[-0.112518,0.434696,-0.891467],"id":3,"palmNormal":[-0.635409,-0.720075,-0.267825],"palmPosition":[48.357,129.48,31.3303],"palmVelocity":[63.3738,-18.7711,118.311],"r":[[0.943108,0.198696,0.266585],[-0.2189,0.974565,0.0480302],[-0.250261,-0.103653,0.962614]],"s":0.747978,"sphereCenter":[58.3971,165.469,22.1132],"sphereRadius":70.7881,"t":[-33.9368,35.2325,-83.7182]}],"id":212256,"pointables":[],"r":[[0.189917,-0.869773,-0.455442],[-0.978765,-0.204175,-0.01822],[-0.0771426,0.44923,-0.890079]],"s":972.744,"t":[2298.33,-23632.3,10004.7],"timestamp":5859810051},
{"hands":[{"direction":[-0.110416,0.432775,-0.892867],"id":3,"palmNormal":[-0.634535,-0.721197,-0.268325],"palmPosition":[48.802,129.331,32.3909],"palmVelocity":[49.7489,-16.664,118.585],"r":[[0.942083,0.200665,0.268726],[-0.22122,0.974032,0.0482029],[-0.252075,-0.104859,0.96201]],"s":0.747517,"sphereCenter":[60.467,167.032,24.3463],"sphereRadius":71.9725,"t":[-33.3954,34.5283,-82.0017]}],"id":212257,"pointables":[],"r":[[0.187543,-0.869289,-0.457345],[-0.979254,-0.201846,-0.0179067],[-0.0767474,0.451215,-0.889109]],"s":972.743,"t":[2298.87,-23633,10006.4],"timestamp":5859818995},
{"hands":[{"direction":[-0.10863,0.433864,-0.892761],"id":3,"palmNormal":[-0.634998,-0.720375,-0.270634],"palmPosition":[49.2024,129.325,33.4278],"palmVelocity":[47.4652,-0.677773,122.93],"r":[[0.941256,0.202239,0.270438],[-0.223076,0.973602,0.0483368],[-0.253524,-0.105826,0.961523]],"s":0.747195,"sphereCenter":[61.8209,168.131,25.8498],"sphereRadius":72.6604,"t":[-32.8823,33.9638,-80.421]}],"id":212258,"pointables":[],"r":[[0.185644,-0.868895,-0.458866],[-0.97964,-0.199983,-0.017652],[-0.0764277,0.452801,-0.88833]],"s":972.743,"t":[2299.38,-23633.6,10008],"timestamp":5859827430},
{"hands":[{"direction":[-0.10523,0.441876,-0.889059],"id":3,"palmNormal":[-0.639547,-0.713415,-0.277902],"palmPosition":[49.1612,131.32,30.8538],"palmVelocity":[-4.67046,226.645,-292.339],"r":[[0.94059,0.203496,0.271808],[-0.224561,0.973255,0.0484412],[-0.254681,-0.106601,0.961132]],"s":0.746969,"sphereCenter":[63.5195,170.594,27.1596],"sphereRadius":74.3446,"t":[-32.48,33.9112,-79.6713]}],"id":212259,"pointables":[],"r":[[0.184124,-0.868575,-0.460082],[-0.979947,-0.198492,-0.0174456],[-0.0761697,0.454068,-0.887705]],"s":972.743,"t":[2299.78,-23633.6,10008.7],"timestamp":5859836235},
{"hands":[{"direction":[-0.104533,0.448657,-0.88572],"id":3,"palmNormal":[-0.643533,-0.708149,-0.28251],"palmPosition":[48.885,133.439,28.3054],"palmVelocity":[-31.593,242.321,-291.475],"r":[[0.940055,0.2045,0.272903],[-0.225748,0.972977,0.048523],[-0.255605,-0.107222,0.960817]],"s":0.746811,"sphereCenter":[65.5727,174.276,28.7497],"sphereRadius":77.0161,"t":[-32.2134,34.293,-79.5812]}],"id":212260,"pointables":[],"r":[[0.182908,-0.868317,-0.461053],[-0.980191,-0.197299,-0.0172789],[-0.0759619,0.45508,-0.887204]],"s":972.743,"t":[2300.05,-23633.2,10008.8],"timestamp":5859844978},
{"hands":[{"direction":[-0.107102,0.453562,-0.882974],"id":3,"palmNormal":[-0.644161,-0.706931,-0.285098],"palmPosition":[48.2122,135.187,25.9057],"palmVelocity":[-77.8677,202.287,-277.71],"r":[[0.939625,0.205303,0.273779],[-0.226698,0.972752,0.0485873],[-0.256344,-0.107719,0.960565]],"s":0.7467,"sphereCenter":[66.9604,177.613,29.5904],"sphereRadius":79.1051,"t":[-32.1347,34.9479,-79.9891]}],"id":212261,"pointables":[],"r":[[0.181935,-0.868109,-0.461829],[-0.980385,-0.196345,-0.0171444],[-0.0757947,0.45589,-0.886803]],"s":972.743,"t":[2300.13,-23632.6,10008.4],"timestamp":5859853619},
{"hands":[{"direction":[-0.11115,0.454613,-0.882072],"id":3,"palmNormal":[-0.641997,-0.709387,-0.284693],"palmPosition":[47.6715,135.551,25.6255],"palmVelocity":[-63.8969,42.9786,-33.1231],"r":[[0.939281,0.205945,0.274479],[-0.227457,0.972573,0.048638],[-0.256934,-0.108117,0.960362]],"s":0.746623,"sphereCenter":[67.1059,179.413,29.0113],"sphereRadius":79.8149,"t":[-32.1799,35.5446,-80.3714]}],"id":212262,"pointables":[],"r":[[0.181157,-0.867941,-0.46245],[-0.980539,-0.195582,-0.0170362],[-0.0756604,0.456537,-0.886482]],"s":972.742,"t":[2300.08,-23632,10008],"timestamp":5859862080},
{"hands":[{"direction":[-0.117758,0.45761,-0.879617],"id":3,"palmNormal":[-0.640158,-0.71147,-0.28438],"palmPosition":[46.6609,137.169,23.7126],"palmVelocity":[-113.501,181.763,-214.832],"r":[[0.939004,0.206458,0.275039],[-0.228065,0.972428,0.0486781],[-0.257406,-0.108436,0.9602]],"s":0.746568,"sphereCenter":[66.1341,180.196,28.0089],"sphereRadius":79.563,"t":[-32.4181,36.3457,-81.0599]}],"id":212263,"pointables":[],"r":[[0.180535,-0.867806,-0.462947],[-0.980663,-0.194971,-0.0169492],[-0.0755526,0.457054,-0.886224]],"s":972.742,"t":[2299.84,-23631.2,10007.3],"timestamp":5859870984},
{"hands":[{"direction":[-0.127308,0.456203,-0.878831],"id":3,"palmNormal":[-0.634559,-0.717992,-0.280205],"palmPosition":[46.1029,137.397,23.0209],"palmVelocity":[-64.6424,26.3588,-80.1292],"r":[[0.938782,0.206868,0.275488],[-0.228551,0.972313,0.0487099],[-0.257784,-0.108691,0.96007]],"s":0.74653,"sphereCenter":[64.1035,179.813,26.2884],"sphereRadius":78.4613,"t":[-32.7204,37.032,-81.749]}],"id":212264,"pointables":[],"r":[[0.180037,-0.867698,-0.463344],[-0.980761,-0.194482,-0.0168793],[-0.0754661,0.457468,-0.886018]],"s":972.742,"t":[2299.54,-23630.5,10006.6],"timestamp":5859879617},
{"hands":[{"direction":[-0.137895,0.453529,-0.878347],"id":3,"palmNormal":[-0.632163,-0.722949,-0.272522],"palmPosition":[45.6288,137.615,22.4724],"palmVelocity":[-54.2445,24.9716,-62.7595],"r":[[0.938605,0.207196,0.275846],[-0.22894,0.97222,0.0487352],[-0.258085,-0.108895,0.959966]],"s":0.746504,"sphereCenter":[60.8596,177.728,24.6527],"sphereRadius":77.0067,"t":[-33.0569,37.6247,-82.4099]}],"id":212265,"pointables":[],"r":[[0.179638,-0.867611,-0.463661],[-0.980839,-0.194091,-0.0168232],[-0.0753967,0.457799,-0.885853]],"s":972.742,"t":[2299.21,-23629.9,10006],"timestamp":5859888356},
{"hands":[{"direction":[-0.154904,0.447102,-0.877688],"id":3,"palmNormal":[-0.633552,-0.727028,-0.254736],"palmPosition":[44.4684,138.624,20.0146],"palmVelocity":[-137.569,119.683,-291.383],"r":[[0.938462,0.207459,0.276133],[-0.229251,0.972146,0.0487552],[-0.258327,-0.109059,0.959882]],"s":0.746485,"sphereCenter":[55.0926,173.811,20.8956],"sphereRadius":75.6722,"t":[-33.5583,38.3008,-83.4303]}],"id":212266,"pointables":[],"r":[[0.179319,-0.867541,-0.463915],[-0.980902,-0.193779,-0.0167782],[-0.0753411,0.458064,-0.885721]],"s":972.742,"t":[2298.7,-23629.2,10004.9],"timestamp":5859896791},
{"hands":[{"direction":[-0.169745,0.434761,-0.879964],"id":3,"palmNormal":[-0.638334,-0.728674,-0.230746],"palmPosition":[42.8579,140.738,13.5198],"palmVelocity":[-182.232,239.151,-734.87],"r":[[0.938348,0.207669,0.276362],[-0.229499,0.972086,0.0487712],[-0.25852,-0.109189,0.959815]],"s":0.746472,"sphereCenter":[47.9512,169.205,15.8874],"sphereRadius":75.1106,"t":[-34.2815,39.2644,-85.5455]}],"id":212267,"pointables":[],"r":[[0.179064,-0.867485,-0.464118],[-0.980952,-0.193529,-0.0167421],[-0.0752966,0.458275,-0.885615]],"s":972.742,"t":[2297.98,-23628.3,10002.8],"timestamp":5859905629},
{"hands":[{"direction":[-0.186496,0.418648,-0.882653],"id":3,"palmNormal":[-0.645845,-0.727529,-0.199895],"palmPosition":[40.5498,143.038,3.68838],"palmVelocity":[-270.483,269.523,-1152.17],"r":[[0.938257,0.207837,0.276546],[-0.229699,0.972038,0.048784],[-0.258674,-0.109294,0.959762]],"s":0.746463,"sphereCenter":[40.4247,164.673,10.5326],"sphereRadius":75.305,"t":[-35.3045,39.5161,-86.0207]}],"id":212268,"pointables":[{"direction":[-0.304968,0.381974,-0.872405],"handId":3,"id":2,"length":32.7766,"tipPosition":[-20.6886,211.948,-16.4371],"tipVelocity":[-155.036,-53.9357,136.512],"tool":false}],"r":[[0.17886,-0.86744,-0.464281],[-0.980992,-0.193328,-0.0167132],[-0.0752609,0.458445,-0.88553]],"s":972.742,"t":[2296.96,-23628,10002.4],"timestamp":5859914162},
