[
{"hands":[{"direction":[-0.176096,0.662396,-0.724304],"id":5,"palmNormal":[-0.273911,-0.742803,-0.608139],"palmPosition":[25.2412,178.205,40.548],"palmVelocity":[-31.574,122.922,-97.9233],"r":[[0.999881,-0.0153327,0.00191147],[0.0153894,0.99929,-0.0343869],[-0.00138287,0.0344122,0.999407]],"s":0.923295,"sphereCenter":[9.31399,178.397,-8.06937],"sphereRadius":67.8095,"t":[-26.8407,56.8586,-45.6094]}],"id":214874,"pointables":[{"direction":[0.000298478,0.345411,-0.938452],"handId":5,"id":7,"length":66.0797,"tipPosition":[25.0475,251.776,-47.3104],"tipVelocity":[-58.4221,102.207,-194.259],"tool":false},{"direction":[-0.147981,0.31094,-0.938839],"handId":5,"id":2,"length":64.6072,"tipPosition":[-6.87943,252.944,-32.952],"tipVelocity":[-47.9168,125.627,-184.428],"tool":false},{"direction":[-0.571174,0.222278,-0.79016],"handId":5,"id":10,"length":45.5337,"tipPosition":[-51.708,183.884,17.2581],"tipVelocity":[-56.1137,160.319,-133.439],"tool":false}],"r":[[-0.600474,-0.79368,-0.0974829],[-0.799502,0.598187,0.0544843],[0.01507,0.110654,-0.993745]],"s":971.869,"t":[2341.94,-23363.4,10408.3],"timestamp":5884040509},
{"hands":[{"direction":[-0.179103,0.66049,-0.725725],"id":5,"palmNormal":[-0.277719,-0.744718,-0.604341],"palmPosition":[24.917,179.276,39.403],"palmVelocity":[-36.8205,121.684,-130.042],"r":[[0.999926,-0.0119164,0.00246052],[0.0119874,0.999441,-0.0311981],[-0.00208738,0.0312253,0.99951]],"s":0.919958,"sphereCenter":[8.54264,179.585,-9.56486],"sphereRadius":67.7917,"t":[-27.3317,57.7898,-46.8439]}],"id":214875,"pointables":[{"direction":[-0.00105603,0.338414,-0.940997],"handId":5,"id":7,"length":64.4829,"tipPosition":[24.5277,252.477,-48.3789],"tipVelocity":[-59.0371,79.6171,-121.354],"tool":false},{"direction":[-0.150221,0.312007,-0.938128],"handId":5,"id":2,"length":64.5751,"tipPosition":[-7.21243,253.805,-33.7658],"tipVelocity":[-37.8193,97.7747,-92.4299],"tool":false},{"direction":[-0.571464,0.222487,-0.789892],"handId":5,"id":10,"length":45.7295,"tipPosition":[-52.1939,185.191,16.1342],"tipVelocity":[-55.186,148.415,-127.649],"tool":false}],"r":[[-0.603164,-0.791579,-0.0979596],[-0.797414,0.601217,0.0516631],[0.0179996,0.109276,-0.993848]],"s":971.866,"t":[2341.45,-23362.4,10407.1],"timestamp":5884049314},
{"hands":[{"direction":[-0.183042,0.657333,-0.727899],"id":5,"palmNormal":[-0.280174,-0.747981,-0.59936],"palmPosition":[24.5743,179.941,38.6133],"palmVelocity":[-39.0245,75.7599,-89.9189],"r":[[0.999955,-0.00896282,0.00318467],[0.00904954,0.999557,-0.0283477],[-0.00292918,0.0283752,0.999593]],"s":0.916897,"sphereCenter":[7.91908,180.993,-10.5709],"sphereRadius":67.6569,"t":[-27.7656,58.6289,-47.9622]}],"id":214876,"pointables":[{"direction":[-0.00149375,0.335312,-0.942106],"handId":5,"id":7,"length":63.1027,"tipPosition":[23.9737,253.147,-49.5679],"tipVelocity":[-63.0829,76.2521,-135.389],"tool":false},{"direction":[-0.150613,0.309197,-0.938996],"handId":5,"id":2,"length":64.4675,"tipPosition":[-7.5894,254.552,-34.5865],"tipVelocity":[-42.9256,85.0516,-93.4483],"tool":false},{"direction":[-0.571867,0.223551,-0.789299],"handId":5,"id":10,"length":45.7681,"tipPosition":[-52.5419,186.216,15.1323],"tipVelocity":[-39.6209,116.676,-114.087],"tool":false}],"r":[[-0.605474,-0.789732,-0.0986189],[-0.795595,0.603834,0.0491285],[0.0207511,0.108207,-0.993912]],"s":971.863,"t":[2341.01,-23361.6,10405.9],"timestamp":5884058096},
{"hands":[{"direction":[-0.1875,0.655536,-0.728671],"id":5,"palmNormal":[-0.28261,-0.749889,-0.596092],"palmPosition":[24.2121,180.527,37.9249],"palmVelocity":[-41.3262,66.8106,-78.545],"r":[[0.999973,-0.00628742,0.00382077],[0.00638379,0.999648,-0.0257588],[-0.00365746,0.0257825,0.999661]],"s":0.913527,"sphereCenter":[7.11627,181.94,-11.9387],"sphereRadius":67.6161,"t":[-28.1845,59.372,-48.9167]}],"id":214877,"pointables":[{"direction":[-0.00322763,0.330917,-0.943654],"handId":5,"id":7,"length":61.5344,"tipPosition":[23.4066,253.714,-50.3559],"tipVelocity":[-64.709,64.7222,-89.907],"tool":false},{"direction":[-0.152867,0.309633,-0.938488],"handId":5,"id":2,"length":64.4038,"tipPosition":[-7.99325,255.199,-35.3774],"tipVelocity":[-46.0804,73.8306,-90.2416],"tool":false},{"direction":[-0.572445,0.22581,-0.788237],"handId":5,"id":10,"length":45.7604,"tipPosition":[-52.8669,187.285,14.2224],"tipVelocity":[-37.0903,122.058,-103.823],"tool":false}],"r":[[-0.607563,-0.788053,-0.0991955],[-0.793932,0.606201,0.0468239],[0.0232327,0.107203,-0.993966]],"s":971.86,"t":[2340.59,-23360.9,10405],"timestamp":5884066860},
{"hands":[{"direction":[-0.191117,0.652518,-0.730676],"id":5,"palmNormal":[-0.285066,-0.75281,-0.591377],"palmPosition":[24.0246,181.434,36.8548],"palmVelocity":[-22.1907,107.344,-126.682],"r":[[0.999981,-0.00396605,0.00462088],[0.0040729,0.999719,-0.023348],[-0.00452698,0.0233664,0.999717]],"s":0.910039,"sphereCenter":[6.43275,182.831,-13.2373],"sphereRadius":67.5647,"t":[-28.6141,59.9882,-49.8586]}],"id":214878,"pointables":[{"direction":[-0.00541281,0.326544,-0.945166],"handId":5,"id":7,"length":60.1572,"tipPosition":[22.7916,254.204,-51.3684],"tipVelocity":[-72.8059,57.9446,-119.865],"tool":false},{"direction":[-0.1554,0.310482,-0.937791],"handId":5,"id":2,"length":64.2721,"tipPosition":[-8.43352,255.687,-36.1499],"tipVelocity":[-52.1217,57.8398,-91.453],"tool":false},{"direction":[-0.572549,0.227398,-0.787704],"handId":5,"id":10,"length":45.7872,"tipPosition":[-53.1775,188.19,13.2933],"tipVelocity":[-36.7704,107.031,-109.993],"tool":false}],"r":[[-0.609361,-0.786569,-0.099942],[-0.792478,0.608264,0.044659],[0.0256637,0.106415,-0.993991]],"s":971.856,"t":[2340.16,-23360.2,10404],"timestamp":5884075307},
{"hands":[{"direction":[-0.193404,0.649559,-0.732948],"id":5,"palmNormal":[-0.287859,-0.755408,-0.586833],"palmPosition":[23.6997,182.418,35.3562],"palmVelocity":[-37.8278,114.576,-174.462],"r":[[0.999979,-0.00224025,0.00600509],[0.00236594,0.999777,-0.0210061],[-0.00595669,0.0210198,0.999761]],"s":0.907045,"sphereCenter":[5.90914,183.81,-14.2283],"sphereRadius":67.4779,"t":[-29.0466,60.5077,-50.7657]}],"id":214879,"pointables":[{"direction":[-0.00693777,0.32442,-0.945888],"handId":5,"id":7,"length":58.9458,"tipPosition":[22.1714,254.62,-52.6998],"tipVelocity":[-72.198,48.4898,-154.993],"tool":false},{"direction":[-0.156414,0.310599,-0.937584],"handId":5,"id":2,"length":64.1391,"tipPosition":[-8.86893,256.11,-36.9831],"tipVelocity":[-50.6872,49.2113,-97.0015],"tool":false},{"direction":[-0.572481,0.225791,-0.788216],"handId":5,"id":10,"length":45.8085,"tipPosition":[-53.3799,188.815,12.4208],"tipVelocity":[-23.5589,72.8389,-101.562],"tool":false}],"r":[[-0.61066,-0.785389,-0.101282],[-0.791384,0.60984,0.0425023],[0.0283848,0.106107,-0.993949]],"s":971.853,"t":[2339.73,-23359.7,10403.1],"timestamp":5884083897},
{"hands":[{"direction":[-0.196013,0.647433,-0.734372],"id":5,"palmNormal":[-0.290566,-0.757207,-0.583348],"palmPosition":[23.3734,183.103,34.0515],"palmVelocity":[-36.9869,77.6982,-147.897],"r":[[0.99997,-0.000799483,0.00765546],[0.00094237,0.999825,-0.0186793],[-0.00763919,0.0186859,0.999796]],"s":0.904204,"sphereCenter":[5.35786,184.709,-15.125],"sphereRadius":67.3539,"t":[-29.4868,60.9831,-51.6598]}],"id":214880,"pointables":[{"direction":[-0.00918131,0.323194,-0.946288],"handId":5,"id":7,"length":57.6412,"tipPosition":[21.543,254.836,-53.8302],"tipVelocity":[-71.2276,24.4761,-128.138],"tool":false},{"direction":[-0.157272,0.309296,-0.937871],"handId":5,"id":2,"length":64.0469,"tipPosition":[-9.31676,256.541,-37.8544],"tipVelocity":[-50.7632,48.8888,-98.7636],"tool":false},{"direction":[-0.572678,0.2274,-0.78761],"handId":5,"id":10,"length":45.8184,"tipPosition":[-53.6119,189.444,11.5397],"tipVelocity":[-26.2924,71.2719,-99.8817],"tool":false}],"r":[[-0.61172,-0.784355,-0.102892],[-0.790457,0.611188,0.0403314],[0.0312521,0.106003,-0.993875]],"s":971.85,"t":[2339.29,-23359.3,10402.2],"timestamp":5884092719},
{"hands":[{"direction":[-0.19919,0.644566,-0.736205],"id":5,"palmNormal":[-0.292645,-0.759775,-0.579075],"palmPosition":[23.1262,183.591,32.9942],"palmVelocity":[-28.5082,56.176,-121.909],"r":[[0.999957,0.000549777,0.00921249],[-0.000398915,0.999866,-0.0163696],[-0.00922026,0.0163653,0.999824]],"s":0.900989,"sphereCenter":[4.92422,185.503,-16.0988],"sphereRadius":67.2252,"t":[-29.9123,61.2351,-52.5771]}],"id":214881,"pointables":[{"direction":[-0.0113576,0.318849,-0.947738],"handId":5,"id":7,"length":56.3289,"tipPosition":[20.979,254.852,-54.7297],"tipVelocity":[-65.0311,1.81835,-103.713],"tool":false},{"direction":[-0.159,0.307197,-0.938269],"handId":5,"id":2,"length":63.9894,"tipPosition":[-9.72765,256.57,-38.842],"tipVelocity":[-47.3754,3.29545,-113.864],"tool":false},{"direction":[-0.572439,0.224544,-0.788603],"handId":5,"id":10,"length":45.9088,"tipPosition":[-53.8494,189.933,10.5992],"tipVelocity":[-27.3852,56.3316,-108.44],"tool":false}],"r":[[-0.612709,-0.783381,-0.104411],[-0.789575,0.612466,0.038168],[0.0340479,0.105826,-0.993802]],"s":971.847,"t":[2338.86,-23359,10401.3],"timestamp":5884101392},
{"hands":[{"direction":[-0.198876,0.64493,-0.736218],"id":5,"palmNormal":[-0.296229,-0.758689,-0.57885],"palmPosition":[22.7353,184.039,31.5964],"palmVelocity":[-45.3823,52.0912,-162.308],"r":[[0.999934,0.00172346,0.0113384],[-0.00156748,0.999904,-0.0137509],[-0.0113611,0.0137323,0.999841]],"s":0.89833,"sphereCenter":[4.56349,186.194,-17.0321],"sphereRadius":67.1196,"t":[-30.3095,61.386,-53.5572]}],"id":214882,"pointables":[{"direction":[-0.0131483,0.318397,-0.947866],"handId":5,"id":7,"length":55.0454,"tipPosition":[20.4792,254.804,-56.2941],"tipVelocity":[-58.0329,-5.53809,-181.65],"tool":false},{"direction":[-0.160811,0.306086,-0.938324],"handId":5,"id":2,"length":63.7853,"tipPosition":[-10.0965,256.62,-39.8847],"tipVelocity":[-42.8307,5.79145,-121.084],"tool":false},{"direction":[-0.572404,0.222762,-0.789133],"handId":5,"id":10,"length":45.9625,"tipPosition":[-54.003,190.289,9.68557],"tipVelocity":[-17.8343,41.3835,-106.087],"tool":false}],"r":[[-0.613532,-0.782456,-0.106498],[-0.788782,0.613636,0.0356792],[0.0374339,0.105894,-0.993673]],"s":971.844,"t":[2338.47,-23358.9,10400.3],"timestamp":5884110004},
{"hands":[{"direction":[-0.200141,0.644039,-0.736857],"id":5,"palmNormal":[-0.298358,-0.759215,-0.577243],"palmPosition":[22.5116,184.455,30.3628],"palmVelocity":[-25.9156,48.1956,-142.873],"r":[[0.999908,0.00306864,0.0132231],[-0.00292369,0.999936,-0.0109669],[-0.0132559,0.0109272,0.999852]],"s":0.895351,"sphereCenter":[4.09356,186.485,-18.282],"sphereRadius":67.1167,"t":[-30.6605,61.3206,-54.5262]}],"id":214883,"pointables":[{"direction":[-0.0146351,0.316381,-0.948519],"handId":5,"id":7,"length":53.6448,"tipPosition":[20.1239,254.445,-57.2253],"tipVelocity":[-41.1624,-41.5448,-107.86],"tool":false},{"direction":[-0.163517,0.305308,-0.938109],"handId":5,"id":2,"length":63.7134,"tipPosition":[-10.4013,256.338,-41.077],"tipVelocity":[-35.2964,-32.6375,-138.085],"tool":false},{"direction":[-0.572509,0.224314,-0.788617],"handId":5,"id":10,"length":45.9827,"tipPosition":[-54.154,190.547,8.72759],"tipVelocity":[-17.4974,29.9351,-110.954],"tool":false}],"r":[[-0.614498,-0.781444,-0.108342],[-0.787862,0.614964,0.0330426],[0.0408056,0.105663,-0.993564]],"s":971.841,"t":[2338.12,-23358.9,10399.4],"timestamp":5884118638},
{"hands":[{"direction":[-0.200609,0.641274,-0.739265],"id":5,"palmNormal":[-0.300743,-0.76134,-0.573256],"palmPosition":[22.408,185.268,28.5963],"palmVelocity":[-11.9471,93.7101,-203.824],"r":[[0.999882,0.00443805,0.0147128],[-0.00431509,0.999956,-0.00837819],[-0.0147494,0.00831371,0.999857]],"s":0.892622,"sphereCenter":[3.71152,186.743,-19.3008],"sphereRadius":67.0516,"t":[-30.948,61.1976,-55.5134]}],"id":214884,"pointables":[{"direction":[-0.0161654,0.312313,-0.949842],"handId":5,"id":7,"length":52.3377,"tipPosition":[19.8998,254.189,-58.1236],"tipVelocity":[-25.852,-29.6413,-103.642],"tool":false},{"direction":[-0.16587,0.306443,-0.937326],"handId":5,"id":2,"length":63.5728,"tipPosition":[-10.6272,256.157,-42.2166],"tipVelocity":[-26.0692,-20.8369,-131.491],"tool":false},{"direction":[-0.57239,0.224431,-0.78867],"handId":5,"id":10,"length":45.9567,"tipPosition":[-54.3153,190.669,7.72213],"tipVelocity":[-18.6062,14.0026,-116.01],"tool":false}],"r":[[-0.6155,-0.780452,-0.109792],[-0.78692,0.616296,0.0306026],[0.0437807,0.105234,-0.993483]],"s":971.839,"t":[2337.83,-23359,10398.4],"timestamp":5884127305},
{"hands":[{"direction":[-0.201598,0.6414,-0.739055],"id":5,"palmNormal":[-0.302325,-0.760905,-0.573166],"palmPosition":[22.183,185.142,27.8424],"palmVelocity":[-25.6965,-14.3753,-86.1007],"r":[[0.99985,0.00600332,0.0162286],[-0.00591286,0.999967,-0.00561637],[-0.0162618,0.00551957,0.999853]],"s":0.89041,"sphereCenter":[3.32654,186.844,-20.5316],"sphereRadius":67.0792,"t":[-31.1631,60.9935,-56.574]}],"id":214885,"pointables":[{"direction":[-0.017076,0.304486,-0.952364],"handId":5,"id":7,"length":51.0784,"tipPosition":[19.739,253.756,-59.446],"tipVelocity":[-18.3663,-49.3963,-151.028],"tool":false},{"direction":[-0.16754,0.306258,-0.937089],"handId":5,"id":2,"length":63.4852,"tipPosition":[-10.7606,255.872,-43.3504],"tipVelocity":[-15.2307,-32.57,-129.49],"tool":false},{"direction":[-0.572569,0.226459,-0.78796],"handId":5,"id":10,"length":45.903,"tipPosition":[-54.458,190.73,6.73711],"tipVelocity":[-16.2995,7.01557,-112.497],"tool":false}],"r":[[-0.616653,-0.779333,-0.111264],[-0.785836,0.6178,0.0280092],[0.0469102,0.104707,-0.993396]],"s":971.837,"t":[2337.61,-23359.2,10397.3],"timestamp":5884136061},
{"hands":[{"direction":[-0.202032,0.640294,-0.740036],"id":5,"palmNormal":[-0.30434,-0.761544,-0.571363],"palmPosition":[22.0429,185.54,26.2296],"palmVelocity":[-16.178,45.9295,-186.165],"r":[[0.999822,0.00778707,0.0171762],[-0.00773655,0.999966,-0.00300567],[-0.017199,0.00287225,0.999848]],"s":0.888353,"sphereCenter":[3.07024,187.032,-21.6916],"sphereRadius":67.0392,"t":[-31.3193,60.7158,-57.64]}],"id":214886,"pointables":[{"direction":[-0.0180547,0.300878,-0.953492],"handId":5,"id":7,"length":49.9155,"tipPosition":[19.6417,253.234,-60.2845],"tipVelocity":[-11.2236,-60.2627,-96.7915],"tool":false},{"direction":[-0.168977,0.304386,-0.937441],"handId":5,"id":2,"length":63.4057,"tipPosition":[-10.8533,255.521,-44.643],"tipVelocity":[-10.7103,-40.5461,-149.204],"tool":false},{"direction":[-0.572539,0.229039,-0.787236],"handId":5,"id":10,"length":45.9499,"tipPosition":[-54.6394,190.67,5.66562],"tipVelocity":[-20.9427,-6.92793,-123.686],"tool":false}],"r":[[-0.618004,-0.778132,-0.112165],[-0.78461,0.619461,0.0255869],[0.0495718,0.103819,-0.99336]],"s":971.834,"t":[2337.46,-23359.5,10396.3],"timestamp":5884144724},
{"hands":[{"direction":[-0.201387,0.638031,-0.742248],"id":5,"palmNormal":[-0.306629,-0.763056,-0.568162],"palmPosition":[21.9528,186.203,24.1567],"palmVelocity":[-10.4338,76.8575,-240.17],"r":[[0.99978,0.00925729,0.0188286],[-0.00925637,0.999957,-0.000135649],[-0.0188291,-0.000038666,0.999823]],"s":0.887983,"sphereCenter":[2.80268,187.124,-22.7722],"sphereRadius":67.0206,"t":[-31.4385,60.5099,-58.9249]}],"id":214887,"pointables":[{"direction":[-0.0179664,0.303128,-0.952781],"handId":5,"id":7,"length":49.006,"tipPosition":[19.5595,253.146,-62.3455],"tipVelocity":[-9.52977,-10.197,-238.789],"tool":false},{"direction":[-0.169748,0.303753,-0.937507],"handId":5,"id":2,"length":63.2501,"tipPosition":[-10.912,255.26,-46.1468],"tipVelocity":[-6.79566,-30.2472,-174.241],"tool":false},{"direction":[-0.572818,0.23213,-0.786127],"handId":5,"id":10,"length":45.9736,"tipPosition":[-54.7755,190.536,4.62582],"tipVelocity":[-15.7673,-15.5434,-120.472],"tool":false}],"r":[[-0.619071,-0.77705,-0.113773],[-0.783554,0.620903,0.0228771],[0.0528655,0.10331,-0.993243]],"s":971.834,"t":[2337.34,-23359.7,10395],"timestamp":5884153355},
{"hands":[{"direction":[-0.20065,0.639011,-0.741719],"id":5,"palmNormal":[-0.30883,-0.76154,-0.569092],"palmPosition":[21.7654,186.24,22.7596],"palmVelocity":[-21.1794,4.14299,-157.87],"r":[[0.99974,0.0107496,0.0201139],[-0.0108011,0.999939,0.0024496],[-0.0200863,-0.00266621,0.999795]],"s":0.88753,"sphereCenter":[2.6019,187.165,-23.8897],"sphereRadius":66.9841,"t":[-31.5281,60.254,-60.0763]}],"id":214888,"pointables":[{"direction":[-0.0186389,0.300478,-0.953607],"handId":5,"id":7,"length":47.9554,"tipPosition":[19.4629,252.539,-63.2883],"tipVelocity":[-10.9105,-68.5803,-106.531],"tool":false},{"direction":[-0.170537,0.303751,-0.937365],"handId":5,"id":2,"length":63.1497,"tipPosition":[-10.9161,254.954,-47.3127],"tipVelocity":[-0.462937,-34.5634,-131.739],"tool":false},{"direction":[-0.572773,0.232073,-0.786176],"handId":5,"id":10,"length":45.9499,"tipPosition":[-54.8356,190.272,3.60799],"tipVelocity":[-6.78237,-29.837,-115.009],"tool":false}],"r":[[-0.620172,-0.775989,-0.115016],[-0.782486,0.622333,0.0204525],[0.0557073,0.102682,-0.993153]],"s":971.834,"t":[2337.25,-23360,10393.8],"timestamp":5884162205},
{"hands":[{"direction":[-0.198333,0.638624,-0.742753],"id":5,"palmNormal":[-0.310516,-0.761233,-0.568682],"palmPosition":[21.6715,186.753,20.5866],"palmVelocity":[-11.172,61.1098,-258.568],"r":[[0.999698,0.012426,0.0211831],[-0.0125343,0.999909,0.00498997],[-0.0211192,-0.00525398,0.999763]],"s":0.886668,"sphereCenter":[2.84942,187.756,-24.9533],"sphereRadius":66.7714,"t":[-31.6282,59.8842,-61.2001]}],"id":214889,"pointables":[{"direction":[-0.0187296,0.299403,-0.953943],"handId":5,"id":7,"length":47.3152,"tipPosition":[19.3524,252.008,-64.3967],"tipVelocity":[-13.1481,-63.2038,-131.895],"tool":false},{"direction":[-0.171223,0.302924,-0.937507],"handId":5,"id":2,"length":63.1347,"tipPosition":[-10.9264,254.47,-48.4088],"tipVelocity":[-1.22713,-57.5547,-130.428],"tool":false},{"direction":[-0.572862,0.233597,-0.78566],"handId":5,"id":10,"length":46.0374,"tipPosition":[-54.951,190.17,2.57174],"tipVelocity":[-13.7352,-12.1088,-123.305],"tool":false}],"r":[[-0.621426,-0.774832,-0.116039],[-0.781295,0.6239,0.0180899],[0.0583803,0.101903,-0.99308]],"s":971.833,"t":[2337.15,-23360.4,10392.7],"timestamp":5884170609},
{"hands":[{"direction":[-0.200756,0.629999,-0.74899],"id":5,"palmNormal":[-0.309753,-0.768875,-0.557993],"palmPosition":[21.9729,186.063,21.1589],"palmVelocity":[34.7313,-79.5311,65.9469],"r":[[0.999643,0.0140734,0.0227218],[-0.0142581,0.999866,0.00798691],[-0.0226063,-0.00830803,0.99971]],"s":0.886226,"sphereCenter":[2.95948,187.554,-24.4393],"sphereRadius":66.7509,"t":[-31.7012,59.5037,-62.497]}],"id":214890,"pointables":[{"direction":[-0.0196171,0.296553,-0.954815],"handId":5,"id":7,"length":46.8359,"tipPosition":[19.1985,251.568,-65.9266],"tipVelocity":[-17.7426,-50.6826,-176.276],"tool":false},{"direction":[-0.171635,0.302288,-0.937637],"handId":5,"id":2,"length":63.0901,"tipPosition":[-10.9719,254.079,-49.8791],"tipVelocity":[-5.24615,-45.08,-169.402],"tool":false},{"direction":[-0.573418,0.235912,-0.784562],"handId":5,"id":10,"length":46.1064,"tipPosition":[-54.9969,190.104,1.65219],"tipVelocity":[-5.29616,-7.58459,-105.951],"tool":false}],"r":[[-0.622629,-0.77364,-0.117529],[-0.780081,0.625492,0.0152717],[0.061699,0.101191,-0.992952]],"s":971.832,"t":[2337.08,-23360.7,10391.4],"timestamp":5884179288},
{"hands":[{"direction":[-0.20383,0.622597,-0.754073],"id":5,"palmNormal":[-0.309748,-0.775216,-0.548746],"palmPosition":[22.2315,184.83,22.2617],"palmVelocity":[29.6353,-141.266,126.399],"r":[[0.999569,0.0161548,0.0245313],[-0.0164461,0.999796,0.0117184],[-0.024337,-0.0121168,0.99963]],"s":0.884862,"sphereCenter":[3.10631,187.523,-23.9482],"sphereRadius":66.6803,"t":[-31.7631,59.0419,-63.7058]}],"id":214891,"pointables":[{"direction":[-0.0206584,0.289834,-0.956854],"handId":5,"id":7,"length":46.3542,"tipPosition":[18.8764,250.615,-67.0471],"tipVelocity":[-36.913,-109.257,-128.417],"tool":false},{"direction":[-0.170296,0.298405,-0.939124],"handId":5,"id":2,"length":63.0285,"tipPosition":[-11.0228,253.536,-51.2663],"tipVelocity":[-5.82969,-62.2477,-158.998],"tool":false},{"direction":[-0.573812,0.237189,-0.783888],"handId":5,"id":10,"length":46.159,"tipPosition":[-54.9746,190.182,0.797945],"tipVelocity":[2.55821,8.88775,-97.9073],"tool":false}],"r":[[-0.624153,-0.772144,-0.119278],[-0.77853,0.627497,0.0117659],[0.0657615,0.100205,-0.992791]],"s":971.831,"t":[2337.01,-23361.2,10390.2],"timestamp":5884188013},
{"hands":[{"direction":[-0.207893,0.61343,-0.760019],"id":5,"palmNormal":[-0.316291,-0.781606,-0.534636],"palmPosition":[22.9626,183.278,23.7747],"palmVelocity":[82.3557,-174.901,170.441],"r":[[0.999461,0.0201414,0.0259266],[-0.0205925,0.999639,0.0172525],[-0.0255697,-0.0177771,0.999515]],"s":0.878522,"sphereCenter":[5.33556,188.877,-19.226],"sphereRadius":67.5744,"t":[-31.7735,58.4877,-64.6926]}],"id":214892,"pointables":[{"direction":[-0.169983,0.287593,-0.942548],"handId":5,"id":2,"length":62.9473,"tipPosition":[-11.0228,251.727,-51.9345],"tipVelocity":[-0.00171752,-203.827,-75.2738],"tool":false},{"direction":[-0.574205,0.239146,-0.783006],"handId":5,"id":10,"length":46.2201,"tipPosition":[-54.8921,190.698,-0.0636138],"tipVelocity":[9.29542,58.1603,-97.0552],"tool":false}],"r":[[-0.627172,-0.769492,-0.120569],[-0.77564,0.631141,0.00665004],[0.0709788,0.0976887,-0.992683]],"s":971.825,"t":[2337,-23361.8,10389.2],"timestamp":5884196890},
{"hands":[{"direction":[-0.2114,0.606467,-0.764499],"id":5,"palmNormal":[-0.325737,-0.785476,-0.5223],"palmPosition":[22.9215,182.96,21.92],"palmVelocity":[-4.80219,-37.2134,-217.078],"r":[[0.999218,0.0285462,0.0273466],[-0.029308,0.999182,0.0278728],[-0.0265286,-0.0286525,0.999237]],"s":0.864165,"sphereCenter":[5.3846,188.187,-18.2753],"sphereRadius":67.1874,"t":[-31.7047,57.7111,-65.7609]}],"id":214893,"pointables":[{"direction":[-0.17212,0.266431,-0.948361],"handId":5,"id":2,"length":62.8604,"tipPosition":[-10.903,248.369,-53.1016],"tipVelocity":[14.0204,-393.02,-136.597],"tool":false},{"direction":[-0.574367,0.243567,-0.781523],"handId":5,"id":10,"length":46.3127,"tipPosition":[-54.7162,192.058,-1.19626],"tipVelocity":[20.5901,159.183,-132.566],"tool":false}],"r":[[-0.633578,-0.764036,-0.121775],[-0.769518,0.638618,-0.00310043],[0.0801366,0.0917438,-0.992553]],"s":971.81,"t":[2337.07,-23362.5,10388.1],"timestamp":5884205434},
{"hands":[{"direction":[-0.214119,0.59968,-0.769003],"id":5,"palmNormal":[-0.341273,-0.787309,-0.507602],"palmPosition":[22.6763,182.767,19.9976],"palmVelocity":[-27.7637,-21.8787,-217.668],"r":[[0.998551,0.0446851,0.0299716],[-0.0461027,0.997763,0.0484059],[-0.0277415,-0.0497175,0.998378]],"s":0.836209,"sphereCenter":[5.59173,187.854,-17.173],"sphereRadius":66.6545,"t":[-31.3103,56.3564,-66.7373]}],"id":214894,"pointables":[{"direction":[-0.168952,0.235149,-0.957163],"handId":5,"id":2,"length":61.7367,"tipPosition":[-10.4856,242.324,-53.9657],"tipVelocity":[47.2634,-684.363,-97.8361],"tool":false},{"direction":[-0.574251,0.248227,-0.78014],"handId":5,"id":10,"length":46.3198,"tipPosition":[-53.6934,194.237,-2.10128],"tipVelocity":[115.803,246.655,-102.471],"tool":false}],"r":[[-0.645728,-0.753436,-0.123975],[-0.757322,0.652673,-0.0219686],[0.0974669,0.0797031,-0.992042]],"s":971.782,"t":[2337.47,-23363.9,10387.2],"timestamp":5884214266},
{"hands":[{"direction":[-0.224092,0.593879,-0.770317],"id":5,"palmNormal":[-0.351228,-0.790785,-0.494625],"palmPosition":[22.8451,180.853,22.8902],"palmVelocity":[19.6978,-223.336,337.643],"r":[[0.997819,0.057545,0.0323372],[-0.0595464,0.996122,0.0647765],[-0.0284842,-0.0665608,0.997376]],"s":0.816722,"sphereCenter":[6.01004,186.794,-14.4458],"sphereRadius":65.9953,"t":[-30.1983,57.3777,-67.7318]}],"id":214895,"pointables":[{"direction":[-0.572522,0.253487,-0.77972],"handId":5,"id":10,"length":46.3664,"tipPosition":[-51.8639,197.634,-3.1137],"tipVelocity":[213.551,396.562,-118.177],"tool":false}],"r":[[-0.655268,-0.744817,-0.125982],[-0.747171,0.6636,-0.0370179],[0.111173,0.0698732,-0.991342]],"s":971.763,"t":[2338.58,-23362.9,10386.2],"timestamp":5884222833},
{"hands":[{"direction":[-0.233774,0.590846,-0.76961],"id":5,"palmNormal":[-0.359504,-0.792518,-0.486035],"palmPosition":[23.1106,178.978,26.2006],"palmVelocity":[30.492,-215.427,380.205],"r":[[0.997106,0.0677959,0.0343988],[-0.0703027,0.994485,0.0778311],[-0.0289324,-0.0800242,0.996373]],"s":0.803121,"sphereCenter":[6.44674,185.625,-10.9006],"sphereRadius":65.1138,"t":[-28.1632,60.1527,-68.5271]}],"id":214896,"pointables":[{"direction":[-0.567853,0.258822,-0.78138],"handId":5,"id":10,"length":46.5162,"tipPosition":[-48.9056,202.163,-3.70987],"tipVelocity":[339.758,520.112,-68.4707],"tool":false}],"r":[[-0.662782,-0.737835,-0.127744],[-0.738802,0.672138,-0.0490224],[0.122032,0.0618867,-0.990595]],"s":971.749,"t":[2340.61,-23360.1,10385.4],"timestamp":5884231540},
{"hands":[{"direction":[-0.255132,0.574788,-0.772049],"id":5,"palmNormal":[-0.360355,-0.804517,-0.461836],"palmPosition":[24.0356,173.967,33.4753],"palmVelocity":[108.239,-586.294,851.237],"r":[[0.996454,0.0759705,0.0361557],[-0.0789067,0.992969,0.0882446],[-0.0291975,-0.0907846,0.995442]],"s":0.79362,"sphereCenter":[8.45537,185.709,-5.17257],"sphereRadius":64.9295,"t":[-25.2899,64.3631,-69.0669]}],"id":214897,"pointables":[{"direction":[-0.560204,0.275181,-0.781311],"handId":5,"id":10,"length":46.5795,"tipPosition":[-45.1942,207.809,-3.99432],"tipVelocity":[434.294,660.656,-33.2837],"tool":false}],"r":[[-0.668716,-0.732197,-0.129255],[-0.731949,0.678835,-0.0586006],[0.13065,0.0554209,-0.989878]],"s":971.74,"t":[2343.49,-23355.9,10384.8],"timestamp":5884240086},
{"hands":[{"direction":[-0.265404,0.562029,-0.777309],"id":5,"palmNormal":[-0.372711,-0.810197,-0.438584],"palmPosition":[24.6251,170.333,38.6447],"palmVelocity":[69.2528,-426.838,607.237],"r":[[0.995881,0.0824925,0.0376299],[-0.0857882,0.991624,0.0965544],[-0.0293497,-0.0993849,0.994616]],"s":0.786979,"sphereCenter":[11.0664,185.785,1.77257],"sphereRadius":65.2284,"t":[-22.8733,67.0047,-68.465]}],"id":214898,"pointables":[],"r":[[-0.673413,-0.727652,-0.130527],[-0.726367,0.684107,-0.0662453],[0.137498,0.0502002,-0.989229]],"s":971.733,"t":[2345.9,-23353.2,10385.4],"timestamp":5884248599},
{"hands":[{"direction":[-0.272744,0.557842,-0.778221],"id":5,"palmNormal":[-0.390347,-0.809092,-0.423607],"palmPosition":[25.319,168.259,41.1975],"palmVelocity":[78.6736,-235.176,289.466],"r":[[0.995389,0.0876981,0.038853],[-0.0912919,0.990464,0.103188],[-0.029433,-0.106259,0.993903]],"s":0.782334,"sphereCenter":[17.0547,192.921,9.61718],"sphereRadius":69.7622,"t":[-11.5258,68.9096,-69.9727]}],"id":214899,"pointables":[{"direction":[-0.540477,0.350001,-0.765104],"handId":5,"id":10,"length":46.273,"tipPosition":[-24.9156,208.977,-7.61168],"tipVelocity":[1170.01,67.3986,-208.71],"tool":false}],"r":[[-0.677138,-0.723995,-0.131586],[-0.721838,0.68827,-0.0723489],[0.142947,0.0459934,-0.988661]],"s":971.728,"t":[2357.25,-23351.3,10383.9],"timestamp":5884257418},
{"hands":[{"direction":[-0.274526,0.555391,-0.779995],"id":5,"palmNormal":[-0.409752,-0.80504,-0.411536],"palmPosition":[26.6114,165.342,45.3907],"palmVelocity":[149.621,-337.692,485.432],"r":[[0.994974,0.0918546,0.0398593],[-0.0956935,0.989482,0.108485],[-0.0294752,-0.111755,0.993299]],"s":0.779086,"sphereCenter":[21.6588,195.257,17.5052],"sphereRadius":71.9226,"t":[0.986202,68.6089,-70.975]}],"id":214900,"pointables":[{"direction":[-0.532861,0.410477,-0.739978],"handId":5,"id":10,"length":45.3653,"tipPosition":[-11.2392,206.47,-8.10875],"tipVelocity":[1583.28,-290.166,-57.5436],"tool":false}],"r":[[-0.680097,-0.721057,-0.132459],[-0.718175,0.691565,-0.0772235],[0.147286,0.0426088,-0.988176]],"s":971.725,"t":[2369.76,-23351.6,10382.9],"timestamp":5884266056},
{"hands":[{"direction":[-0.276082,0.555808,-0.779759],"id":5,"palmNormal":[-0.427851,-0.799619,-0.403242],"palmPosition":[27.6786,163.871,46.5195],"palmVelocity":[118.157,-162.877,124.982],"r":[[0.994629,0.0951746,0.0406823],[-0.0992139,0.988661,0.112717],[-0.0294932,-0.116148,0.992794]],"s":0.776813,"sphereCenter":[25.6414,197.124,24.0858],"sphereRadius":73.4749,"t":[11.2092,68.074,-71.5512]}],"id":214901,"pointables":[],"r":[[-0.682451,-0.718697,-0.133173],[-0.715218,0.694178,-0.0811178],[0.150745,0.0398891,-0.987768]],"s":971.723,"t":[2379.99,-23352.2,10382.4],"timestamp":5884275088},
{"hands":[{"direction":[-0.276537,0.557832,-0.778673],"id":5,"palmNormal":[-0.444189,-0.793527,-0.397923],"palmPosition":[28.4634,163.279,46.3015],"palmVelocity":[92.0682,-69.4415,-25.573],"r":[[0.994344,0.0978272,0.041352],[-0.10203,0.987983,0.116098],[-0.0294976,-0.119661,0.992377]],"s":0.775222,"sphereCenter":[30.5069,202.036,30.9151],"sphereRadius":77.5751,"t":[25.392,63.7221,-72.0775]}],"id":214902,"pointables":[{"direction":[-0.491206,0.381935,-0.782842],"handId":5,"id":10,"length":43.9994,"tipPosition":[6.90344,198.301,-8.58539],"tipVelocity":[1033.41,-465.304,-27.1496],"tool":false}],"r":[[-0.684325,-0.716805,-0.133756],[-0.712836,0.696254,-0.0842296],[0.153504,0.0377056,-0.987428]],"s":971.721,"t":[2394.17,-23356.5,10381.8],"timestamp":5884283612},
{"hands":[{"direction":[-0.275844,0.558686,-0.778782],"id":5,"palmNormal":[-0.457212,-0.788963,-0.3934],"palmPosition":[29.0683,162.885,45.7147],"palmVelocity":[70.6437,-45.9996,-68.5296],"r":[[0.99411,0.099947,0.0418951],[-0.104282,0.987427,0.1188],[-0.0294946,-0.122469,0.992034]],"s":0.774109,"sphereCenter":[34.7075,206.418,36.8674],"sphereRadius":81.2934,"t":[36.8593,60.1619,-72.616]}],"id":214903,"pointables":[],"r":[[-0.685819,-0.715287,-0.134229],[-0.710921,0.697905,-0.0867167],[0.155706,0.035954,-0.987149]],"s":971.72,"t":[2405.64,-23360.1,10381.3],"timestamp":5884292175},
{"hands":[{"direction":[-0.275874,0.55791,-0.779742],"id":5,"palmNormal":[-0.465956,-0.786955,-0.388962],"palmPosition":[29.8231,162.011,46.1034],"palmVelocity":[85.6871,-99.2361,44.128],"r":[[0.99392,0.101641,0.0423342],[-0.106083,0.986973,0.12096],[-0.0294881,-0.124716,0.991754]],"s":0.77333,"sphereCenter":[38.5344,211.518,41.9932],"sphereRadius":85.5527,"t":[39.1666,56.585,-62.9983]}],"id":214904,"pointables":[{"direction":[-0.183839,0.252589,-0.949949],"handId":5,"id":2,"length":58.921,"tipPosition":[-17.3382,238.731,-34.1917],"tipVelocity":[-79.0217,-41.4397,228.026],"tool":false}],"r":[[-0.68701,-0.714071,-0.134611],[-0.709382,0.69922,-0.0887048],[0.157464,0.0345496,-0.98692]],"s":971.719,"t":[2407.94,-23363.7,10390.9],"timestamp":5884300984},
{"hands":[{"direction":[-0.276417,0.556393,-0.780983],"id":5,"palmNormal":[-0.472919,-0.785985,-0.384277],"palmPosition":[30.4777,161.48,45.9439],"palmVelocity":[76.7357,-62.3284,-18.6947],"r":[[0.993765,0.102996,0.0426885],[-0.107524,0.986604,0.122687],[-0.0294803,-0.126512,0.991527]],"s":0.772784,"sphereCenter":[41.9848,216.331,45.8063],"sphereRadius":89.2932,"t":[38.566,53.4917,-52.1309]}],"id":214905,"pointables":[{"direction":[-0.200122,0.256654,-0.945558],"handId":5,"id":2,"length":56.1168,"tipPosition":[-20.8468,236.121,-22.0748],"tipVelocity":[-411.273,-305.89,1420.34],"tool":false}],"r":[[-0.687961,-0.713096,-0.13492],[-0.708146,0.700269,-0.0902943],[0.158869,0.0334241,-0.986734]],"s":971.719,"t":[2407.34,-23366.7,10401.8],"timestamp":5884309515},
{"hands":[{"direction":[-0.278082,0.55407,-0.782322],"id":5,"palmNormal":[-0.477531,-0.786406,-0.379417],"palmPosition":[31.3206,160.454,46.9072],"palmVelocity":[94.5265,-115.028,108.028],"r":[[0.99364,0.104079,0.0429738],[-0.108676,0.986305,0.124068],[-0.0294724,-0.127949,0.991343]],"s":0.772403,"sphereCenter":[44.9149,220.313,48.8391],"sphereRadius":92.316,"t":[37.632,51.3313,-44.3007]}],"id":214906,"pointables":[{"direction":[-0.212223,0.269515,-0.939321],"handId":5,"id":2,"length":53.5147,"tipPosition":[-22.1141,234.894,-17.2816],"tipVelocity":[-142.128,-137.682,537.534],"tool":false}],"r":[[-0.68872,-0.712316,-0.135169],[-0.707155,0.701105,-0.0915653],[0.159991,0.0325224,-0.986583]],"s":971.719,"t":[2406.41,-23368.9,10409.6],"timestamp":5884318432},
{"hands":[{"direction":[-0.278494,0.552527,-0.783537],"id":5,"palmNormal":[-0.482597,-0.785884,-0.375604],"palmPosition":[31.5779,160.744,45.4355],"palmVelocity":[30.5811,34.47,-174.959],"r":[[0.993539,0.104945,0.0432032],[-0.109598,0.986063,0.125172],[-0.0294649,-0.129098,0.991194]],"s":0.772136,"sphereCenter":[47.6667,224.042,51.4826],"sphereRadius":95.2694,"t":[36.8426,49.6139,-39.6886]}],"id":214907,"pointables":[{"direction":[-0.227021,0.253024,-0.940447],"handId":5,"id":2,"length":50.7467,"tipPosition":[-22.759,233.619,-15.8878],"tipVelocity":[-76.6604,-151.478,165.696],"tool":false}],"r":[[-0.689326,-0.711691,-0.135369],[-0.70636,0.701772,-0.0925816],[0.160888,0.0318003,-0.98646]],"s":971.718,"t":[2405.62,-23370.6,10414.2],"timestamp":5884326844},
{"hands":[{"direction":[-0.279262,0.549783,-0.785395],"id":5,"palmNormal":[-0.485794,-0.786661,-0.371235],"palmPosition":[32.0199,160.401,45.3914],"palmVelocity":[50.3547,-39.056,-5.01446],"r":[[0.993458,0.105638,0.0433876],[-0.110336,0.985868,0.126055],[-0.0294583,-0.130017,0.991074]],"s":0.771949,"sphereCenter":[49.882,227.118,53.4938],"sphereRadius":97.639,"t":[36.1029,48.2975,-37.1897]}],"id":214908,"pointables":[{"direction":[-0.238195,0.267628,-0.933616],"handId":5,"id":2,"length":48.0105,"tipPosition":[-23.4489,232.704,-15.502],"tipVelocity":[-78.5889,-104.279,43.9445],"tool":false}],"r":[[-0.689811,-0.711191,-0.13553],[-0.705723,0.702305,-0.0933944],[0.161605,0.0312221,-0.986362]],"s":971.718,"t":[2404.88,-23371.9,10416.7],"timestamp":5884335623},
{"hands":[{"direction":[-0.279575,0.546276,-0.787873],"id":5,"palmNormal":[-0.487954,-0.788025,-0.366716],"palmPosition":[32.3851,160.28,45.0841],"palmVelocity":[42.8842,-14.1679,-36.0929],"r":[[0.993392,0.106192,0.0435356],[-0.110926,0.985711,0.126761],[-0.0294526,-0.130753,0.990977]],"s":0.771818,"sphereCenter":[51.8333,230.079,55.1828],"sphereRadius":99.9745,"t":[35.2605,47.2555,-35.9469]}],"id":214909,"pointables":[{"direction":[-0.251779,0.237021,-0.938311],"handId":5,"id":2,"length":45.1779,"tipPosition":[-24.3941,231.936,-15.5153],"tipVelocity":[-110.999,-90.145,-1.55393],"tool":false}],"r":[[-0.690198,-0.710791,-0.135659],[-0.705213,0.702731,-0.0940445],[0.162178,0.0307592,-0.986282]],"s":971.718,"t":[2404.04,-23373,10418],"timestamp":5884344138},
{"hands":[{"direction":[-0.285052,0.534202,-0.793453],"id":5,"palmNormal":[-0.478951,-0.797807,-0.356286],"palmPosition":[32.3931,160.123,43.7997],"palmVelocity":[0.306592,-5.99741,-48.9796],"r":[[0.99334,0.106635,0.0436543],[-0.111398,0.985585,0.127326],[-0.0294477,-0.131341,0.9909]],"s":0.771726,"sphereCenter":[50.3131,227.442,53.6713],"sphereRadius":96.9295,"t":[33.7215,45.9059,-33.6203]}],"id":214912,"pointables":[{"direction":[-0.264812,0.261807,-0.928079],"handId":5,"id":2,"length":44.3548,"tipPosition":[-26.6297,230.279,-12.1049],"tipVelocity":[-85.2533,-63.1985,130.054],"tool":false}],"r":[[-0.690507,-0.71047,-0.135763],[-0.704804,0.703071,-0.0945644],[0.162636,0.0303886,-0.986218]],"s":971.718,"t":[2402.5,-23374.3,10420.3],"timestamp":5884370361},
{"hands":[{"direction":[-0.28987,0.527228,-0.796308],"id":5,"palmNormal":[-0.472046,-0.804341,-0.351294],"palmPosition":[32.6262,160.106,43.1917],"palmVelocity":[27.1384,-1.99969,-70.7976],"r":[[0.993297,0.106989,0.0437494],[-0.111775,0.985484,0.127778],[-0.0294436,-0.131811,0.990837]],"s":0.771662,"sphereCenter":[47.995,223.596,52.0837],"sphereRadius":93.7483,"t":[31.6903,43.9409,-31.4329]}],"id":214913,"pointables":[{"direction":[-0.283206,0.286382,-0.915303],"handId":5,"id":2,"length":43.3498,"tipPosition":[-29.1529,227.699,-10.0567],"tipVelocity":[-293.809,-300.469,238.488],"tool":false}],"r":[[-0.690755,-0.710214,-0.135846],[-0.704477,0.703343,-0.0949803],[0.163002,0.0300921,-0.986167]],"s":971.718,"t":[2400.47,-23376.3,10422.5],"timestamp":5884378949},
{"hands":[{"direction":[-0.290641,0.526625,-0.796724],"id":5,"palmNormal":[-0.469698,-0.805599,-0.352889],"palmPosition":[32.6601,161.13,41.768],"palmVelocity":[3.85699,116.578,-161.989],"r":[[0.993263,0.107272,0.0438257],[-0.112077,0.985403,0.128139],[-0.0294402,-0.132188,0.990787]],"s":0.771617,"sphereCenter":[44.4097,217.556,48.9326],"sphereRadius":90.1154,"t":[29.2914,42.0355,-29.8116]}],"id":214914,"pointables":[{"direction":[-0.301073,0.317523,-0.899186],"handId":5,"id":2,"length":42.3136,"tipPosition":[-31.9196,225.853,-9.0016],"tipVelocity":[-314.794,-209.989,120.05],"tool":false}],"r":[[-0.690953,-0.710009,-0.135912],[-0.704215,0.70356,-0.095313],[0.163295,0.0298547,-0.986125]],"s":971.718,"t":[2398.07,-23378.2,10424.1],"timestamp":5884387738},
{"hands":[{"direction":[-0.293596,0.521394,-0.799159],"id":5,"palmNormal":[-0.46727,-0.809508,-0.347978],"palmPosition":[32.0912,163.022,38.6626],"palmVelocity":[-67.4532,224.308,-368.203],"r":[[0.993236,0.107499,0.0438868],[-0.112319,0.985338,0.128428],[-0.0294374,-0.132489,0.990747]],"s":0.771586,"sphereCenter":[39.1675,210.5,42.8525],"sphereRadius":86.5702,"t":[26.8496,40.1508,-28.6411]}],"id":214915,"pointables":[{"direction":[-0.319416,0.34685,-0.881855],"handId":5,"id":2,"length":41.2479,"tipPosition":[-34.4044,223.989,-8.28179],"tipVelocity":[-294.61,-221.03,85.3469],"tool":false}],"r":[[-0.691111,-0.709844,-0.135966],[-0.704006,0.703734,-0.0955791],[0.16353,0.0296648,-0.986092]],"s":971.718,"t":[2395.63,-23380.1,10425.3],"timestamp":5884396172},
{"hands":[{"direction":[-0.292276,0.507685,-0.807539],"id":5,"palmNormal":[-0.470887,-0.8137,-0.331581],"palmPosition":[30.7857,166.396,29.9998],"palmVelocity":[-148.094,382.757,-982.734],"r":[[0.993214,0.10768,0.0439357],[-0.112512,0.985286,0.128659],[-0.0294351,-0.132729,0.990715]],"s":0.771564,"sphereCenter":[33.3967,203.396,35.7199],"sphereRadius":84.0477,"t":[24.6236,38.3245,-27.6219]}],"id":214916,"pointables":[{"direction":[-0.339873,0.357454,-0.869893],"handId":5,"id":2,"length":40.1215,"tipPosition":[-36.4146,222.221,-7.41398],"tipVelocity":[-228.047,-200.549,98.446],"tool":false}],"r":[[-0.691237,-0.709713,-0.136008],[-0.703838,0.703872,-0.0957919],[0.163717,0.0295128,-0.986066]],"s":971.718,"t":[2393.4,-23381.9,10426.3],"timestamp":5884404987},
{"hands":[{"direction":[-0.29004,0.492559,-0.816649],"id":5,"palmNormal":[-0.473558,-0.818289,-0.314759],"palmPosition":[29.8445,168.338,24.0208],"palmVelocity":[-112.285,231.672,-713.228],"r":[[0.993197,0.107826,0.0439749],[-0.112667,0.985244,0.128844],[-0.0294333,-0.132922,0.990689]],"s":0.771548,"sphereCenter":[28.4127,197.312,28.5801],"sphereRadius":82.1015,"t":[22.4845,36.5621,-26.8963]}],"id":214917,"pointables":[{"direction":[-0.357691,0.371377,-0.856817],"handId":5,"id":2,"length":39.0424,"tipPosition":[-38.4667,220.522,-6.98199],"tipVelocity":[-244.798,-202.619,51.532],"tool":false}],"r":[[-0.691339,-0.709608,-0.136043],[-0.703703,0.703983,-0.0959622],[0.163867,0.0293912,-0.986044]],"s":971.718,"t":[2391.26,-23383.7,10427],"timestamp":5884413370},
{"hands":[{"direction":[-0.277134,0.486688,-0.82401],"id":5,"palmNormal":[-0.472381,-0.819275,-0.315611],"palmPosition":[28.8389,170.585,17.5507],"palmVelocity":[-114.578,255.974,-737.251],"r":[[0.993183,0.107942,0.0440062],[-0.112791,0.98521,0.128992],[-0.0294318,-0.133076,0.990669]],"s":0.771537,"sphereCenter":[23.3418,191.236,21.2352],"sphereRadius":80.9395,"t":[20.3441,34.6585,-26.5568]}],"id":214918,"pointables":[{"direction":[-0.372645,0.380727,-0.846276],"handId":5,"id":2,"length":37.9638,"tipPosition":[-40.6085,218.478,-7.02845],"tipVelocity":[-244.045,-232.999,-5.29394],"tool":false}],"r":[[-0.69142,-0.709524,-0.13607],[-0.703596,0.704072,-0.0960984],[0.163987,0.0292939,-0.986027]],"s":971.718,"t":[2389.12,-23385.6,10427.3],"timestamp":5884422146},
