[
{"hands":[{"direction":[-0.190211,0.394362,-0.889222],"id":3,"palmNormal":[-0.469945,-0.828216,-0.274628],"palmPosition":[88.7361,229.884,47.596],"palmVelocity":[49.7331,-6.42378,-199.277],"r":[[0.571083,0.793493,0.210316],[-0.808359,0.588193,-0.0241895],[-0.142901,-0.156197,0.977334]],"s":1.63996,"sphereCenter":[76.7336,250.521,18.6727],"sphereRadius":60.2335,"t":[107.848,38.0549,10.1297]},{"direction":[-0.174064,0.239478,-0.936419],"id":2,"palmNormal":[0.686083,-0.564199,-0.319985],"palmPosition":[-52.862,158.41,76.7775],"palmVelocity":[-19.4548,295.774,-59.0965],"r":[[-0.676372,-0.226779,-0.70078],[-0.247099,-0.826423,0.505932],[-0.693875,0.51536,0.502933]],"s":1.32684,"sphereCenter":[-52.283,169.089,51.8074],"sphereRadius":61.7121,"t":[-42.6221,-91.7258,-8.27634]},{"direction":[0.0394547,0.313082,-0.803301],"id":18,"palmNormal":[0.378337,-0.724781,-0.236244],"palmPosition":[-83.2984,170.78,211.322],"palmVelocity":[-83.1529,-106.388,-1061.96],"r":[[1,0,0],[0,1,0],[0,0,1]],"s":1,"sphereCenter":[-75.2524,162.742,187.41],"sphereRadius":52.479,"t":[-0.359553,-0.460021,-4.59189]}],"id":83267,"pointables":[{"direction":[-0.0694421,-0.0550906,-0.996064],"handId":2,"id":10,"length":35.9188,"tipPosition":[-54.6986,153.764,-11.3816],"tipVelocity":[-201.745,-1951.85,-178.292],"tool":false},{"direction":[-0.22305,0.484566,-0.845839],"handId":3,"id":11,"length":49.2751,"tipPosition":[50.4506,243.288,14.3516],"tipVelocity":[-1617.95,-4582.51,1088.45],"tool":false}],"r":[[0.179956,-0.93585,0.302987],[0.909503,0.275634,0.311174],[-0.374726,0.21957,0.90076]],"s":904.554,"t":[-2018.48,-13098.7,4751.76],"timestamp":25624592776},
{"hands":[{"direction":[-0.191116,0.40195,-0.886789],"id":3,"palmNormal":[-0.467551,-0.828272,-0.283866],"palmPosition":[88.9142,229.012,46.4168],"palmVelocity":[20.3774,-99.7296,-134.897],"r":[[0.56511,0.797286,0.212098],[-0.811809,0.58319,-0.0292691],[-0.147029,-0.155643,0.97681]],"s":1.63767,"sphereCenter":[77.6099,250.263,18.2801],"sphereRadius":59.702,"t":[98.6857,16.4245,16.5202]},{"direction":[-0.148742,0.267727,-0.930048],"id":2,"palmNormal":[0.596247,-0.61309,-0.341205],"palmPosition":[-52.3741,154.594,83.2921],"palmVelocity":[55.8151,-436.543,745.289],"r":[[-0.669802,-0.137097,-0.729774],[-0.387913,-0.773427,0.501332],[-0.633158,0.618882,0.464861]],"s":1.33882,"sphereCenter":[-50.9708,165.115,58.1825],"sphereRadius":59.5852,"t":[-42.691,-99.942,-3.08897]},{"direction":[0.0739588,0.259637,-0.826364],"id":18,"palmNormal":[0.344711,-0.775899,-0.163224],"palmPosition":[-84.1041,170.719,210.022],"palmVelocity":[-92.1694,-6.99168,-148.723],"r":[[1,0,0],[0,1,0],[0,0,1]],"s":1,"sphereCenter":[-75.8552,157.399,190.935],"sphereRadius":53.8202,"t":[-0.942156,-0.720589,-7.53784]}],"id":83268,"pointables":[{"direction":[-0.106928,0.0237756,-0.993982],"handId":1,"id":10,"length":37.1815,"tipPosition":[-52.8911,146.724,-10.5287],"tipVelocity":[206.789,-805.46,97.5706],"tool":false},{"direction":[-0.272641,0.514528,-0.812975],"handId":3,"id":11,"length":46.4243,"tipPosition":[43.2481,229.365,19.2484],"tipVelocity":[-823.989,-1592.8,560.214],"tool":false}],"r":[[0.172352,-0.942769,0.285448],[0.912992,0.261678,0.313001],[-0.369783,0.206665,0.905842]],"s":904.492,"t":[-2022.18,-13113.8,4755.97],"timestamp":25624601517},
{"hands":[{"direction":[-0.198542,0.399761,-0.887161],"id":3,"palmNormal":[-0.46092,-0.835105,-0.278694],"palmPosition":[88.8833,227.34,45.9409],"palmVelocity":[-3.55507,-192.302,-54.739],"r":[[0.560309,0.800296,0.213495],[-0.814527,0.579166,-0.0333396],[-0.150331,-0.155217,0.976375]],"s":1.63606,"sphereCenter":[78.1796,248.112,18.339],"sphereRadius":58.7217,"t":[92.5429,3.06868,20.9225]},{"direction":[-0.129641,0.287877,-0.926774],"id":2,"palmNormal":[0.510967,-0.657492,-0.354298],"palmPosition":[-52.1826,154.844,80.5484],"palmVelocity":[22.0301,28.7851,-315.582],"r":[[-0.65466,-0.0665431,-0.752989],[-0.493436,-0.717007,0.492364],[-0.572662,0.693882,0.436561]],"s":1.34722,"sphereCenter":[-50.3465,163.471,58.1958],"sphereRadius":59.47,"t":[-41.8144,-105.061,0.145365]},{"direction":[0.121138,0.250767,-0.836428],"id":18,"palmNormal":[0.370735,-0.797378,-0.126992],"palmPosition":[-81.8652,168.814,187.839],"palmVelocity":[257.525,-219.073,-2551.52],"r":[[1,0,0],[0,1,0],[0,0,1]],"s":1,"sphereCenter":[-75.1675,158.707,187.074],"sphereRadius":50.7851,"t":[-0.113997,-1.80318,-20.1023]}],"id":83269,"pointables":[{"direction":[-0.139038,0.131826,-0.981473],"handId":2,"id":10,"length":38.5022,"tipPosition":[-51.069,144.702,-9.24742],"tipVelocity":[209.581,-232.477,147.376],"tool":false},{"direction":[-0.292816,0.55997,-0.775043],"handId":3,"id":11,"length":43.5921,"tipPosition":[40.1248,224.284,21.6625],"tipVelocity":[-359.246,-584.46,277.677],"tool":false}],"r":[[0.166039,-0.949034,0.267892],[0.916804,0.248614,0.312507],[-0.363182,0.193717,0.911358]],"s":904.436,"t":[-2024.35,-13123.1,4759],"timestamp":25624610211},
{"hands":[{"direction":[-0.210017,0.383004,-0.891474],"id":3,"palmNormal":[-0.446367,-0.849114,-0.2563],"palmPosition":[88.7996,224.389,47.1029],"palmVelocity":[-9.77412,-344.575,135.687],"r":[[0.55381,0.803385,0.218787],[-0.818902,0.573071,-0.0314475],[-0.150645,-0.161749,0.975266]],"s":1.63297,"sphereCenter":[78.7092,244.857,18.3977],"sphereRadius":58.2368,"t":[88.2713,-5.81517,23.463]},{"direction":[-0.0982087,0.311493,-0.919852],"id":2,"palmNormal":[0.418945,-0.689896,-0.37441],"palmPosition":[-52.0464,155.758,78.7534],"palmVelocity":[15.91,106.721,-209.591],"r":[[-0.63645,-0.0117557,-0.771228],[-0.57195,-0.663656,0.482114],[-0.517498,0.747946,0.41566]],"s":1.35311,"sphereCenter":[-49.8036,162.534,58.7516],"sphereRadius":59.1206,"t":[-40.5913,-106.791,2.47521]},{"direction":[0.159047,0.213795,-0.849286],"id":18,"palmNormal":[0.349152,-0.830244,-0.0779097],"palmPosition":[-82.6334,169.678,200.521],"palmVelocity":[-89.7118,100.831,1480.9],"r":[[1,0,0],[0,1,0],[0,0,1]],"s":1,"sphereCenter":[-75.6733,155.975,190.288],"sphereRadius":51.3071,"t":[-0.0840631,-1.91272,-20.0433]}],"id":83270,"pointables":[{"direction":[-0.152088,-0.13123,-0.979616],"handId":3,"id":14,"length":45.8131,"tipPosition":[81.9223,239.339,-50.3917],"tipVelocity":[-375.558,-676.704,19.4838],"tool":false},{"direction":[-0.141339,0.129754,-0.981421],"handId":2,"id":10,"length":39.3883,"tipPosition":[-49.4993,146.361,-7.82205],"tipVelocity":[183.284,193.605,166.436],"tool":false},{"direction":[-0.300071,0.600821,-0.740926],"handId":3,"id":11,"length":40.7994,"tipPosition":[38.5408,221.255,22.8532],"tipVelocity":[-184.968,-353.625,139.038],"tool":false}],"r":[[0.163261,-0.952654,0.256507],[0.918489,0.241682,0.312997],[-0.360171,0.184499,0.91446]],"s":904.387,"t":[-2026.23,-13129.2,4761.11],"timestamp":25624618775},
{"hands":[{"direction":[-0.208453,0.393402,-0.888007],"id":3,"palmNormal":[-0.433467,-0.849603,-0.27634],"palmPosition":[88.7592,222.825,46.725],"palmVelocity":[-4.64751,-179.941,-43.477],"r":[[0.548588,0.805799,0.223025],[-0.82237,0.568163,-0.0299665],[-0.150862,-0.16697,0.974352]],"s":1.63082,"sphereCenter":[79.1966,244.509,18.7025],"sphereRadius":58.8303,"t":[84.506,-13.2802,25.1469]},{"direction":[-0.0596152,0.330968,-0.912343],"id":2,"palmNormal":[0.331607,-0.715037,-0.393396],"palmPosition":[-51.9907,157.06,77.5865],"palmVelocity":[6.40594,149.859,-134.253],"r":[[-0.618175,0.0305883,-0.785445],[-0.63038,-0.616206,0.472135],[-0.469554,0.786991,0.400205]],"s":1.35723,"sphereCenter":[-49.4501,162.057,58.986],"sphereRadius":58.8252,"t":[-39.9519,-107.005,3.05667]},{"direction":[0.192181,0.192885,-0.859667],"id":18,"palmNormal":[0.34073,-0.854993,-0.050188],"palmPosition":[-83.8157,170.465,209.088],"palmVelocity":[-136.022,90.505,985.527],"r":[[1,0,0],[0,1,0],[0,0,1]],"s":1,"sphereCenter":[-77.4341,157.996,194.163],"sphereRadius":49.7504,"t":[-0.660246,-1.57416,-15.7307]}],"id":83271,"pointables":[{"direction":[-0.167505,-0.141899,-0.975606],"handId":3,"id":14,"length":46.113,"tipPosition":[78.6632,233.293,-49.5645],"tipVelocity":[-374.96,-695.608,95.17],"tool":false}],"r":[[0.161554,-0.954572,0.250386],[0.919074,0.237946,0.31414],[-0.359448,0.179373,0.915763]],"s":904.36,"t":[-2028.8,-13135.4,4762.58],"timestamp":25624627467},
{"hands":[{"direction":[-0.208836,0.403665,-0.883903],"id":3,"palmNormal":[-0.417955,-0.850817,-0.295631],"palmPosition":[88.4686,220.941,46.2202],"palmVelocity":[-34.1665,-221.46,-59.3502],"r":[[0.544396,0.807693,0.226419],[-0.825123,0.564218,-0.0288027],[-0.151014,-0.171144,0.973604]],"s":1.62931,"sphereCenter":[79.5027,244.124,19.3231],"sphereRadius":59.7033,"t":[80.8356,-20.3817,26.6881]},{"direction":[-0.0241783,0.349006,-0.904809],"id":2,"palmNormal":[0.252539,-0.734139,-0.411778],"palmPosition":[-51.9882,158.717,76.8683],"palmVelocity":[0.290025,194.713,-84.4375],"r":[[-0.601308,0.0633124,-0.796505],[-0.674051,-0.575478,0.46312],[-0.42905,0.815363,0.388715]],"s":1.36012,"sphereCenter":[-49.4173,162.962,58.3567],"sphereRadius":57.7774,"t":[-52.1569,-119.784,10.2499]},{"direction":[0.202786,0.176683,-0.874574],"id":18,"palmNormal":[0.329999,-0.876394,-0.0402926],"palmPosition":[-84.8578,171.926,212.552],"palmVelocity":[-122.506,171.796,407.253],"r":[[1,0,0],[0,1,0],[0,0,1]],"s":1,"sphereCenter":[-78.0443,157.298,196.325],"sphereRadius":49.8125,"t":[-1.46936,-0.674228,-11.8423]}],"id":83272,"pointables":[{"direction":[-0.19121,-0.169118,-0.96687],"handId":3,"id":14,"length":46.4858,"tipPosition":[75.0876,226.555,-48.1659],"tipVelocity":[-420.356,-792.131,164.414],"tool":false},{"direction":[-0.167968,0.599401,-0.782627],"handId":2,"id":11,"length":37.7749,"tipPosition":[13.4914,195.91,36.6582],"tipVelocity":[-1456.53,-1473.74,802.707],"tool":false}],"r":[[0.159426,-0.960782,0.226893],[0.927752,0.224371,0.298218],[-0.337431,0.162957,0.927138]],"s":904.428,"t":[-2037.24,-13146.4,4767.12],"timestamp":25624635973},
{"hands":[{"direction":[-0.220544,0.402094,-0.882217],"id":3,"palmNormal":[-0.384045,-0.862385,-0.302407],"palmPosition":[87.61,218.266,46.049],"palmVelocity":[-95.7625,-298.393,-19.1004],"r":[[0.541033,0.809185,0.229136],[-0.827312,0.561049,-0.0278852],[-0.151121,-0.17448,0.972995]],"s":1.62825,"sphereCenter":[79.4004,242.837,20.0217],"sphereRadius":60.2969,"t":[77.1295,-27.4817,28.563]},{"direction":[-0.00455658,0.342228,-0.910099],"id":2,"palmNormal":[0.216251,-0.768673,-0.393629],"palmPosition":[-52.6753,161.202,80.5257],"palmVelocity":[-76.6343,277.204,407.924],"r":[[-0.586451,0.0886618,-0.805117],[-0.706904,-0.541279,0.455305],[-0.395425,0.836155,0.380109]],"s":1.36215,"sphereCenter":[-49.5311,164.483,58.5834],"sphereRadius":56.8714,"t":[-67.748,-135.216,18.4315]}],"id":83273,"pointables":[{"direction":[-0.194648,-0.172324,-0.965617],"handId":3,"id":14,"length":46.4972,"tipPosition":[71.346,219.457,-45.9574],"tipVelocity":[-417.316,-791.725,246.326],"tool":false},{"direction":[-0.0411752,0.570372,-0.820354],"handId":2,"id":11,"length":35.7479,"tipPosition":[-5.48576,177.826,45.8282],"tipVelocity":[-2116.56,-2016.97,1022.75],"tool":false}],"r":[[0.158325,-0.967486,0.197241],[0.937578,0.209953,0.277249],[-0.309646,0.141034,0.940335]],"s":904.52,"t":[-2047.14,-13158.3,4772.23],"timestamp":25624644939},
{"hands":[{"direction":[-0.224802,0.405229,-0.880481],"id":3,"palmNormal":[-0.363422,-0.868053,-0.312587],"palmPosition":[87.1315,215.951,46.2303],"palmVelocity":[-56.1513,-271.676,21.2876],"r":[[0.538337,0.810363,0.231311],[-0.829055,0.558507,-0.0271598],[-0.151198,-0.177149,0.972501]],"s":1.62751,"sphereCenter":[79.714,241.5,20.9136],"sphereRadius":60.9137,"t":[73.3483,-34.6563,30.9753]},{"direction":[0.00851241,0.339321,-0.914245],"id":2,"palmNormal":[0.171129,-0.79616,-0.383048],"palmPosition":[-53.246,163.345,82.8623],"palmVelocity":[-66.974,251.439,274.215],"r":[[-0.573735,0.108366,-0.81184],[-0.731801,-0.51297,0.448698],[-0.367826,0.851539,0.373611]],"s":1.36356,"sphereCenter":[-49.9005,166.443,58.1444],"sphereRadius":55.8045,"t":[-79.4316,-144.087,24.6857]}],"id":83274,"pointables":[{"direction":[-0.230498,-0.215184,-0.948982],"handId":3,"id":14,"length":46.7479,"tipPosition":[67.4896,212.208,-43.0077],"tipVelocity":[-452.574,-850.743,346.165],"tool":false},{"direction":[0.0640055,0.526698,-0.84764],"handId":2,"id":11,"length":34.0326,"tipPosition":[-13.2618,175.516,50.1551],"tipVelocity":[-912.58,-271.098,507.796],"tool":false}],"r":[[0.164047,-0.971253,0.172498],[0.942093,0.206105,0.264541],[-0.292489,0.119112,0.948822]],"s":904.589,"t":[-2054.99,-13166.6,4776.6],"timestamp":25624653460},
{"hands":[{"direction":[-0.229968,0.412738,-0.876059],"id":3,"palmNormal":[-0.350176,-0.869482,-0.325776],"palmPosition":[86.818,214.171,46.1464],"palmVelocity":[-35.416,-201.092,-9.47823],"r":[[0.536176,0.811296,0.233052],[-0.830444,0.556467,-0.026585],[-0.151254,-0.179282,0.972101]],"s":1.62699,"sphereCenter":[80.2111,240.073,21.6479],"sphereRadius":61.3856,"t":[69.4751,-41.9306,33.9363]},{"direction":[0.0185235,0.333176,-0.919177],"id":2,"palmNormal":[0.137606,-0.821494,-0.369049],"palmPosition":[-53.8805,166.43,83.8205],"palmVelocity":[-71.6804,348.536,108.24],"r":[[-0.563053,0.123742,-0.817104],[-0.750807,-0.489757,0.443201],[-0.34534,0.863033,0.368665]],"s":1.36455,"sphereCenter":[-50.3828,168.876,57.669],"sphereRadius":54.8602,"t":[-86.5446,-147.644,28.5836]}],"id":83275,"pointables":[{"direction":[-0.221464,-0.21363,-0.951481],"handId":3,"id":14,"length":47.0275,"tipPosition":[63.5244,204.833,-39.4979],"tipVelocity":[-447.943,-833.035,396.499],"tool":false},{"direction":[0.138937,0.503123,-0.852973],"handId":2,"id":11,"length":32.7955,"tipPosition":[-15.8044,177.274,51.6965],"tipVelocity":[-287.23,198.591,174.129],"tool":false}],"r":[[0.177033,-0.971948,0.154845],[0.941135,0.21321,0.26231],[-0.287967,0.0992928,0.952479]],"s":904.628,"t":[-2060.55,-13172.1,4780.05],"timestamp":25624662312},
{"hands":[{"direction":[-0.242263,0.416329,-0.871074],"id":3,"palmNormal":[-0.338049,-0.873189,-0.33151],"palmPosition":[86.4774,212.532,46.3174],"palmVelocity":[-39.6864,-190.972,19.9198],"r":[[0.534446,0.812037,0.234444],[-0.831551,0.554833,-0.0261288],[-0.151295,-0.180988,0.971778]],"s":1.62663,"sphereCenter":[79.9602,237.658,22.6755],"sphereRadius":61.3907,"t":[65.6177,-48.9456,37.4725]},{"direction":[0.0328625,0.333567,-0.920935],"id":2,"palmNormal":[0.114955,-0.840758,-0.364252],"palmPosition":[-54.5105,170.084,83.242],"palmVelocity":[-73.4023,425.77,-67.4074],"r":[[-0.554194,0.135784,-0.821238],[-0.765419,-0.470848,0.438675],[-0.327113,0.871702,0.364872]],"s":1.36525,"sphereCenter":[-51.026,171.731,57.1374],"sphereRadius":54.1336,"t":[-90.8336,-148.275,30.8992]}],"id":83276,"pointables":[{"direction":[-0.218721,-0.21596,-0.951589],"handId":3,"id":14,"length":47.6665,"tipPosition":[59.6828,198.078,-35.3866],"tipVelocity":[-447.632,-787.183,479.058],"tool":false},{"direction":[0.191087,0.465754,-0.864037],"handId":2,"id":11,"length":32.3345,"tipPosition":[-17.2692,179.567,52.43],"tipVelocity":[-170.679,267.266,85.4688],"tool":false}],"r":[[0.19646,-0.97008,0.142645],[0.935478,0.229025,0.269125],[-0.293742,0.0805692,0.952483]],"s":904.642,"t":[-2064.66,-13176,4782.99],"timestamp":25624670894},
{"hands":[{"direction":[-0.260132,0.411255,-0.867749],"id":3,"palmNormal":[-0.322262,-0.881613,-0.326117],"palmPosition":[86.1388,210.334,47.3832],"palmVelocity":[-39.2682,-254.967,123.61],"r":[[0.533059,0.812625,0.235559],[-0.832435,0.553523,-0.025766],[-0.151325,-0.182353,0.971518]],"s":1.62638,"sphereCenter":[79.3498,234.428,24.2223],"sphereRadius":61.0503,"t":[61.7568,-55.3527,41.2954]},{"direction":[0.0173168,0.363515,-0.908319],"id":2,"palmNormal":[0.199204,-0.806046,-0.387895],"palmPosition":[-62.9383,171.092,187.114],"palmVelocity":[-977.475,116.886,12047.3],"r":[[-0.546912,0.145247,-0.824494],[-0.776724,-0.455515,0.434978],[-0.31239,0.878299,0.361944]],"s":1.36574,"sphereCenter":[-56.1086,171.009,83.8343],"sphereRadius":52.1431,"t":[-97.1919,-148.087,83.993]},{"direction":[0.192224,0.296288,-0.753363],"id":18,"palmNormal":[0.104189,-0.679925,-0.168122],"palmPosition":[-72.2431,182.257,195.33],"palmVelocity":[289.707,237.255,-395.499],"r":[[1,0,0],[0,1,0],[0,0,1]],"s":1,"sphereCenter":[-65.8941,164.309,201.017],"sphereRadius":50.524,"t":[0,0,0]}],"id":83277,"pointables":[{"direction":[-0.230731,-0.319712,-0.918993],"handId":3,"id":14,"length":47.4445,"tipPosition":[55.8184,192.279,-31.277],"tipVelocity":[-448.208,-672.622,476.648],"tool":false},{"direction":[0.231317,0.434293,-0.870564],"handId":1,"id":11,"length":31.7628,"tipPosition":[-18.3453,182.442,52.6347],"tipVelocity":[-124.81,333.377,23.7393],"tool":false}],"r":[[0.221416,-0.96579,0.134997],[0.925282,0.251778,0.283658],[-0.307943,0.0621041,0.949376]],"s":904.637,"t":[-2067.94,-13178.7,4785.54],"timestamp":25624679516},
{"hands":[{"direction":[-0.280718,0.405352,-0.863136],"id":3,"palmNormal":[-0.298186,-0.890164,-0.324588],"palmPosition":[85.0383,207.643,47.4951],"palmVelocity":[-127.864,-312.607,13.0057],"r":[[0.53195,0.813093,0.236451],[-0.833141,0.552474,-0.0254773],[-0.151348,-0.183444,0.971309]],"s":1.6262,"sphereCenter":[77.7033,231.593,24.6169],"sphereRadius":59.8335,"t":[59.2761,-59.9016,43.2628]},{"direction":[0.166099,0.320172,-0.77351],"id":18,"palmNormal":[0.189058,-0.699475,-0.214812],"palmPosition":[-78.5876,180.422,215.83],"palmVelocity":[-737.136,-213.129,2381.75],"r":[[1,0,0],[0,1,0],[0,0,1]],"s":1,"sphereCenter":[-68.677,164.786,204.364],"sphereRadius":49.2734,"t":[-3.17226,-0.917201,10.2499]}],"id":83278,"pointables":[{"direction":[0.264639,0.420247,-0.867962],"handId":1,"id":11,"length":31.3599,"tipPosition":[-19.432,185.475,52.7234],"tipVelocity":[-126.253,352.45,10.3038],"tool":false}],"r":[[0.239543,-0.961058,0.137789],[0.915453,0.270848,0.297634],[-0.323364,0.0548427,0.944684]],"s":904.658,"t":[-2070.13,-13178.5,4786.86],"timestamp":25624688123},
{"hands":[{"direction":[-0.295213,0.394868,-0.862903],"id":3,"palmNormal":[-0.274172,-0.899734,-0.317808],"palmPosition":[83.895,204.931,47.9586],"palmVelocity":[-131.551,-312.037,53.3315],"r":[[0.531061,0.813466,0.237164],[-0.833704,0.551634,-0.0252472],[-0.151366,-0.184317,0.971141]],"s":1.62607,"sphereCenter":[76.241,230.117,24.1131],"sphereRadius":59.0978,"t":[57.464,-63.532,44.4783]},{"direction":[0.0940822,0.402646,-0.714354],"id":18,"palmNormal":[0.260129,-0.586333,-0.349869],"palmPosition":[-83.4735,180.089,228.385],"palmVelocity":[-562.174,-38.3949,1444.54],"r":[[1,0,0],[0,1,0],[0,0,1]],"s":1,"sphereCenter":[-73.4546,166.934,211.511],"sphereRadius":47.4635,"t":[-7.20132,-1.54265,21.652]}],"id":83279,"pointables":[{"direction":[0.288406,0.427926,-0.856564],"handId":1,"id":11,"length":31.5226,"tipPosition":[-20.2933,188.859,52.278],"tipVelocity":[-99.1084,389.355,-51.2479],"tool":false}],"r":[[0.253932,-0.956311,0.144875],[0.905938,0.287628,0.31072],[-0.338815,0.052346,0.939396]],"s":904.686,"t":[-2071.65,-13176.7,4787.29],"timestamp":25624696814},
{"hands":[{"direction":[-0.303954,0.378202,-0.866907],"id":3,"palmNormal":[-0.249754,-0.910636,-0.303762],"palmPosition":[82.6675,202.377,48.462],"palmVelocity":[-141.681,-294.807,58.0986],"r":[[0.53035,0.813763,0.237735],[-0.834154,0.550962,-0.0250638],[-0.151379,-0.185015,0.971007]],"s":1.62599,"sphereCenter":[74.759,228.394,23.3583],"sphereRadius":58.6098,"t":[55.9443,-66.6243,45.3377]}],"id":83280,"pointables":[{"direction":[-0.161651,0.0166668,-0.986707],"handId":1,"id":10,"length":53.9775,"tipPosition":[-62.4923,232.004,-3.81086],"tipVelocity":[-127.615,513.316,63.6224],"tool":false},{"direction":[0.307664,0.417354,-0.855078],"handId":1,"id":11,"length":29.7045,"tipPosition":[-21.141,192.369,51.6486],"tipVelocity":[-97.8462,405.116,-72.6475],"tool":false}],"r":[[0.265408,-0.951943,0.152852],[0.898828,0.301657,0.317981],[-0.348808,0.0529933,0.935695]],"s":904.705,"t":[-2072.9,-13173.9,4787.49],"timestamp":25624705478},
{"hands":[{"direction":[-0.308595,0.369781,-0.869535],"id":3,"palmNormal":[-0.234892,-0.917053,-0.298636],"palmPosition":[81.5459,200.51,48.807],"palmVelocity":[-127.183,-211.75,39.1209],"r":[[0.529781,0.814,0.238192],[-0.834514,0.550423,-0.0249174],[-0.151389,-0.185574,0.970898]],"s":1.62593,"sphereCenter":[73.2378,226.275,22.5612],"sphereRadius":58.2693,"t":[54.6236,-69.1042,45.9399]}],"id":83281,"pointables":[{"direction":[-0.120612,-0.128423,-0.984358],"handId":1,"id":10,"length":55.8316,"tipPosition":[-63.3012,235.658,-3.35768],"tipVelocity":[-91.7265,414.347,51.3866],"tool":false},{"direction":[0.319635,0.391075,-0.863072],"handId":1,"id":11,"length":29.4305,"tipPosition":[-22.0055,195.792,50.9561],"tipVelocity":[-98.0178,388.167,-78.5234],"tool":false}],"r":[[0.274322,-0.948107,0.160752],[0.893515,0.3131,0.321868],[-0.355497,0.0553391,0.933038]],"s":904.715,"t":[-2073.95,-13170.6,4787.53],"timestamp":25624714297},
{"hands":[{"direction":[-0.311079,0.363565,-0.871998],"id":3,"palmNormal":[-0.227015,-0.921552,-0.294292],"palmPosition":[80.5447,198.805,49.3858],"palmVelocity":[-118.703,-202.085,68.6276],"r":[[0.529325,0.81419,0.238558],[-0.834801,0.549992,-0.0248006],[-0.151397,-0.186021,0.970812]],"s":1.62588,"sphereCenter":[71.9477,223.763,22.4947],"sphereRadius":57.8837,"t":[53.4626,-71.1963,46.5304]}],"id":83282,"pointables":[{"direction":[-0.0953764,-0.0962253,-0.99078],"handId":1,"id":10,"length":55.905,"tipPosition":[-63.9163,238.992,-2.65446],"tipVelocity":[-72.9323,395.278,83.379],"tool":false},{"direction":[0.324342,0.375442,-0.868243],"handId":1,"id":11,"length":28.7071,"tipPosition":[-22.754,199.216,49.9802],"tipVelocity":[-88.7505,405.952,-115.703],"tool":false}],"r":[[0.280696,-0.944795,0.169035],[0.889888,0.322166,0.322968],[-0.359596,0.0597666,0.931192]],"s":904.718,"t":[-2074.81,-13167.4,4787.48],"timestamp":25624722731},
{"hands":[{"direction":[-0.317179,0.349082,-0.87556],"id":3,"palmNormal":[-0.218352,-0.928703,-0.278591],"palmPosition":[79.5311,196.332,50.549],"palmVelocity":[-113.193,-276.229,129.901],"r":[[0.528961,0.814341,0.23885],[-0.835031,0.549647,-0.0247073],[-0.151403,-0.186378,0.970742]],"s":1.62585,"sphereCenter":[71.0628,221.169,23.0537],"sphereRadius":57.7167,"t":[52.3754,-73.4792,47.4073]},{"direction":[0.0924338,0.394843,-0.747184],"id":18,"palmNormal":[0.321903,-0.6328,-0.328664],"palmPosition":[-85.1019,179.955,224.055],"palmVelocity":[-46.6972,-3.827,-124.157],"r":[[1,0,0],[0,1,0],[0,0,1]],"s":1,"sphereCenter":[-75.1286,167.651,213.21],"sphereRadius":46.5623,"t":[0,0,0]}],"id":83283,"pointables":[{"direction":[-0.0706795,-0.0907632,-0.993361],"handId":1,"id":10,"length":56.296,"tipPosition":[-64.2967,241.873,-2.84136],"tipVelocity":[-42.4775,321.746,-20.8714],"tool":false},{"direction":[0.322874,0.381982,-0.865934],"handId":1,"id":11,"length":25.1608,"tipPosition":[-23.4443,202.56,48.8931],"tipVelocity":[-77.0853,373.414,-121.398],"tool":false}],"r":[[0.285298,-0.942095,0.176244],[0.887143,0.329168,0.323459],[-0.362743,0.0640712,0.929684]],"s":904.717,"t":[-2075.51,-13164.1,4787.14],"timestamp":25624731686},
{"hands":[{"direction":[-0.32297,0.349497,-0.873972],"id":3,"palmNormal":[-0.199644,-0.929872,-0.288414],"palmPosition":[78.301,194.304,51.51],"palmVelocity":[-146.347,-241.243,114.328],"r":[[0.528669,0.814462,0.239084],[-0.835215,0.549371,-0.0246327],[-0.151408,-0.186664,0.970686]],"s":1.62583,"sphereCenter":[70.6431,221.097,25.3954],"sphereRadius":58.6646,"t":[50.0519,-77.7338,48.3914]},{"direction":[0.0186664,0.464288,-0.685187],"id":18,"palmNormal":[0.372676,-0.509561,-0.43864],"palmPosition":[-86.6725,179.304,229.871],"palmVelocity":[-186.872,-77.4524,691.986],"r":[[1,0,0],[0,1,0],[0,0,1]],"s":1,"sphereCenter":[-78.7928,169.488,218.567],"sphereRadius":45.3672,"t":[-0.785329,-0.325494,2.90807]}],"id":83284,"pointables":[{"direction":[-0.203272,-0.0419556,-0.978223],"handId":3,"id":14,"length":55.8229,"tipPosition":[50.5386,244.674,-31.5211],"tipVelocity":[-423.503,-740.784,129.836],"tool":false},{"direction":[-0.0484156,-0.112618,-0.992458],"handId":1,"id":10,"length":56.5811,"tipPosition":[-64.5124,244.438,-2.79484],"tipVelocity":[-25.6627,305.208,5.53491],"tool":false},{"direction":[0.326411,0.386872,-0.86243],"handId":1,"id":11,"length":21.8285,"tipPosition":[-24.4382,205.443,48.4127],"tipVelocity":[-118.248,342.983,-57.1513],"tool":false}],"r":[[0.297374,-0.936574,0.185464],[0.88007,0.344208,0.327106],[-0.370197,0.0659481,0.926609]],"s":904.705,"t":[-2076.36,-13161.3,4786.99],"timestamp":25624740091},
{"hands":[{"direction":[-0.321194,0.32347,-0.882517],"id":3,"palmNormal":[-0.172004,-0.939752,-0.264782],"palmPosition":[76.6048,191.435,52.4081],"palmVelocity":[-191.878,-324.546,101.602],"r":[[0.528436,0.814558,0.239271],[-0.835362,0.549151,-0.0245731],[-0.151412,-0.186893,0.970642]],"s":1.62582,"sphereCenter":[69.756,220.282,27.8205],"sphereRadius":59.2693,"t":[47.0908,-83.2531,49.6811]},{"direction":[-0.0606009,0.518944,-0.620285],"id":18,"palmNormal":[0.410743,-0.381187,-0.526076],"palmPosition":[-87.5303,178.735,231.795],"palmVelocity":[-97.0374,-64.3992,217.618],"r":[[1,0,0],[0,1,0],[0,0,1]],"s":1,"sphereCenter":[-81.5212,170.987,222.453],"sphereRadius":44.3708,"t":[-1.6069,-0.772885,5.32398]}],"id":83285,"pointables":[{"direction":[-0.233932,-0.117582,-0.965117],"handId":3,"id":14,"length":56.1518,"tipPosition":[46.9398,237.89,-29.9256],"tipVelocity":[-407.104,-767.424,180.48],"tool":false},{"direction":[-0.0277869,-0.11245,-0.993269],"handId":1,"id":10,"length":58.0637,"tipPosition":[-64.5561,246.732,-2.6356],"tipVelocity":[-4.94571,259.452,18.0137],"tool":false},{"direction":[0.335508,0.374513,-0.864393],"handId":1,"id":11,"length":17.4769,"tipPosition":[-25.5256,208.124,48.143],"tipVelocity":[-123.009,303.269,-30.5178],"tool":false}],"r":[[0.316438,-0.928084,0.196281],[0.868558,0.366658,0.33342],[-0.38141,0.0649745,0.92212]],"s":904.687,"t":[-2077.32,-13158.7,4787],"timestamp":25624748931},
{"hands":[{"direction":[-0.323206,0.300497,-0.888755],"id":3,"palmNormal":[-0.151842,-0.948001,-0.243787],"palmPosition":[74.9555,189.304,53.252],"palmVelocity":[-192.609,-248.811,98.5496],"r":[[0.528249,0.814635,0.239421],[-0.83548,0.548974,-0.0245255],[-0.151415,-0.187076,0.970606]],"s":1.62581,"sphereCenter":[69.0046,219.184,30.024],"sphereRadius":59.4883,"t":[43.9365,-89.3184,51.463]}],"id":83286,"pointables":[{"direction":[-0.264456,-0.195096,-0.944458],"handId":3,"id":14,"length":57.9477,"tipPosition":[43.5923,231.278,-27.6517],"tipVelocity":[-390.933,-772.093,265.559],"tool":false},{"direction":[-0.00915223,-0.0993164,-0.995014],"handId":1,"id":10,"length":59.7514,"tipPosition":[-64.3899,248.781,-2.45907],"tipVelocity":[19.4094,239.279,20.6152],"tool":false},{"direction":[0.341014,0.368602,-0.864779],"handId":1,"id":11,"length":16.332,"tipPosition":[-26.4821,210.335,47.7427],"tipVelocity":[-111.71,258.301,-46.7466],"tool":false}],"r":[[0.341371,-0.916701,0.207664],[0.852927,0.394952,0.341362],[-0.394945,0.0605912,0.916705]],"s":904.665,"t":[-2078.28,-13156.4,4787.09],"timestamp":25624757494},
{"hands":[{"direction":[0.154092,0.278176,-0.871986],"id":1,"palmNormal":[0.343724,-0.850707,-0.190873],"palmPosition":[-68.027,208.898,82.7958],"palmVelocity":[-135.337,183.427,-5.02942],"r":[[1,0,0],[0,1,0],[0,0,1]],"s":1,"sphereCenter":[-55.395,214.015,60.1797],"sphereRadius":49.132,"t":[0,0,0]},{"direction":[-0.331345,0.274971,-0.892437],"id":3,"palmNormal":[-0.13995,-0.9556,-0.21663],"palmPosition":[73.6215,187.579,54.4748],"palmVelocity":[-151.235,-195.619,138.625],"r":[[0.5281,0.814697,0.23954],[-0.835574,0.548832,-0.0244874],[-0.151417,-0.187222,0.970578]],"s":1.6258,"sphereCenter":[68.2967,217.134,31.8752],"sphereRadius":59.2468,"t":[40.7642,-95.463,53.7896]}],"id":83287,"pointables":[{"direction":[-0.297189,-0.271304,-0.915463],"handId":3,"id":14,"length":59.8985,"tipPosition":[40.402,225.054,-24.7803],"tipVelocity":[-361.664,-705.566,325.511],"tool":false},{"direction":[0.0100706,-0.106798,-0.99423],"handId":1,"id":10,"length":61.6813,"tipPosition":[-63.8351,250.365,-2.19282],"tipVelocity":[62.8987,179.588,30.1839],"tool":false},{"direction":[0.345875,0.352248,-0.869651],"handId":1,"id":11,"length":17.4683,"tipPosition":[-26.9557,212.485,46.4642],"tipVelocity":[-53.6898,243.687,-144.94],"tool":false}],"r":[[0.370794,-0.902546,0.21891],[0.833498,0.427367,0.350198],[-0.409625,0.0526091,0.910736]],"s":904.638,"t":[-2079,-13154.4,4787.27],"timestamp":25624766315},
{"hands":[{"direction":[0.147709,0.287647,-0.880079],"id":1,"palmNormal":[0.359942,-0.852326,-0.205434],"palmPosition":[-69.2717,210.725,82.5563],"palmVelocity":[-142.366,209.021,-27.3891],"r":[[0.999998,0.00185199,-0.00123304],[-0.00185345,0.999998,-0.00118168],[0.00123085,0.00118396,0.999999]],"s":0.992366,"sphereCenter":[-58.1705,216.861,60.4845],"sphereRadius":49.6943,"t":[0.106673,0.62693,-0.132108]},{"direction":[-0.342523,0.25045,-0.894073],"id":3,"palmNormal":[-0.133455,-0.961946,-0.188896],"palmPosition":[72.6452,186.535,55.935],"palmVelocity":[-111.663,-119.351,167.007],"r":[[0.52798,0.814746,0.239636],[-0.835649,0.548719,-0.024457],[-0.151419,-0.187339,0.970555]],"s":1.6258,"sphereCenter":[67.7135,215.464,34.0668],"sphereRadius":59.0597,"t":[37.6858,-101.199,56.7445]}],"id":83288,"pointables":[{"direction":[-0.331047,-0.344696,-0.878403],"handId":3,"id":14,"length":60.9346,"tipPosition":[37.4174,219.727,-21.1972],"tipVelocity":[-341.368,-609.277,409.83],"tool":false},{"direction":[0.030753,-0.123586,-0.991857],"handId":1,"id":10,"length":60.9,"tipPosition":[-62.8253,251.416,-1.81349],"tipVelocity":[115.494,120.255,43.387],"tool":false},{"direction":[0.348789,0.332933,-0.876072],"handId":1,"id":11,"length":18.7718,"tipPosition":[-27.5388,213.941,45.5564],"tipVelocity":[-66.6898,166.571,-103.828],"tool":false}],"r":[[0.403247,-0.886045,0.228727],[0.810986,0.461814,0.359208],[-0.423904,0.0406452,0.904795]],"s":904.608,"t":[-2079.65,-13152.9,4787.54],"timestamp":25624775058},
{"hands":[{"direction":[0.142504,0.304048,-0.883679],"id":1,"palmNormal":[0.37324,-0.85017,-0.227382],"palmPosition":[-70.3153,211.681,81.5359],"palmVelocity":[-122.891,112.491,-120.167],"r":[[0.999968,0.00626774,-0.00496811],[-0.00628344,0.999975,-0.00315031],[0.00494824,0.00318142,0.999983]],"s":0.978395,"sphereCenter":[-60.398,218.758,60.7348],"sphereRadius":50.0441,"t":[0.375447,1.18702,-0.248103]},{"direction":[-0.356937,0.228148,-0.893304],"id":3,"palmNormal":[-0.129004,-0.967232,-0.16336],"palmPosition":[71.8382,185.88,57.2763],"palmVelocity":[-95.0316,-77.187,157.947],"r":[[0.527885,0.814786,0.239713],[-0.835709,0.548629,-0.0244326],[-0.151421,-0.187433,0.970536]],"s":1.62579,"sphereCenter":[67.1194,214.339,36.4081],"sphereRadius":58.9685,"t":[34.8043,-106.206,60.3596]}],"id":83289,"pointables":[{"direction":[-0.354496,-0.401468,-0.844485],"handId":3,"id":14,"length":61.5662,"tipPosition":[34.733,215.449,-16.9218],"tipVelocity":[-316.116,-503.808,503.456],"tool":false},{"direction":[0.0556975,-0.149347,-0.987215],"handId":1,"id":10,"length":60.1462,"tipPosition":[-61.3017,251.711,-1.33936],"tipVelocity":[179.42,34.6426,55.8322],"tool":false},{"direction":[0.350001,0.309961,-0.883981],"handId":1,"id":11,"length":20.1388,"tipPosition":[-28.2007,214.634,44.8825],"tipVelocity":[-77.9423,81.5266,-79.3557],"tool":false}],"r":[[0.437281,-0.867907,0.235632],[0.786431,0.496127,0.367946],[-0.436246,0.0244127,0.899496]],"s":904.576,"t":[-2080.31,-13152,4787.92],"timestamp":25624783550},
{"hands":[{"direction":[0.132775,0.321522,-0.885798],"id":1,"palmNormal":[0.386868,-0.844544,-0.251312],"palmPosition":[-71.4281,213.97,80.6191],"palmVelocity":[-127.609,262.46,-105.121],"r":[[0.999837,0.0135971,-0.0118999],[-0.0136646,0.999891,-0.00560945],[0.0118223,0.00577114,0.999913]],"s":0.957966,"sphereCenter":[-62.0889,219.622,60.7036],"sphereRadius":50.2966,"t":[0.809916,1.33508,-0.298518]},{"direction":[-0.366274,0.214148,-0.893598],"id":3,"palmNormal":[-0.127209,-0.97102,-0.14908],"palmPosition":[71.1407,185.698,58.6565],"palmVelocity":[-79.9772,-20.8239,158.269],"r":[[0.527808,0.814817,0.239774],[-0.835757,0.548556,-0.0244132],[-0.151422,-0.187508,0.970522]],"s":1.62579,"sphereCenter":[66.8777,214.562,39.1244],"sphereRadius":59.4673,"t":[31.9966,-110.513,64.2411]}],"id":83290,"pointables":[{"direction":[-0.376398,-0.462247,-0.802903],"handId":3,"id":14,"length":61.4375,"tipPosition":[31.9989,211.841,-12.7741],"tipVelocity":[-313.505,-413.703,475.608],"tool":false},{"direction":[0.0848532,-0.0773969,-0.993383],"handId":1,"id":10,"length":59.7593,"tipPosition":[-59.3412,251.158,-0.689502],"tipVelocity":[224.798,-63.3432,74.5167],"tool":false},{"direction":[0.348223,0.285924,-0.892742],"handId":1,"id":11,"length":21.4439,"tipPosition":[-28.9608,214.658,44.263],"tipVelocity":[-87.1607,2.80625,-71.0391],"tool":false}],"r":[[0.471603,-0.848601,0.239722],[0.760708,0.52901,0.376128],[-0.445998,0.00497513,0.89502]],"s":904.54,"t":[-2081.02,-13151.8,4788.43],"timestamp":25624792271},
{"hands":[{"direction":[0.118819,0.337715,-0.887428],"id":1,"palmNormal":[0.399194,-0.837521,-0.274866],"palmPosition":[-72.3212,214.943,79.8166],"palmVelocity":[-103.664,112.978,-93.1462],"r":[[0.999429,0.0245543,-0.0231915],[-0.0247499,0.99966,-0.00818292],[0.0229827,0.00875223,0.999698]],"s":0.932111,"sphereCenter":[-63.5516,220.226,60.8599],"sphereRadius":50.6303,"t":[1.35687,0.866755,-0.157129]},{"direction":[-0.381897,0.1879,-0.891052],"id":3,"palmNormal":[-0.124457,-0.974651,-0.116655],"palmPosition":[70.4485,184.894,60.2115],"palmVelocity":[-80.3468,-93.3801,180.498],"r":[[0.527747,0.814842,0.239823],[-0.835796,0.548498,-0.0243976],[-0.151423,-0.187567,0.97051]],"s":1.62579,"sphereCenter":[66.1894,212.757,41.5874],"sphereRadius":59.1315,"t":[29.3579,-114.006,68.217]}],"id":83291,"pointables":[{"direction":[-0.408509,-0.513338,-0.754721],"handId":3,"id":14,"length":61.5815,"tipPosition":[29.5292,209.163,-8.70355],"tipVelocity":[-286.671,-310.822,472.491],"tool":false},{"direction":[0.123399,-0.024225,-0.992061],"handId":1,"id":10,"length":59.7277,"tipPosition":[-57.0456,249.78,0.216104],"tipVelocity":[266.472,-159.94,105.12],"tool":false},{"direction":[0.343544,0.265274,-0.900892],"handId":1,"id":11,"length":22.6705,"tipPosition":[-29.9376,213.867,44.0237],"tipVelocity":[-113.38,-91.8805,-27.7681],"tool":false}],"r":[[0.50481,-0.82904,0.240541],[0.735212,0.558939,0.383472],[-0.452361,-0.0167321,0.891678]],"s":904.502,"t":[-2081.86,-13152.4,4789.14],"timestamp":25624800886},
{"hands":[{"direction":[0.103993,0.355049,-0.88721],"id":1,"palmNormal":[0.405525,-0.830689,-0.300528],"palmPosition":[-72.9113,214.872,79.5208],"palmVelocity":[-67.4925,-8.14232,-33.8378],"r":[[0.998487,0.0392316,-0.0385328],[-0.0396972,0.999147,-0.011394],[0.0380529,0.0129064,0.999192]],"s":0.90163,"sphereCenter":[-64.7985,220.665,61.0968],"sphereRadius":51.0493,"t":[2.00401,-0.269594,0.12331]},{"direction":[-0.393993,0.179991,-0.888449],"id":3,"palmNormal":[-0.151035,-0.972033,-0.0948581],"palmPosition":[70.7341,185.672,62.8174],"palmVelocity":[32.667,88.9693,298.06],"r":[[0.527698,0.814862,0.239863],[-0.835826,0.548452,-0.0243852],[-0.151424,-0.187615,0.970501]],"s":1.62579,"sphereCenter":[65.6741,210.61,43.9351],"sphereRadius":58.5415,"t":[27.155,-116.509,72.3297]}],"id":83292,"pointables":[{"direction":[-0.435055,-0.572903,-0.694628],"handId":3,"id":14,"length":61.094,"tipPosition":[27.7621,207.65,-4.45426],"tipVelocity":[-202.116,-173.066,486.023],"tool":false},{"direction":[0.140061,-0.0965727,-0.985422],"handId":1,"id":10,"length":58.4736,"tipPosition":[-54.5905,247.722,1.31985],"tipVelocity":[280.808,-235.418,126.244],"tool":false},{"direction":[0.337723,0.245825,-0.908578],"handId":1,"id":11,"length":23.9669,"tipPosition":[-30.898,212.316,43.759],"tipVelocity":[-109.853,-177.34,-30.2835],"tool":false}],"r":[[0.535571,-0.810634,0.236719],[0.711877,0.584166,0.389846],[-0.454306,-0.0402751,0.889935]],"s":904.463,"t":[-2082.76,-13153.5,4790.05],"timestamp":25624809629},
{"hands":[{"direction":[0.101277,0.349874,-0.895085],"id":1,"palmNormal":[0.39411,-0.843277,-0.295174],"palmPosition":[-72.9525,213.878,78.693],"palmVelocity":[-4.78414,-115.479,-96.1723],"r":[[0.996929,0.0564501,-0.0542814],[-0.0575348,0.99817,-0.0186317],[0.0531303,0.0216975,0.998352]],"s":0.862672,"sphereCenter":[-65.6448,220.884,61.477],"sphereRadius":51.7152,"t":[2.85887,-2.13393,0.236612]},{"direction":[-0.408211,0.163904,-0.885087],"id":3,"palmNormal":[-0.162061,-0.972423,-0.0686763],"palmPosition":[71.1615,185.557,64.7078],"palmVelocity":[49.6485,-13.3392,219.632],"r":[[0.527659,0.814879,0.239894],[-0.835851,0.548415,-0.0243752],[-0.151424,-0.187654,0.970493]],"s":1.62579,"sphereCenter":[65.3827,208.689,46.1017],"sphereRadius":57.8706,"t":[25.545,-117.886,76.4723]}],"id":83293,"pointables":[{"direction":[-0.463793,-0.604907,-0.64729],"handId":3,"id":14,"length":60.7746,"tipPosition":[26.745,207.399,-0.281535],"tipVelocity":[-118.17,-29.2092,484.806],"tool":false},{"direction":[0.167256,-0.130419,-0.977249],"handId":1,"id":10,"length":55.6952,"tipPosition":[-52.0557,244.827,2.78511],"tipVelocity":[294.503,-336.406,170.24],"tool":false},{"direction":[0.323774,0.234502,-0.916613],"handId":1,"id":11,"length":24.2531,"tipPosition":[-31.3077,210.027,42.186],"tipVelocity":[-47.5959,-265.97,-182.75],"tool":false}],"r":[[0.561978,-0.795374,0.227071],[0.693541,0.602698,0.394659],[-0.450757,-0.0643067,0.890327]],"s":904.419,"t":[-2083.42,-13155.2,4791.24],"timestamp":25624818236},
{"hands":[{"direction":[0.100991,0.337603,-0.904046],"id":1,"palmNormal":[0.380754,-0.857701,-0.280776],"palmPosition":[-73.1493,212.161,80.3367],"palmVelocity":[-22.3036,-194.603,186.294],"r":[[0.994725,0.0757584,-0.0691571],[-0.078076,0.996451,-0.0314443],[0.0665296,0.0366779,0.99711]],"s":0.815832,"sphereCenter":[-66.3521,220.911,61.9021],"sphereRadius":52.4528,"t":[3.89966,-4.54861,0.142136]},{"direction":[-0.417403,0.155287,-0.883474],"id":3,"palmNormal":[-0.180877,-0.9705,-0.0500993],"palmPosition":[72.3819,185.888,67.9775],"palmVelocity":[138.321,37.5861,370.581],"r":[[0.527627,0.814891,0.239919],[-0.835871,0.548385,-0.0243672],[-0.151425,-0.187685,0.970487]],"s":1.62579,"sphereCenter":[65.0292,206.244,48.0645],"sphereRadius":57.145,"t":[24.3392,-118.395,80.2565]},{"direction":[-0.0206545,0.496732,-0.663564],"id":18,"palmNormal":[0.439185,-0.476324,-0.457445],"palmPosition":[-88.7482,181.206,223.903],"palmVelocity":[-15.5875,31.6271,-101.018],"r":[[1,0,0],[0,1,0],[0,0,1]],"s":1,"sphereCenter":[-81.9863,170.62,221.781],"sphereRadius":44.2061,"t":[0,0,0]}],"id":83294,"pointables":[{"direction":[-0.503818,-0.627289,-0.593866],"handId":3,"id":14,"length":60.01,"tipPosition":[25.9434,207.757,3.14416],"tipVelocity":[-90.8537,40.6124,388.269],"tool":false},{"direction":[0.195227,-0.148118,-0.969509],"handId":1,"id":10,"length":52.1393,"tipPosition":[-49.5207,241.596,4.30406],"tipVelocity":[287.315,-366.118,172.158],"tool":false},{"direction":[0.307774,0.24902,-0.918294],"handId":1,"id":11,"length":24.1899,"tipPosition":[-31.3892,207.327,40.0626],"tipVelocity":[-9.24215,-305.993,-240.673],"tool":false}],"r":[[0.583167,-0.78412,0.212303],[0.681516,0.614468,0.397449],[-0.442101,-0.0870914,0.892727]],"s":904.372,"t":[-2083.78,-13157.4,4792.59],"timestamp":25624827059},
