[
{"hands":[],"id":99669,"pointables":[],"r":[[-0.177681,-0.615986,0.767458],[-0.824992,0.518391,0.225075],[-0.536486,-0.593155,-0.600292]],"s":1000.81,"t":[-4227.51,-18496,5231.88],"timestamp":44018045525},
{"hands":[],"id":99671,"pointables":[],"r":[[-0.177681,-0.615986,0.767458],[-0.824992,0.518391,0.225075],[-0.536486,-0.593155,-0.600292]],"s":1000.81,"t":[-4227.51,-18496,5231.88],"timestamp":44018054771},
{"hands":[],"id":99673,"pointables":[],"r":[[-0.177681,-0.615986,0.767458],[-0.824992,0.518391,0.225075],[-0.536486,-0.593155,-0.600292]],"s":1000.81,"t":[-4227.51,-18496,5231.88],"timestamp":44018064137},
{"hands":[],"id":99675,"pointables":[],"r":[[-0.177681,-0.615986,0.767458],[-0.824992,0.518391,0.225075],[-0.536486,-0.593155,-0.600292]],"s":1000.81,"t":[-4227.51,-18496,5231.88],"timestamp":44018073709},
{"hands":[],"id":99677,"pointables":[],"r":[[-0.177681,-0.615986,0.767458],[-0.824992,0.518391,0.225075],[-0.536486,-0.593155,-0.600292]],"s":1000.81,"t":[-4227.51,-18496,5231.88],"timestamp":44018083027},
{"hands":[],"id":99679,"pointables":[],"r":[[-0.177681,-0.615986,0.767458],[-0.824992,0.518391,0.225075],[-0.536486,-0.593155,-0.600292]],"s":1000.81,"t":[-4227.51,-18496,5231.88],"timestamp":44018092165},
{"hands":[],"id":99681,"pointables":[],"r":[[-0.177681,-0.615986,0.767458],[-0.824992,0.518391,0.225075],[-0.536486,-0.593155,-0.600292]],"s":1000.81,"t":[-4227.51,-18496,5231.88],"timestamp":44018101715},
{"hands":[],"id":99683,"pointables":[],"r":[[-0.177681,-0.615986,0.767458],[-0.824992,0.518391,0.225075],[-0.536486,-0.593155,-0.600292]],"s":1000.81,"t":[-4227.51,-18496,5231.88],"timestamp":44018110886},
{"hands":[],"id":99685,"pointables":[],"r":[[-0.177681,-0.615986,0.767458],[-0.824992,0.518391,0.225075],[-0.536486,-0.593155,-0.600292]],"s":1000.81,"t":[-4227.51,-18496,5231.88],"timestamp":44018120501},
{"hands":[],"id":99687,"pointables":[],"r":[[-0.177681,-0.615986,0.767458],[-0.824992,0.518391,0.225075],[-0.536486,-0.593155,-0.600292]],"s":1000.81,"t":[-4227.51,-18496,5231.88],"timestamp":44018129624},
{"hands":[],"id":99689,"pointables":[],"r":[[-0.177681,-0.615986,0.767458],[-0.824992,0.518391,0.225075],[-0.536486,-0.593155,-0.600292]],"s":1000.81,"t":[-4227.51,-18496,5231.88],"timestamp":44018138975},
{"hands":[],"id":99691,"pointables":[],"r":[[-0.177681,-0.615986,0.767458],[-0.824992,0.518391,0.225075],[-0.536486,-0.593155,-0.600292]],"s":1000.81,"t":[-4227.51,-18496,5231.88],"timestamp":44018148367},
{"hands":[],"id":99693,"pointables":[],"r":[[-0.177681,-0.615986,0.767458],[-0.824992,0.518391,0.225075],[-0.536486,-0.593155,-0.600292]],"s":1000.81,"t":[-4227.51,-18496,5231.88],"timestamp":44018157630},
{"hands":[],"id":99695,"pointables":[],"r":[[-0.177681,-0.615986,0.767458],[-0.824992,0.518391,0.225075],[-0.536486,-0.593155,-0.600292]],"s":1000.81,"t":[-4227.51,-18496,5231.88],"timestamp":44018166993},
{"hands":[],"id":99697,"pointables":[],"r":[[-0.177681,-0.615986,0.767458],[-0.824992,0.518391,0.225075],[-0.536486,-0.593155,-0.600292]],"s":1000.81,"t":[-4227.51,-18496,5231.88],"timestamp":44018176264},
{"hands":[],"id":99699,"pointables":[],"r":[[-0.177681,-0.615986,0.767458],[-0.824992,0.518391,0.225075],[-0.536486,-0.593155,-0.600292]],"s":1000.81,"t":[-4227.51,-18496,5231.88],"timestamp":44018185774},
{"hands":[],"id":99701,"pointables":[],"r":[[-0.177681,-0.615986,0.767458],[-0.824992,0.518391,0.225075],[-0.536486,-0.593155,-0.600292]],"s":1000.81,"t":[-4227.51,-18496,5231.88],"timestamp":44018194989},
{"hands":[],"id":99703,"pointables":[],"r":[[-0.177681,-0.615986,0.767458],[-0.824992,0.518391,0.225075],[-0.536486,-0.593155,-0.600292]],"s":1000.81,"t":[-4227.51,-18496,5231.88],"timestamp":44018204528},
{"hands":[],"id":99705,"pointables":[],"r":[[-0.177681,-0.615986,0.767458],[-0.824992,0.518391,0.225075],[-0.536486,-0.593155,-0.600292]],"s":1000.81,"t":[-4227.51,-18496,5231.88],"timestamp":44018213748},
{"hands":[],"id":99707,"pointables":[],"r":[[-0.177681,-0.615986,0.767458],[-0.824992,0.518391,0.225075],[-0.536486,-0.593155,-0.600292]],"s":1000.81,"t":[-4227.51,-18496,5231.88],"timestamp":44018223190},
{"hands":[],"id":99709,"pointables":[],"r":[[-0.177681,-0.615986,0.767458],[-0.824992,0.518391,0.225075],[-0.536486,-0.593155,-0.600292]],"s":1000.81,"t":[-4227.51,-18496,5231.88],"timestamp":44018232502},
{"hands":[],"id":99711,"pointables":[],"r":[[-0.177681,-0.615986,0.767458],[-0.824992,0.518391,0.225075],[-0.536486,-0.593155,-0.600292]],"s":1000.81,"t":[-4227.51,-18496,5231.88],"timestamp":44018241781},
{"hands":[],"id":99713,"pointables":[],"r":[[-0.177681,-0.615986,0.767458],[-0.824992,0.518391,0.225075],[-0.536486,-0.593155,-0.600292]],"s":1000.81,"t":[-4227.51,-18496,5231.88],"timestamp":44018251157},
{"hands":[],"id":99715,"pointables":[],"r":[[-0.177681,-0.615986,0.767458],[-0.824992,0.518391,0.225075],[-0.536486,-0.593155,-0.600292]],"s":1000.81,"t":[-4227.51,-18496,5231.88],"timestamp":44018260619},
{"hands":[],"id":99717,"pointables":[],"r":[[-0.177681,-0.615986,0.767458],[-0.824992,0.518391,0.225075],[-0.536486,-0.593155,-0.600292]],"s":1000.81,"t":[-4227.51,-18496,5231.88],"timestamp":44018269978},
{"hands":[],"id":99719,"pointables":[],"r":[[-0.177681,-0.615986,0.767458],[-0.824992,0.518391,0.225075],[-0.536486,-0.593155,-0.600292]],"s":1000.81,"t":[-4227.51,-18496,5231.88],"timestamp":44018279456},
{"hands":[],"id":99721,"pointables":[],"r":[[-0.177681,-0.615986,0.767458],[-0.824992,0.518391,0.225075],[-0.536486,-0.593155,-0.600292]],"s":1000.81,"t":[-4227.51,-18496,5231.88],"timestamp":44018288457},
{"hands":[],"id":99723,"pointables":[],"r":[[-0.177681,-0.615986,0.767458],[-0.824992,0.518391,0.225075],[-0.536486,-0.593155,-0.600292]],"s":1000.81,"t":[-4227.51,-18496,5231.88],"timestamp":44018297852},
{"hands":[],"id":99725,"pointables":[],"r":[[-0.177681,-0.615986,0.767458],[-0.824992,0.518391,0.225075],[-0.536486,-0.593155,-0.600292]],"s":1000.81,"t":[-4227.51,-18496,5231.88],"timestamp":44018307258},
{"hands":[],"id":99727,"pointables":[],"r":[[-0.177681,-0.615986,0.767458],[-0.824992,0.518391,0.225075],[-0.536486,-0.593155,-0.600292]],"s":1000.81,"t":[-4227.51,-18496,5231.88],"timestamp":44018316517},
{"hands":[],"id":99729,"pointables":[],"r":[[-0.177681,-0.615986,0.767458],[-0.824992,0.518391,0.225075],[-0.536486,-0.593155,-0.600292]],"s":1000.81,"t":[-4227.51,-18496,5231.88],"timestamp":44018325818},
{"hands":[],"id":99731,"pointables":[],"r":[[-0.177681,-0.615986,0.767458],[-0.824992,0.518391,0.225075],[-0.536486,-0.593155,-0.600292]],"s":1000.81,"t":[-4227.51,-18496,5231.88],"timestamp":44018335310},
{"hands":[],"id":99733,"pointables":[],"r":[[-0.177681,-0.615986,0.767458],[-0.824992,0.518391,0.225075],[-0.536486,-0.593155,-0.600292]],"s":1000.81,"t":[-4227.51,-18496,5231.88],"timestamp":44018344631},
{"hands":[],"id":99735,"pointables":[],"r":[[-0.177681,-0.615986,0.767458],[-0.824992,0.518391,0.225075],[-0.536486,-0.593155,-0.600292]],"s":1000.81,"t":[-4227.51,-18496,5231.88],"timestamp":44018354045},
{"hands":[],"id":99737,"pointables":[],"r":[[-0.177681,-0.615986,0.767458],[-0.824992,0.518391,0.225075],[-0.536486,-0.593155,-0.600292]],"s":1000.81,"t":[-4227.51,-18496,5231.88],"timestamp":44018363230},
{"hands":[],"id":99739,"pointables":[],"r":[[-0.177681,-0.615986,0.767458],[-0.824992,0.518391,0.225075],[-0.536486,-0.593155,-0.600292]],"s":1000.81,"t":[-4227.51,-18496,5231.88],"timestamp":44018372655},
{"hands":[],"id":99741,"pointables":[],"r":[[-0.177681,-0.615986,0.767458],[-0.824992,0.518391,0.225075],[-0.536486,-0.593155,-0.600292]],"s":1000.81,"t":[-4227.51,-18496,5231.88],"timestamp":44018382079},
{"hands":[],"id":99743,"pointables":[],"r":[[-0.177681,-0.615986,0.767458],[-0.824992,0.518391,0.225075],[-0.536486,-0.593155,-0.600292]],"s":1000.81,"t":[-4227.51,-18496,5231.88],"timestamp":44018391395},
{"hands":[],"id":99745,"pointables":[],"r":[[-0.177681,-0.615986,0.767458],[-0.824992,0.518391,0.225075],[-0.536486,-0.593155,-0.600292]],"s":1000.81,"t":[-4227.51,-18496,5231.88],"timestamp":44018400569},
{"hands":[],"id":99747,"pointables":[],"r":[[-0.177681,-0.615986,0.767458],[-0.824992,0.518391,0.225075],[-0.536486,-0.593155,-0.600292]],"s":1000.81,"t":[-4227.51,-18496,5231.88],"timestamp":44018409937},
{"hands":[],"id":99749,"pointables":[],"r":[[-0.177681,-0.615986,0.767458],[-0.824992,0.518391,0.225075],[-0.536486,-0.593155,-0.600292]],"s":1000.81,"t":[-4227.51,-18496,5231.88],"timestamp":44018419300},
{"hands":[],"id":99751,"pointables":[],"r":[[-0.177681,-0.615986,0.767458],[-0.824992,0.518391,0.225075],[-0.536486,-0.593155,-0.600292]],"s":1000.81,"t":[-4227.51,-18496,5231.88],"timestamp":44018428763},
{"hands":[],"id":99753,"pointables":[],"r":[[-0.177681,-0.615986,0.767458],[-0.824992,0.518391,0.225075],[-0.536486,-0.593155,-0.600292]],"s":1000.81,"t":[-4227.51,-18496,5231.88],"timestamp":44018438120},
{"hands":[],"id":99755,"pointables":[],"r":[[-0.177681,-0.615986,0.767458],[-0.824992,0.518391,0.225075],[-0.536486,-0.593155,-0.600292]],"s":1000.81,"t":[-4227.51,-18496,5231.88],"timestamp":44018447453},
{"hands":[],"id":99757,"pointables":[],"r":[[-0.177681,-0.615986,0.767458],[-0.824992,0.518391,0.225075],[-0.536486,-0.593155,-0.600292]],"s":1000.81,"t":[-4227.51,-18496,5231.88],"timestamp":44018456689},
{"hands":[],"id":99759,"pointables":[],"r":[[-0.177681,-0.615986,0.767458],[-0.824992,0.518391,0.225075],[-0.536486,-0.593155,-0.600292]],"s":1000.81,"t":[-4227.51,-18496,5231.88],"timestamp":44018466034},
{"hands":[],"id":99761,"pointables":[],"r":[[-0.177681,-0.615986,0.767458],[-0.824992,0.518391,0.225075],[-0.536486,-0.593155,-0.600292]],"s":1000.81,"t":[-4227.51,-18496,5231.88],"timestamp":44018475245},
{"hands":[],"id":99763,"pointables":[],"r":[[-0.177681,-0.615986,0.767458],[-0.824992,0.518391,0.225075],[-0.536486,-0.593155,-0.600292]],"s":1000.81,"t":[-4227.51,-18496,5231.88],"timestamp":44018484880},
{"hands":[],"id":99765,"pointables":[],"r":[[-0.177681,-0.615986,0.767458],[-0.824992,0.518391,0.225075],[-0.536486,-0.593155,-0.600292]],"s":1000.81,"t":[-4227.51,-18496,5231.88],"timestamp":44018493981},
{"hands":[],"id":99767,"pointables":[],"r":[[-0.177681,-0.615986,0.767458],[-0.824992,0.518391,0.225075],[-0.536486,-0.593155,-0.600292]],"s":1000.81,"t":[-4227.51,-18496,5231.88],"timestamp":44018503539},
{"hands":[],"id":99769,"pointables":[],"r":[[-0.177681,-0.615986,0.767458],[-0.824992,0.518391,0.225075],[-0.536486,-0.593155,-0.600292]],"s":1000.81,"t":[-4227.51,-18496,5231.88],"timestamp":44018512788},
{"hands":[],"id":99771,"pointables":[],"r":[[-0.177681,-0.615986,0.767458],[-0.824992,0.518391,0.225075],[-0.536486,-0.593155,-0.600292]],"s":1000.81,"t":[-4227.51,-18496,5231.88],"timestamp":44018522220},
{"hands":[],"id":99773,"pointables":[],"r":[[-0.177681,-0.615986,0.767458],[-0.824992,0.518391,0.225075],[-0.536486,-0.593155,-0.600292]],"s":1000.81,"t":[-4227.51,-18496,5231.88],"timestamp":44018531468},
{"hands":[],"id":99775,"pointables":[],"r":[[-0.177681,-0.615986,0.767458],[-0.824992,0.518391,0.225075],[-0.536486,-0.593155,-0.600292]],"s":1000.81,"t":[-4227.51,-18496,5231.88],"timestamp":44018540920},
{"hands":[],"id":99777,"pointables":[],"r":[[-0.177681,-0.615986,0.767458],[-0.824992,0.518391,0.225075],[-0.536486,-0.593155,-0.600292]],"s":1000.81,"t":[-4227.51,-18496,5231.88],"timestamp":44018550360},
{"hands":[],"id":99779,"pointables":[],"r":[[-0.177681,-0.615986,0.767458],[-0.824992,0.518391,0.225075],[-0.536486,-0.593155,-0.600292]],"s":1000.81,"t":[-4227.51,-18496,5231.88],"timestamp":44018559478},
{"hands":[],"id":99781,"pointables":[],"r":[[-0.177681,-0.615986,0.767458],[-0.824992,0.518391,0.225075],[-0.536486,-0.593155,-0.600292]],"s":1000.81,"t":[-4227.51,-18496,5231.88],"timestamp":44018568821},
{"hands":[],"id":99783,"pointables":[],"r":[[-0.177681,-0.615986,0.767458],[-0.824992,0.518391,0.225075],[-0.536486,-0.593155,-0.600292]],"s":1000.81,"t":[-4227.51,-18496,5231.88],"timestamp":44018578289},
{"hands":[],"id":99785,"pointables":[],"r":[[-0.177681,-0.615986,0.767458],[-0.824992,0.518391,0.225075],[-0.536486,-0.593155,-0.600292]],"s":1000.81,"t":[-4227.51,-18496,5231.88],"timestamp":44018587576},
{"hands":[],"id":99787,"pointables":[],"r":[[-0.177681,-0.615986,0.767458],[-0.824992,0.518391,0.225075],[-0.536486,-0.593155,-0.600292]],"s":1000.81,"t":[-4227.51,-18496,5231.88],"timestamp":44018596872},
{"hands":[],"id":99789,"pointables":[],"r":[[-0.177681,-0.615986,0.767458],[-0.824992,0.518391,0.225075],[-0.536486,-0.593155,-0.600292]],"s":1000.81,"t":[-4227.51,-18496,5231.88],"timestamp":44018606187},
{"hands":[],"id":99791,"pointables":[],"r":[[-0.177681,-0.615986,0.767458],[-0.824992,0.518391,0.225075],[-0.536486,-0.593155,-0.600292]],"s":1000.81,"t":[-4227.51,-18496,5231.88],"timestamp":44018615649},
{"hands":[],"id":99793,"pointables":[],"r":[[-0.177681,-0.615986,0.767458],[-0.824992,0.518391,0.225075],[-0.536486,-0.593155,-0.600292]],"s":1000.81,"t":[-4227.51,-18496,5231.88],"timestamp":44018624956},
{"hands":[],"id":99795,"pointables":[],"r":[[-0.177681,-0.615986,0.767458],[-0.824992,0.518391,0.225075],[-0.536486,-0.593155,-0.600292]],"s":1000.81,"t":[-4227.51,-18496,5231.88],"timestamp":44018634357},
{"hands":[],"id":99797,"pointables":[],"r":[[-0.177681,-0.615986,0.767458],[-0.824992,0.518391,0.225075],[-0.536486,-0.593155,-0.600292]],"s":1000.81,"t":[-4227.51,-18496,5231.88],"timestamp":44018643525},
{"hands":[],"id":99799,"pointables":[],"r":[[-0.177681,-0.615986,0.767458],[-0.824992,0.518391,0.225075],[-0.536486,-0.593155,-0.600292]],"s":1000.81,"t":[-4227.51,-18496,5231.88],"timestamp":44018652969},
{"hands":[],"id":99801,"pointables":[],"r":[[-0.177681,-0.615986,0.767458],[-0.824992,0.518391,0.225075],[-0.536486,-0.593155,-0.600292]],"s":1000.81,"t":[-4227.51,-18496,5231.88],"timestamp":44018662401},
{"hands":[],"id":99803,"pointables":[],"r":[[-0.177681,-0.615986,0.767458],[-0.824992,0.518391,0.225075],[-0.536486,-0.593155,-0.600292]],"s":1000.81,"t":[-4227.51,-18496,5231.88],"timestamp":44018671716},
{"hands":[],"id":99805,"pointables":[],"r":[[-0.177681,-0.615986,0.767458],[-0.824992,0.518391,0.225075],[-0.536486,-0.593155,-0.600292]],"s":1000.81,"t":[-4227.51,-18496,5231.88],"timestamp":44018680969},
{"hands":[],"id":99807,"pointables":[],"r":[[-0.177681,-0.615986,0.767458],[-0.824992,0.518391,0.225075],[-0.536486,-0.593155,-0.600292]],"s":1000.81,"t":[-4227.51,-18496,5231.88],"timestamp":44018690348},
{"hands":[],"id":99809,"pointables":[],"r":[[-0.177681,-0.615986,0.767458],[-0.824992,0.518391,0.225075],[-0.536486,-0.593155,-0.600292]],"s":1000.81,"t":[-4227.51,-18496,5231.88],"timestamp":44018699735},
{"hands":[],"id":99811,"pointables":[],"r":[[-0.177681,-0.615986,0.767458],[-0.824992,0.518391,0.225075],[-0.536486,-0.593155,-0.600292]],"s":1000.81,"t":[-4227.51,-18496,5231.88],"timestamp":44018708961},
{"hands":[],"id":99813,"pointables":[],"r":[[-0.177681,-0.615986,0.767458],[-0.824992,0.518391,0.225075],[-0.536486,-0.593155,-0.600292]],"s":1000.81,"t":[-4227.51,-18496,5231.88],"timestamp":44018718473},
{"hands":[],"id":99815,"pointables":[],"r":[[-0.177681,-0.615986,0.767458],[-0.824992,0.518391,0.225075],[-0.536486,-0.593155,-0.600292]],"s":1000.81,"t":[-4227.51,-18496,5231.88],"timestamp":44018727616},
{"hands":[],"id":99817,"pointables":[],"r":[[-0.177681,-0.615986,0.767458],[-0.824992,0.518391,0.225075],[-0.536486,-0.593155,-0.600292]],"s":1000.81,"t":[-4227.51,-18496,5231.88],"timestamp":44018736982},
{"hands":[],"id":99819,"pointables":[],"r":[[-0.177681,-0.615986,0.767458],[-0.824992,0.518391,0.225075],[-0.536486,-0.593155,-0.600292]],"s":1000.81,"t":[-4227.51,-18496,5231.88],"timestamp":44018746429},
{"hands":[],"id":99821,"pointables":[],"r":[[-0.177681,-0.615986,0.767458],[-0.824992,0.518391,0.225075],[-0.536486,-0.593155,-0.600292]],"s":1000.81,"t":[-4227.51,-18496,5231.88],"timestamp":44018755855},
{"hands":[],"id":99823,"pointables":[],"r":[[-0.177681,-0.615986,0.767458],[-0.824992,0.518391,0.225075],[-0.536486,-0.593155,-0.600292]],"s":1000.81,"t":[-4227.51,-18496,5231.88],"timestamp":44018765126},
{"hands":[],"id":99825,"pointables":[],"r":[[-0.177681,-0.615986,0.767458],[-0.824992,0.518391,0.225075],[-0.536486,-0.593155,-0.600292]],"s":1000.81,"t":[-4227.51,-18496,5231.88],"timestamp":44018774575},
{"hands":[],"id":99827,"pointables":[],"r":[[-0.177681,-0.615986,0.767458],[-0.824992,0.518391,0.225075],[-0.536486,-0.593155,-0.600292]],"s":1000.81,"t":[-4227.51,-18496,5231.88],"timestamp":44018783824},
{"hands":[{"direction":[-0.302216,0.827108,-0.4209],"id":1,"palmNormal":[-0.12325,-0.501488,-0.823773],"palmPosition":[-45.2856,244.535,230.497],"palmVelocity":[1134.33,-81.2503,160.86],"r":[[1,0,0],[0,1,0],[0,0,1]],"s":1,"sphereCenter":[-59.8986,265.568,256.172],"sphereRadius":65.0506,"t":[0,0,0]}],"id":99829,"pointables":[],"r":[[-0.177681,-0.615986,0.767458],[-0.824992,0.518391,0.225075],[-0.536486,-0.593155,-0.600292]],"s":1000.81,"t":[-4225.4,-18496.1,5232.18],"timestamp":44018793128},
{"hands":[{"direction":[-0.330023,0.814694,-0.428423],"id":1,"palmNormal":[-0.129574,-0.521632,-0.817732],"palmPosition":[-40.9281,248.862,228.486],"palmVelocity":[470.327,467.016,-217.071],"r":[[1,0,0],[0,1,0],[0,0,1]],"s":1,"sphereCenter":[-53.7912,269.136,260.535],"sphereRadius":68.6861,"t":[0.871515,0.865381,-0.402233]}],"id":99831,"pointables":[],"r":[[-0.177681,-0.615986,0.767458],[-0.824992,0.518391,0.225075],[-0.536486,-0.593155,-0.600292]],"s":1000.81,"t":[-4222.84,-18495.4,5232.02],"timestamp":44018802393},
{"hands":[{"direction":[-0.343207,0.808216,-0.43739],"id":1,"palmNormal":[-0.125788,-0.532543,-0.817563],"palmPosition":[-35.4162,252.989,227.046],"palmVelocity":[584.189,437.375,-152.63],"r":[[1,0,0],[0,1,0],[0,0,1]],"s":1,"sphereCenter":[-48.6084,269.295,257.635],"sphereRadius":67.7864,"t":[2.67109,2.38301,-1.01203]}],"id":99833,"pointables":[],"r":[[-0.177681,-0.615986,0.767458],[-0.824992,0.518391,0.225075],[-0.536486,-0.593155,-0.600292]],"s":1000.81,"t":[-4219.69,-18494,5231.6],"timestamp":44018811828},
{"hands":[{"direction":[-0.35854,0.784248,-0.466038],"id":1,"palmNormal":[-0.153956,-0.582433,-0.772592],"palmPosition":[-27.3927,251.403,226.058],"palmVelocity":[869.288,-171.855,-107.05],"r":[[1,0,0],[0,1,0],[0,0,1]],"s":1,"sphereCenter":[-44.231,263.746,251.344],"sphereRadius":66.211,"t":[5.71546,3.27987,-1.69749]}],"id":99835,"pointables":[],"r":[[-0.177681,-0.615986,0.767458],[-0.824992,0.518391,0.225075],[-0.536486,-0.593155,-0.600292]],"s":1000.81,"t":[-4215.57,-18493.1,5231.07],"timestamp":44018821058},
{"hands":[{"direction":[-0.370235,0.757609,-0.497353],"id":1,"palmNormal":[-0.171849,-0.629352,-0.728364],"palmPosition":[-19.543,250.448,224.916],"palmVelocity":[834.275,-101.47,-121.383],"r":[[1,0,0],[0,1,0],[0,0,1]],"s":1,"sphereCenter":[-39.4288,259.238,245.869],"sphereRadius":65.5311,"t":[9.72089,3.80641,-2.47427]}],"id":99837,"pointables":[],"r":[[-0.177681,-0.615986,0.767458],[-0.824992,0.518391,0.225075],[-0.536486,-0.593155,-0.600292]],"s":1000.81,"t":[-4210.7,-18492.7,5230.42],"timestamp":44018830467},
{"hands":[{"direction":[-0.395477,0.749889,-0.493062],"id":1,"palmNormal":[-0.156957,-0.623219,-0.743275],"palmPosition":[-14.2157,252.473,222.653],"palmVelocity":[569.037,216.37,-241.664],"r":[[1,0,0],[0,1,0],[0,0,1]],"s":1,"sphereCenter":[-34.5487,257.627,239.535],"sphereRadius":64.6629,"t":[13.9907,4.63278,-3.54819]}],"id":99839,"pointables":[],"r":[[-0.177681,-0.615986,0.767458],[-0.824992,0.518391,0.225075],[-0.536486,-0.593155,-0.600292]],"s":1000.81,"t":[-4205.74,-18491.9,5229.44],"timestamp":44018839829},
{"hands":[{"direction":[-0.419499,0.75751,-0.457017],"id":1,"palmNormal":[-0.146376,-0.566825,-0.784953],"palmPosition":[-13.4104,257.414,220.756],"palmVelocity":[85.7008,525.839,-201.918],"r":[[1,0,0],[0,1,0],[0,0,1]],"s":1,"sphereCenter":[-30.8507,261.241,232.615],"sphereRadius":64.7925,"t":[17.5676,6.28203,-4.78677]}],"id":99841,"pointables":[],"r":[[-0.177681,-0.615986,0.767458],[-0.824992,0.518391,0.225075],[-0.536486,-0.593155,-0.600292]],"s":1000.81,"t":[-4201.61,-18490.3,5228.28],"timestamp":44018849225},
{"hands":[{"direction":[-0.433888,0.763161,-0.438182],"id":1,"palmNormal":[-0.139214,-0.539883,-0.808866],"palmPosition":[-13.2254,263.048,218.53],"palmVelocity":[20.0266,609.818,-240.943],"r":[[1,0,0],[0,1,0],[0,0,1]],"s":1,"sphereCenter":[-27.8555,264.319,228.977],"sphereRadius":64.1024,"t":[20.4661,8.72825,-6.22284]}],"id":99843,"pointables":[],"r":[[-0.177681,-0.615986,0.767458],[-0.824992,0.518391,0.225075],[-0.536486,-0.593155,-0.600292]],"s":1000.81,"t":[-4198.26,-18487.9,5226.91],"timestamp":44018858464},
{"hands":[{"direction":[-0.45622,0.771092,-0.389863],"id":1,"palmNormal":[-0.114465,-0.457022,-0.851197],"palmPosition":[-13.5628,270.327,216.211],"palmVelocity":[-35.9181,774.794,-246.896],"r":[[1,0,0],[0,1,0],[0,0,1]],"s":1,"sphereCenter":[-23.3173,274.901,231.894],"sphereRadius":67.4402,"t":[22.7175,12.1409,-7.83558]}],"id":99845,"pointables":[],"r":[[-0.177681,-0.615986,0.767458],[-0.824992,0.518391,0.225075],[-0.536486,-0.593155,-0.600292]],"s":1000.81,"t":[-4195.66,-18484.5,5225.34],"timestamp":44018867858},
{"hands":[{"direction":[-0.466548,0.779618,-0.364522],"id":1,"palmNormal":[-0.131966,-0.43756,-0.86524],"palmPosition":[-13.1615,276.053,213.889],"palmVelocity":[42.7768,610.265,-247.495],"r":[[1,0,0],[0,1,0],[0,0,1]],"s":1,"sphereCenter":[-20.8688,282.716,228.647],"sphereRadius":67.6229,"t":[24.5988,16.0163,-9.59021]}],"id":99847,"pointables":[],"r":[[-0.177681,-0.615986,0.767458],[-0.824992,0.518391,0.225075],[-0.536486,-0.593155,-0.600292]],"s":1000.81,"t":[-4193.49,-18480.6,5223.63],"timestamp":44018877241},
{"hands":[{"direction":[-0.47677,0.782984,-0.351622],"id":1,"palmNormal":[-0.129819,-0.429967,-0.875269],"palmPosition":[-11.3624,278.7,210.684],"palmVelocity":[190.311,280.071,-338.976],"r":[[1,0,0],[0,1,0],[0,0,1]],"s":1,"sphereCenter":[-19.4962,285.834,220.487],"sphereRadius":65.943,"t":[26.4637,19.646,-11.6348]}],"id":99849,"pointables":[],"r":[[-0.177681,-0.615986,0.767458],[-0.824992,0.518391,0.225075],[-0.536486,-0.593155,-0.600292]],"s":1000.81,"t":[-4191.4,-18477,5221.62],"timestamp":44018886694},
{"hands":[{"direction":[-0.461898,0.792581,-0.356247],"id":1,"palmNormal":[-0.160504,-0.445747,-0.864671],"palmPosition":[-9.94214,279.581,207.546],"palmVelocity":[154.852,95.9721,-342.097],"r":[[1,0,0],[0,1,0],[0,0,1]],"s":1,"sphereCenter":[-17.1492,291.741,218.79],"sphereRadius":64.5585,"t":[28.2396,22.7259,-13.898]}],"id":99851,"pointables":[],"r":[[-0.177681,-0.615986,0.767458],[-0.824992,0.518391,0.225075],[-0.536486,-0.593155,-0.600292]],"s":1000.81,"t":[-4189.45,-18473.9,5219.38],"timestamp":44018895866},
{"hands":[{"direction":[-0.483395,0.792533,-0.322955],"id":1,"palmNormal":[-0.131446,-0.390979,-0.89194],"palmPosition":[-9.40971,284.218,203.693],"palmVelocity":[56.5092,492.17,-409.006],"r":[[1,0,0],[0,1,0],[0,0,1]],"s":1,"sphereCenter":[-14.6772,298.307,215.959],"sphereRadius":65.1602,"t":[29.7669,26.1173,-16.4793]}],"id":99853,"pointables":[],"r":[[-0.177681,-0.615986,0.767458],[-0.824992,0.518391,0.225075],[-0.536486,-0.593155,-0.600292]],"s":1000.81,"t":[-4187.77,-18470.6,5216.82],"timestamp":44018905288},
{"hands":[{"direction":[-0.50533,0.790412,-0.28958],"id":1,"palmNormal":[-0.107897,-0.339628,-0.914607],"palmPosition":[-7.61193,286.457,200.279],"palmVelocity":[191.559,238.634,-363.759],"r":[[1,0,0],[0,1,0],[0,0,1]],"s":1,"sphereCenter":[-12.1626,304.03,208.322],"sphereRadius":64.9676,"t":[31.3483,29.2783,-19.2271]}],"id":99855,"pointables":[],"r":[[-0.177681,-0.615986,0.767458],[-0.824992,0.518391,0.225075],[-0.536486,-0.593155,-0.600292]],"s":1000.81,"t":[-4186.08,-18467.4,5214.09],"timestamp":44018914673},
{"hands":[{"direction":[-0.507004,0.79887,-0.269057],"id":1,"palmNormal":[-0.126469,-0.329243,-0.920297],"palmPosition":[-8.12941,290.204,195.788],"palmVelocity":[-55.5064,401.855,-481.698],"r":[[1,0,0],[0,1,0],[0,0,1]],"s":1,"sphereCenter":[-11.3336,310.097,204.433],"sphereRadius":64.8046,"t":[32.5099,32.5564,-22.3235]}],"id":99857,"pointables":[],"r":[[-0.177681,-0.615986,0.767458],[-0.824992,0.518391,0.225075],[-0.536486,-0.593155,-0.600292]],"s":1000.81,"t":[-4184.82,-18464.1,5211.01],"timestamp":44018923996},
{"hands":[{"direction":[-0.536059,0.773879,-0.280868],"id":1,"palmNormal":[-0.0242298,-0.295805,-0.925076],"palmPosition":[-6.14386,287.667,190.074],"palmVelocity":[213.754,-273.086,-615.142],"r":[[1,0,0],[0,1,0],[0,0,1]],"s":1,"sphereCenter":[-9.79366,314.516,192.353],"sphereRadius":67.0684,"t":[33.8362,34.6715,-25.9435]}],"id":99859,"pointables":[],"r":[[-0.177681,-0.615986,0.767458],[-0.824992,0.518391,0.225075],[-0.536486,-0.593155,-0.600292]],"s":1000.81,"t":[-4183.42,-18462,5207.4],"timestamp":44018933285},
{"hands":[{"direction":[-0.545863,0.776281,-0.260436],"id":1,"palmNormal":[-0.0284087,-0.278714,-0.937018],"palmPosition":[-6.4346,288.37,184.533],"palmVelocity":[-31.1754,75.3391,-594.182],"r":[[1,0,0],[0,1,0],[0,0,1]],"s":1,"sphereCenter":[-12.8761,314.833,178.472],"sphereRadius":69.3996,"t":[34.8392,36.5041,-29.9477]}],"id":99861,"pointables":[],"r":[[-0.177681,-0.615986,0.767458],[-0.824992,0.518391,0.225075],[-0.536486,-0.593155,-0.600292]],"s":1000.81,"t":[-4182.36,-18460.2,5203.4],"timestamp":44018942611},
{"hands":[{"direction":[-0.570981,0.766045,-0.20524],"id":1,"palmNormal":[-0.0249112,-0.188643,-0.951934],"palmPosition":[-7.08548,291.173,182.039],"palmVelocity":[-70.3352,302.942,-269.522],"r":[[1,0,0],[0,1,0],[0,0,1]],"s":1,"sphereCenter":[-11.0436,321.991,192.351],"sphereRadius":79.2262,"t":[35.5114,38.5309,-33.6499]}],"id":99863,"pointables":[],"r":[[-0.177681,-0.615986,0.767458],[-0.824992,0.518391,0.225075],[-0.536486,-0.593155,-0.600292]],"s":1000.81,"t":[-4181.64,-18458.2,5199.7],"timestamp":44018951865},
{"hands":[{"direction":[-0.541812,0.788355,-0.201844],"id":1,"palmNormal":[-0.110116,-0.226545,-0.930646],"palmPosition":[-7.98242,294.268,178.52],"palmVelocity":[-94.9548,327.618,-372.496],"r":[[1,0,0],[0,1,0],[0,0,1]],"s":1,"sphereCenter":[-11.4633,325.59,190.824],"sphereRadius":77.8673,"t":[36.0076,41.1914,-38.5163]}],"id":99865,"pointables":[{"direction":[-0.420924,0.479006,-0.770309],"handId":1,"id":3,"length":89.3464,"tipPosition":[-63.951,375.858,154.127],"tipVelocity":[33.9019,348.732,-638.435],"tool":false}],"r":[[-0.177681,-0.615986,0.767458],[-0.824992,0.518391,0.225075],[-0.536486,-0.593155,-0.600292]],"s":1000.81,"t":[-4181.12,-18455.5,5194.84],"timestamp":44018961311},
{"hands":[{"direction":[-0.55527,0.783031,-0.201609],"id":1,"palmNormal":[-0.0540732,-0.210811,-0.942685],"palmPosition":[-6.35092,288.705,171.475],"palmVelocity":[173.343,-591.103,-748.469],"r":[[1,0,0],[0,1,0],[0,0,1]],"s":1,"sphereCenter":[-11.6375,327.568,181.058],"sphereRadius":74.1242,"t":[36.5291,43.38,-43.9871]}],"id":99867,"pointables":[{"direction":[-0.419926,0.706173,-0.570072],"handId":1,"id":3,"length":91.8854,"tipPosition":[-63.4042,377.575,148.052],"tipVelocity":[58.0982,182.414,-645.455],"tool":false}],"r":[[-0.177681,-0.615986,0.767458],[-0.824992,0.518391,0.225075],[-0.536486,-0.593155,-0.600292]],"s":1000.81,"t":[-4180.59,-18453.3,5189.37],"timestamp":44018970723},
{"hands":[{"direction":[-0.552645,0.765978,-0.250277],"id":1,"palmNormal":[-0.0113002,-0.285179,-0.919177],"palmPosition":[-4.59548,281.229,164.839],"palmVelocity":[189.572,-807.317,-716.671],"r":[[1,0,0],[0,1,0],[0,0,1]],"s":1,"sphereCenter":[-12.1342,326.468,169.328],"sphereRadius":72.4675,"t":[37.0491,44.9148,-49.916]}],"id":99869,"pointables":[{"direction":[-0.402745,0.800418,-0.44399],"handId":1,"id":3,"length":93.9796,"tipPosition":[-62.8858,378.455,141.665],"tipVelocity":[55.9777,95.1275,-689.746],"tool":false}],"r":[[-0.177681,-0.615986,0.767458],[-0.824992,0.518391,0.225075],[-0.536486,-0.593155,-0.600292]],"s":1000.81,"t":[-4180.06,-18451.8,5183.44],"timestamp":44018979983},
{"hands":[{"direction":[-0.548182,0.74499,-0.301351],"id":1,"palmNormal":[0.0435686,-0.344834,-0.8942],"palmPosition":[-3.61799,276.404,157.519],"palmVelocity":[103.155,-509.165,-772.434],"r":[[1,0,0],[0,1,0],[0,0,1]],"s":1,"sphereCenter":[-12.004,326.974,145.636],"sphereRadius":77.6308,"t":[37.4661,45.737,-56.4249]}],"id":99871,"pointables":[{"direction":[-0.394871,0.761367,-0.514196],"handId":1,"id":3,"length":95.7031,"tipPosition":[-62.5717,378.565,134.576],"tipVelocity":[33.1425,11.5762,-748.111],"tool":false}],"r":[[-0.177681,-0.615986,0.767458],[-0.824992,0.518391,0.225075],[-0.536486,-0.593155,-0.600292]],"s":1000.81,"t":[-4179.64,-18451,5176.94],"timestamp":44018989459},
{"hands":[{"direction":[-0.544588,0.706661,-0.362709],"id":1,"palmNormal":[0.0913144,-0.421157,-0.847845],"palmPosition":[-2.6699,269.334,150.654],"palmVelocity":[100.731,-751.214,-729.461],"r":[[1,0,0],[0,1,0],[0,0,1]],"s":1,"sphereCenter":[-13.8277,321.708,136.503],"sphereRadius":76.1673,"t":[38.2693,44.2878,-62.992]}],"id":99873,"pointables":[{"direction":[-0.402543,0.506131,-0.762752],"handId":1,"id":3,"length":95.9795,"tipPosition":[-61.3822,374.844,127.951],"tipVelocity":[126.382,-395.327,-703.896],"tool":false}],"r":[[-0.177681,-0.615986,0.767458],[-0.824992,0.518391,0.225075],[-0.536486,-0.593155,-0.600292]],"s":1000.81,"t":[-4178.83,-18452.4,5170.37],"timestamp":44018998871},
{"hands":[{"direction":[-0.543963,0.683184,-0.404943],"id":1,"palmNormal":[0.0960511,-0.482635,-0.817149],"palmPosition":[4.72719,254.988,156.538],"palmVelocity":[808.161,-1567.26,642.88],"r":[[1,0,0],[0,1,0],[0,0,1]],"s":1,"sphereCenter":[-7.43533,303.438,135.472],"sphereRadius":74.0088,"t":[47.3898,28.061,-66.9062]}],"id":99875,"pointables":[{"direction":[-0.410383,0.567345,-0.713936],"handId":1,"id":3,"length":103.574,"tipPosition":[-43.9445,343.84,126.69],"tipVelocity":[1905.14,-3387.34,-137.805],"tool":false}],"r":[[-0.177681,-0.615986,0.767458],[-0.824992,0.518391,0.225075],[-0.536486,-0.593155,-0.600292]],"s":1000.81,"t":[-4169.71,-18468.7,5166.45],"timestamp":44019008024},
{"hands":[{"direction":[-0.555099,0.672292,-0.419167],"id":1,"palmNormal":[0.107382,-0.492813,-0.821515],"palmPosition":[3.14588,257.697,147.368],"palmVelocity":[-169.705,290.721,-984.102],"r":[[1,0,0],[0,1,0],[0,0,1]],"s":1,"sphereCenter":[-9.94469,306.407,135.233],"sphereRadius":71.6924,"t":[48.8928,25.5729,-74.2775]}],"id":99877,"pointables":[{"direction":[-0.417792,0.0711894,-0.905749],"handId":1,"id":3,"length":107.515,"tipPosition":[-50.059,355.091,115.861],"tipVelocity":[-656.201,1207.42,-1162.1],"tool":false}],"r":[[-0.177681,-0.615986,0.767458],[-0.824992,0.518391,0.225075],[-0.536486,-0.593155,-0.600292]],"s":1000.81,"t":[-4168.21,-18471.1,5159.08],"timestamp":44019017342},
{"hands":[{"direction":[-0.53664,0.69688,-0.40819],"id":1,"palmNormal":[0.0051958,-0.497571,-0.813403],"palmPosition":[-0.358089,264.163,141.33],"palmVelocity":[-375.68,693.225,-647.342],"r":[[1,0,0],[0,1,0],[0,0,1]],"s":1,"sphereCenter":[-9.96248,309.181,133.489],"sphereRadius":71.5488,"t":[47.9756,25.2209,-82.702]}],"id":99879,"pointables":[{"direction":[-0.36565,0.284759,-0.886122],"handId":1,"id":3,"length":104.375,"tipPosition":[-53.3963,356.875,106.384],"tipVelocity":[-357.813,191.259,-1016.15],"tool":false}],"r":[[-0.177681,-0.615986,0.767458],[-0.824992,0.518391,0.225075],[-0.536486,-0.593155,-0.600292]],"s":1000.81,"t":[-4169.13,-18471.5,5150.66],"timestamp":44019026669},
{"hands":[{"direction":[-0.538818,0.671002,-0.444952],"id":1,"palmNormal":[0.0530884,-0.531262,-0.794164],"palmPosition":[0.455213,254.924,133.471],"palmVelocity":[86.6136,-983.886,-837.033],"r":[[1,0,0],[0,1,0],[0,0,1]],"s":1,"sphereCenter":[-13.9035,306.92,121.062],"sphereRadius":71.0399,"t":[46.8847,23.7492,-90.7801]}],"id":99881,"pointables":[{"direction":[-0.333376,-0.111362,-0.936194],"handId":1,"id":3,"length":101.524,"tipPosition":[-54.661,354.283,98.6518],"tipVelocity":[-134.683,-275.964,-823.407],"tool":false}],"r":[[-0.177681,-0.615986,0.767458],[-0.824992,0.518391,0.225075],[-0.536486,-0.593155,-0.600292]],"s":1000.81,"t":[-4170.22,-18473,5142.58],"timestamp":44019036059},
{"hands":[{"direction":[-0.522735,0.700622,-0.416478],"id":1,"palmNormal":[-0.027393,-0.505861,-0.807592],"palmPosition":[-2.39867,261.336,130.78],"palmVelocity":[-307.763,691.418,-290.164],"r":[[1,0,0],[0,1,0],[0,0,1]],"s":1,"sphereCenter":[-11.2145,312.219,125.364],"sphereRadius":73.9248,"t":[46.0373,21.521,-98.3805]}],"id":99883,"pointables":[{"direction":[-0.335119,-0.0150768,-0.942055],"handId":1,"id":3,"length":99.9095,"tipPosition":[-55.265,351.299,91.5292],"tipVelocity":[-65.1327,-321.867,-768.096],"tool":false}],"r":[[-0.177681,-0.615986,0.767458],[-0.824992,0.518391,0.225075],[-0.536486,-0.593155,-0.600292]],"s":1000.81,"t":[-4171.07,-18475.2,5134.98],"timestamp":44019045332},
{"hands":[{"direction":[-0.507739,0.721577,-0.405681],"id":1,"palmNormal":[-0.0990103,-0.505938,-0.803261],"palmPosition":[-4.94909,263.748,125.685],"palmVelocity":[-267.732,253.259,-534.858],"r":[[1,0,0],[0,1,0],[0,0,1]],"s":1,"sphereCenter":[-12.9325,309.927,122.372],"sphereRadius":72.7782,"t":[45.5871,18.4109,-105.741]}],"id":99885,"pointables":[{"direction":[-0.357156,0.277609,-0.891837],"handId":1,"id":3,"length":97.2426,"tipPosition":[-55.3179,347.307,84.4093],"tipVelocity":[-5.55935,-419.053,-747.422],"tool":false}],"r":[[-0.177681,-0.615986,0.767458],[-0.824992,0.518391,0.225075],[-0.536486,-0.593155,-0.600292]],"s":1000.81,"t":[-4171.52,-18478.3,5127.62],"timestamp":44019054858},
{"hands":[{"direction":[-0.499706,0.74236,-0.380756],"id":1,"palmNormal":[-0.134516,-0.480646,-0.820789],"palmPosition":[-5.95677,262.735,121.742],"palmVelocity":[-110.431,-111.004,-432.075],"r":[[1,0,0],[0,1,0],[0,0,1]],"s":1,"sphereCenter":[-9.62973,313.648,124.678],"sphereRadius":76.205,"t":[45.682,14.0465,-112.796]}],"id":99887,"pointables":[{"direction":[-0.360516,0.0967749,-0.927719],"handId":1,"id":3,"length":92.7937,"tipPosition":[-54.6779,341.688,77.6586],"tipVelocity":[70.1422,-615.759,-739.798],"tool":false}],"r":[[-0.177681,-0.615986,0.767458],[-0.824992,0.518391,0.225075],[-0.536486,-0.593155,-0.600292]],"s":1000.81,"t":[-4171.42,-18482.7,5120.57],"timestamp":44019063983},
{"hands":[{"direction":[-0.487355,0.755735,-0.379017],"id":1,"palmNormal":[-0.180926,-0.489819,-0.811601],"palmPosition":[-7.49686,261.218,115.629],"palmVelocity":[-162.834,-160.418,-646.396],"r":[[1,0,0],[0,1,0],[0,0,1]],"s":1,"sphereCenter":[-7.33304,315.265,124.309],"sphereRadius":78.4399,"t":[45.8488,9.89499,-120.428]}],"id":99889,"pointables":[{"direction":[-0.337974,-0.102734,-0.935532],"handId":1,"id":3,"length":88.6013,"tipPosition":[-54.4392,337.749,69.4505],"tipVelocity":[25.2353,-416.434,-867.855],"tool":false}],"r":[[-0.177681,-0.615986,0.767458],[-0.824992,0.518391,0.225075],[-0.536486,-0.593155,-0.600292]],"s":1000.81,"t":[-4171.25,-18486.8,5112.93],"timestamp":44019073441},
{"hands":[{"direction":[-0.478669,0.762424,-0.385114],"id":1,"palmNormal":[-0.212858,-0.507328,-0.798723],"palmPosition":[-8.00144,256.41,109.565],"palmVelocity":[-54.3493,-517.951,-653.094],"r":[[1,0,0],[0,1,0],[0,0,1]],"s":1,"sphereCenter":[-8.3823,310.935,119.796],"sphereRadius":76.7277,"t":[46.3384,5.04446,-127.899]}],"id":99891,"pointables":[{"direction":[-0.323434,0.0958922,-0.94138],"handId":1,"id":3,"length":89.1676,"tipPosition":[-53.6267,332.2,62.1395],"tipVelocity":[87.5203,-597.752,-787.475],"tool":false}],"r":[[-0.177681,-0.615986,0.767458],[-0.824992,0.518391,0.225075],[-0.536486,-0.593155,-0.600292]],"s":1000.81,"t":[-4170.76,-18491.7,5105.46],"timestamp":44019082725},
{"hands":[{"direction":[-0.473117,0.761068,-0.400512],"id":1,"palmNormal":[-0.241455,-0.536242,-0.773856],"palmPosition":[-8.73935,251.625,103.496],"palmVelocity":[-77.8969,-505.059,-640.663],"r":[[1,0,0],[0,1,0],[0,0,1]],"s":1,"sphereCenter":[-8.91418,307.306,116.638],"sphereRadius":75.9581,"t":[47.229,-0.961357,-135.403]}],"id":99893,"pointables":[{"direction":[-0.29384,0.205764,-0.933445],"handId":1,"id":3,"length":87.6467,"tipPosition":[-52.3353,325.039,54.6035],"tipVelocity":[136.319,-755.95,-795.533],"tool":false}],"r":[[-0.177681,-0.615986,0.767458],[-0.824992,0.518391,0.225075],[-0.536486,-0.593155,-0.600292]],"s":1000.81,"t":[-4169.87,-18497.7,5097.96],"timestamp":44019092198},
{"hands":[{"direction":[-0.469942,0.763114,-0.406792],"id":1,"palmNormal":[-0.260914,-0.550966,-0.762804],"palmPosition":[-9.77088,248.732,97.183],"palmVelocity":[-111.468,-312.607,-682.22],"r":[[1,0,0],[0,1,0],[0,0,1]],"s":1,"sphereCenter":[-7.79228,306.633,114.221],"sphereRadius":77.5387,"t":[48.3317,-7.25524,-143.511]}],"id":99895,"pointables":[{"direction":[-0.278412,0.06262,-0.958418],"handId":1,"id":3,"length":90.8389,"tipPosition":[-51.0203,318.457,45.8902],"tipVelocity":[142.101,-711.254,-941.57],"tool":false}],"r":[[-0.177681,-0.615986,0.767458],[-0.824992,0.518391,0.225075],[-0.536486,-0.593155,-0.600292]],"s":1000.81,"t":[-4168.77,-18504,5089.85],"timestamp":44019101452},
{"hands":[{"direction":[-0.465203,0.762827,-0.417429],"id":1,"palmNormal":[-0.274061,-0.567182,-0.751001],"palmPosition":[-10.1763,244.196,90.8561],"palmVelocity":[-43.433,-485.987,-677.758],"r":[[1,0,0],[0,1,0],[0,0,1]],"s":1,"sphereCenter":[-6.65012,304.597,110.712],"sphereRadius":78.4442,"t":[49.6904,-13.6429,-152.102]}],"id":99897,"pointables":[{"direction":[-0.261162,0.208828,-0.942436],"handId":1,"id":3,"length":93.7374,"tipPosition":[-49.4058,311.975,36.8182],"tipVelocity":[172.957,-694.324,-971.827],"tool":false}],"r":[[-0.177681,-0.615986,0.767458],[-0.824992,0.518391,0.225075],[-0.536486,-0.593155,-0.600292]],"s":1000.81,"t":[-4167.41,-18510.4,5081.26],"timestamp":44019110787},
{"hands":[{"direction":[-0.462492,0.759464,-0.430013],"id":1,"palmNormal":[-0.280679,-0.584763,-0.738905],"palmPosition":[-10.2146,239.185,84.3041],"palmVelocity":[-4.03856,-528.39,-690.991],"r":[[1,0,0],[0,1,0],[0,0,1]],"s":1,"sphereCenter":[-6.13963,301.064,105.696],"sphereRadius":78.3357,"t":[51.4005,-20.1211,-161.119]}],"id":99899,"pointables":[{"direction":[-0.244384,0.312803,-0.91784],"handId":1,"id":3,"length":95.9717,"tipPosition":[-47.3441,305.407,27.3733],"tipVelocity":[217.432,-692.753,-996.085],"tool":false}],"r":[[-0.177681,-0.615986,0.767458],[-0.824992,0.518391,0.225075],[-0.536486,-0.593155,-0.600292]],"s":1000.81,"t":[-4165.7,-18516.8,5072.24],"timestamp":44019120269},
{"hands":[{"direction":[-0.459253,0.76268,-0.431783],"id":1,"palmNormal":[-0.273928,-0.583573,-0.74652],"palmPosition":[-10.2672,236.418,77.3599],"palmVelocity":[-5.68673,-299.265,-750.89],"r":[[1,0,0],[0,1,0],[0,0,1]],"s":1,"sphereCenter":[-4.21127,300.104,101.636],"sphereRadius":80.4197,"t":[53.622,-27.4757,-170.583]}],"id":99901,"pointables":[{"direction":[-0.222118,0.384823,-0.895865],"handId":1,"id":3,"length":97.7043,"tipPosition":[-44.6113,297.176,17.4634],"tipVelocity":[295.495,-890.017,-1071.57],"tool":false}],"r":[[-0.177681,-0.615986,0.767458],[-0.824992,0.518391,0.225075],[-0.536486,-0.593155,-0.600292]],"s":1000.81,"t":[-4163.48,-18524.2,5062.78],"timestamp":44019129517},
{"hands":[{"direction":[-0.455616,0.762383,-0.439161],"id":1,"palmNormal":[-0.265192,-0.588994,-0.74865],"palmPosition":[-10.1597,232.758,69.7808],"palmVelocity":[11.4344,-389.331,-806.205],"r":[[0.999997,-0.000271226,-0.00255633],[0.000269696,1,-0.000598938],[0.00255649,0.000598246,0.999997]],"s":1.0032,"sphereCenter":[-3.13192,297.109,95.5552],"sphereRadius":80.6956,"t":[56.0985,-35.521,-180.833]}],"id":99903,"pointables":[{"direction":[-0.201477,0.4269,-0.881569],"handId":1,"id":3,"length":98.1425,"tipPosition":[-41.3348,288.571,6.46578],"tipVelocity":[348.531,-915.312,-1169.84],"tool":false},{"direction":[-0.569533,0.474504,-0.671177],"handId":1,"id":2,"length":28.5524,"tipPosition":[-86.4754,282.883,52.8999],"tipVelocity":[232.594,-943.236,-1177.89],"tool":false}],"r":[[-0.176091,-0.614606,0.768929],[-0.824715,0.518587,0.22564],[-0.537436,-0.594414,-0.598193]],"s":1000.82,"t":[-4161,-18532.2,5052.53],"timestamp":44019138918},
