[
{"hands":[{"direction":[0.0844484,0.78819,-0.608832],"id":1,"palmNormal":[-0.26599,-0.571005,-0.776306],"palmPosition":[40.8109,121.277,38.7528],"palmVelocity":[-43.5696,7.95803,-21.1896],"r":[[0.968119,-0.209163,-0.137826],[0.224586,0.968473,0.107796],[0.110934,-0.135314,0.984573]],"s":1.15148,"sphereCenter":[44.4993,128.148,6.07508],"sphereRadius":59.4937,"t":[2.8205,16.6097,-62.0722]}],"id":135565,"pointables":[{"direction":[-0.123118,0.288185,-0.949627],"handId":1,"id":5,"length":69.9377,"tipPosition":[58.0374,186.357,-32.0855],"tipVelocity":[-52.579,14.6748,-18.4326],"tool":false}],"r":[[0.337734,-0.537258,-0.772845],[-0.746265,-0.653229,0.127986],[-0.573606,0.533522,-0.621554]],"s":593.646,"t":[-2135.63,-9025.49,-789.116],"timestamp":1374319396},
{"hands":[{"direction":[0.0827915,0.788718,-0.608453],"id":1,"palmNormal":[-0.264743,-0.571182,-0.776642],"palmPosition":[40.4289,121.307,38.5261],"palmVelocity":[-39.9436,3.1409,-23.7012],"r":[[0.968118,-0.209171,-0.137823],[0.224594,0.968472,0.107797],[0.11093,-0.135315,0.984573]],"s":1.15148,"sphereCenter":[44.1874,128.152,5.92534],"sphereRadius":59.4349,"t":[2.36373,16.8047,-62.3039]}],"id":135567,"pointables":[{"direction":[-0.125556,0.289267,-0.948978],"handId":1,"id":5,"length":69.9702,"tipPosition":[57.6271,186.557,-32.3811],"tipVelocity":[-42.8966,20.9263,-30.9039],"tool":false}],"r":[[0.337737,-0.537251,-0.772849],[-0.746264,-0.653232,0.127979],[-0.573606,0.533526,-0.621552]],"s":593.646,"t":[-2136.09,-9025.29,-789.348],"timestamp":1374328960},
{"hands":[{"direction":[0.0809777,0.788832,-0.608616],"id":1,"palmNormal":[-0.263206,-0.57202,-0.776575],"palmPosition":[40.1294,121.419,38.2558],"palmVelocity":[-31.7118,11.8578,-28.6172],"r":[[0.968117,-0.209177,-0.137821],[0.2246,0.96847,0.107798],[0.110926,-0.135316,0.984574]],"s":1.15148,"sphereCenter":[43.8716,128.012,5.55878],"sphereRadius":59.4773,"t":[1.9758,17.001,-62.4603]}],"id":135569,"pointables":[{"direction":[-0.127528,0.291558,-0.948014],"handId":1,"id":5,"length":69.9875,"tipPosition":[57.3081,186.754,-32.4622],"tipVelocity":[-33.782,20.9268,-8.58898],"tool":false}],"r":[[0.33774,-0.537246,-0.772851],[-0.746263,-0.653234,0.127974],[-0.573606,0.533528,-0.621549]],"s":593.646,"t":[-2136.47,-9025.1,-789.504],"timestamp":1374338405},
{"hands":[{"direction":[0.0762303,0.788448,-0.609662],"id":1,"palmNormal":[-0.262098,-0.574228,-0.775325],"palmPosition":[39.8884,121.576,38.0553],"palmVelocity":[-26.1683,17.0359,-21.7712],"r":[[0.968116,-0.209182,-0.137819],[0.224605,0.968469,0.107799],[0.110924,-0.135316,0.984574]],"s":1.15148,"sphereCenter":[43.6122,127.818,5.22386],"sphereRadius":59.4953,"t":[1.65679,17.1291,-62.5023]}],"id":135571,"pointables":[{"direction":[-0.129997,0.292632,-0.947347],"handId":1,"id":5,"length":69.9963,"tipPosition":[57.058,186.814,-32.3898],"tipVelocity":[-27.1527,6.50643,7.85736],"tool":false}],"r":[[0.337742,-0.537241,-0.772853],[-0.746262,-0.653236,0.127969],[-0.573606,0.53353,-0.621548]],"s":593.646,"t":[-2136.79,-9024.97,-789.546],"timestamp":1374347616},
{"hands":[{"direction":[0.074098,0.787693,-0.610946],"id":1,"palmNormal":[-0.260757,-0.576232,-0.774297],"palmPosition":[39.5771,121.596,37.8576],"palmVelocity":[-33.8115,2.12331,-21.4754],"r":[[0.968115,-0.209186,-0.137817],[0.224609,0.968468,0.107799],[0.110922,-0.135317,0.984574]],"s":1.15148,"sphereCenter":[43.3458,127.737,4.99299],"sphereRadius":59.4951,"t":[1.36236,17.2426,-62.6341]}],"id":135573,"pointables":[{"direction":[-0.13252,0.293043,-0.946871],"handId":1,"id":5,"length":70.0251,"tipPosition":[56.7881,186.913,-32.6114],"tipVelocity":[-29.316,10.7533,-24.0646],"tool":false}],"r":[[0.337744,-0.537238,-0.772855],[-0.746261,-0.653237,0.127966],[-0.573606,0.533532,-0.621546]],"s":593.646,"t":[-2137.09,-9024.85,-789.678],"timestamp":1374356821},
{"hands":[{"direction":[0.0733877,0.788536,-0.61001],"id":1,"palmNormal":[-0.26037,-0.57543,-0.775054],"palmPosition":[39.3673,121.768,37.6654],"palmVelocity":[-22.521,18.4799,-20.6264],"r":[[0.968115,-0.20919,-0.137816],[0.224612,0.968467,0.107799],[0.11092,-0.135317,0.984574]],"s":1.15148,"sphereCenter":[43.0161,127.469,4.53033],"sphereRadius":59.5753,"t":[1.10321,17.3811,-62.7665]}],"id":135575,"pointables":[{"direction":[-0.13485,0.293309,-0.946459],"handId":1,"id":5,"length":70.0524,"tipPosition":[56.5643,187.077,-32.7444],"tipVelocity":[-24.0267,17.5355,-14.2805],"tool":false}],"r":[[0.337745,-0.537235,-0.772856],[-0.746261,-0.653239,0.127963],[-0.573606,0.533534,-0.621545]],"s":593.646,"t":[-2137.35,-9024.72,-789.81],"timestamp":1374366138},
{"hands":[{"direction":[0.0718319,0.788839,-0.60986],"id":1,"palmNormal":[-0.261029,-0.575395,-0.774888],"palmPosition":[39.1273,121.617,37.6806],"palmVelocity":[-25.4227,-15.9375,1.60762],"r":[[0.968114,-0.209192,-0.137815],[0.224614,0.968467,0.1078],[0.110918,-0.135318,0.984574]],"s":1.15148,"sphereCenter":[42.7768,127.656,4.34187],"sphereRadius":59.5089,"t":[0.858192,17.5548,-63.0063]}],"id":135577,"pointables":[{"direction":[-0.135342,0.294613,-0.945984],"handId":1,"id":5,"length":70.065,"tipPosition":[56.3334,187.286,-33.0916],"tipVelocity":[-24.4569,22.1339,-36.7761],"tool":false}],"r":[[0.337746,-0.537233,-0.772858],[-0.74626,-0.65324,0.12796],[-0.573606,0.533535,-0.621544]],"s":593.646,"t":[-2137.59,-9024.54,-790.05],"timestamp":1374375579},
{"hands":[{"direction":[0.0684339,0.788746,-0.610366],"id":1,"palmNormal":[-0.260911,-0.576566,-0.774076],"palmPosition":[38.8261,121.126,38.0092],"palmVelocity":[-32.6812,-53.3589,35.6503],"r":[[0.968114,-0.209194,-0.137814],[0.224616,0.968466,0.1078],[0.110917,-0.135318,0.984574]],"s":1.15148,"sphereCenter":[42.484,127.673,4.27165],"sphereRadius":59.5372,"t":[0.617341,17.6418,-63.1214]}],"id":135579,"pointables":[{"direction":[-0.136875,0.295029,-0.945634],"handId":1,"id":5,"length":70.0748,"tipPosition":[56.0967,187.286,-33.082],"tipVelocity":[-25.6814,0.0421272,1.03816],"tool":false}],"r":[[0.337747,-0.537231,-0.772858],[-0.74626,-0.65324,0.127959],[-0.573606,0.533535,-0.621544]],"s":593.646,"t":[-2137.83,-9024.45,-790.165],"timestamp":1374384795},
{"hands":[{"direction":[0.0676276,0.789634,-0.609357],"id":1,"palmNormal":[-0.260497,-0.575717,-0.774866],"palmPosition":[38.661,121.25,37.7646],"palmVelocity":[-17.5322,13.2007,-25.9707],"r":[[0.968114,-0.209196,-0.137814],[0.224618,0.968466,0.1078],[0.110916,-0.135318,0.984574]],"s":1.15148,"sphereCenter":[42.2312,127.65,4.05142],"sphereRadius":59.5145,"t":[0.359025,17.7352,-63.4166]}],"id":135581,"pointables":[{"direction":[-0.138175,0.296039,-0.945129],"handId":1,"id":5,"length":70.0847,"tipPosition":[55.8209,187.386,-33.5572],"tipVelocity":[-29.2793,10.5723,-50.4427],"tool":false}],"r":[[0.337748,-0.537229,-0.772859],[-0.746259,-0.653241,0.127957],[-0.573606,0.533536,-0.621543]],"s":593.646,"t":[-2138.09,-9024.36,-790.46],"timestamp":1374394214},
{"hands":[{"direction":[0.0652962,0.79021,-0.608889],"id":1,"palmNormal":[-0.260435,-0.57566,-0.774952],"palmPosition":[38.4347,120.97,37.9047],"palmVelocity":[-23.6416,-29.3064,14.6404],"r":[[0.968114,-0.209197,-0.137813],[0.224619,0.968466,0.1078],[0.110916,-0.135318,0.984574]],"s":1.15148,"sphereCenter":[42.0192,127.688,3.9518],"sphereRadius":59.4783,"t":[0.106877,17.7925,-63.6029]}],"id":135583,"pointables":[{"direction":[-0.138629,0.299966,-0.943823],"handId":1,"id":5,"length":70.0635,"tipPosition":[55.5749,187.407,-33.6348],"tipVelocity":[-25.7034,2.22492,-8.11431],"tool":false}],"r":[[0.337748,-0.537228,-0.77286],[-0.746259,-0.653242,0.127956],[-0.573606,0.533537,-0.621543]],"s":593.646,"t":[-2138.34,-9024.3,-790.647],"timestamp":1374403784},
{"hands":[{"direction":[0.0621227,0.790063,-0.609405],"id":1,"palmNormal":[-0.259871,-0.576899,-0.77423],"palmPosition":[38.4273,121.241,37.5753],"palmVelocity":[-0.811735,29.6133,-35.879],"r":[[0.968114,-0.209198,-0.137813],[0.22462,0.968465,0.1078],[0.110915,-0.135318,0.984574]],"s":1.15148,"sphereCenter":[41.9127,127.612,3.57278],"sphereRadius":59.4098,"t":[-0.145823,17.8161,-63.7427]}],"id":135585,"pointables":[{"direction":[-0.139566,0.303042,-0.942702],"handId":1,"id":5,"length":70.07,"tipPosition":[55.3217,187.397,-33.7279],"tipVelocity":[-27.5842,-1.09434,-10.1389],"tool":false}],"r":[[0.337749,-0.537227,-0.77286],[-0.746259,-0.653242,0.127955],[-0.573606,0.533537,-0.621542]],"s":593.646,"t":[-2138.59,-9024.28,-790.786],"timestamp":1374412965},
{"hands":[{"direction":[0.0594546,0.790469,-0.609159],"id":1,"palmNormal":[-0.25802,-0.577481,-0.774418],"palmPosition":[38.3793,121.605,37.0854],"palmVelocity":[-5.11183,38.7108,-52.1848],"r":[[0.968113,-0.209199,-0.137812],[0.224621,0.968465,0.1078],[0.110915,-0.135319,0.984574]],"s":1.15148,"sphereCenter":[41.7353,127.541,3.31117],"sphereRadius":59.3803,"t":[-0.369846,17.9161,-63.8154]}],"id":135587,"pointables":[{"direction":[-0.14045,0.307255,-0.941206],"handId":1,"id":5,"length":70.118,"tipPosition":[55.1263,187.573,-33.7337],"tipVelocity":[-20.8103,18.7827,-0.613159],"tool":false}],"r":[[0.337749,-0.537226,-0.77286],[-0.746259,-0.653242,0.127954],[-0.573606,0.533538,-0.621542]],"s":593.646,"t":[-2138.82,-9024.18,-790.859],"timestamp":1374422352},
{"hands":[{"direction":[0.0589064,0.791234,-0.608263],"id":1,"palmNormal":[-0.256965,-0.576837,-0.775256],"palmPosition":[38.3019,121.719,36.9459],"palmVelocity":[-8.30292,12.2655,-14.9605],"r":[[0.968113,-0.2092,-0.137812],[0.224621,0.968465,0.107801],[0.110914,-0.135319,0.984574]],"s":1.15148,"sphereCenter":[41.5709,127.359,2.9007],"sphereRadius":59.3741,"t":[-0.608208,17.9923,-63.9964]}],"id":135589,"pointables":[{"direction":[-0.141921,0.309261,-0.940328],"handId":1,"id":5,"length":70.1331,"tipPosition":[54.8736,187.626,-34.0228],"tipVelocity":[-27.1053,5.63255,-31.0144],"tool":false}],"r":[[0.337749,-0.537226,-0.772861],[-0.746259,-0.653243,0.127954],[-0.573606,0.533538,-0.621542]],"s":593.646,"t":[-2139.06,-9024.1,-791.04],"timestamp":1374431675},
{"hands":[{"direction":[0.0579479,0.792088,-0.607277],"id":1,"palmNormal":[-0.256105,-0.576146,-0.776064],"palmPosition":[38.1315,121.37,37.0742],"palmVelocity":[-17.9743,-36.8212,13.5399],"r":[[0.968113,-0.2092,-0.137812],[0.224622,0.968465,0.107801],[0.110914,-0.135319,0.984574]],"s":1.15148,"sphereCenter":[41.4055,127.333,2.8278],"sphereRadius":59.3892,"t":[-0.833892,18.0132,-64.0944]}],"id":135591,"pointables":[{"direction":[-0.143083,0.310122,-0.939868],"handId":1,"id":5,"length":70.1324,"tipPosition":[54.6606,187.591,-34.0379],"tipVelocity":[-22.4759,-3.64248,-1.5942],"tool":false}],"r":[[0.33775,-0.537225,-0.772861],[-0.746259,-0.653243,0.127953],[-0.573606,0.533538,-0.621542]],"s":593.646,"t":[-2139.28,-9024.08,-791.138],"timestamp":1374441152},
{"hands":[{"direction":[0.0568088,0.791902,-0.607664],"id":1,"palmNormal":[-0.255424,-0.576899,-0.77574],"palmPosition":[38.0161,121.269,36.9605],"palmVelocity":[-12.3442,-10.7826,-12.1584],"r":[[0.968113,-0.209201,-0.137812],[0.224622,0.968465,0.107801],[0.110914,-0.135319,0.984574]],"s":1.15148,"sphereCenter":[41.2648,127.449,2.89669],"sphereRadius":59.3872,"t":[-1.06608,17.9394,-64.1395]}],"id":135593,"pointables":[{"direction":[-0.144353,0.309757,-0.939794],"handId":1,"id":5,"length":70.0972,"tipPosition":[54.4219,187.423,-34.0301],"tipVelocity":[-25.5228,-18.0041,0.833767],"tool":false}],"r":[[0.33775,-0.537225,-0.772861],[-0.746259,-0.653243,0.127953],[-0.573606,0.533538,-0.621541]],"s":593.646,"t":[-2139.51,-9024.16,-791.183],"timestamp":1374450504},
{"hands":[{"direction":[0.0575144,0.79297,-0.606222],"id":1,"palmNormal":[-0.254942,-0.575354,-0.777041],"palmPosition":[37.9182,121.145,36.9696],"palmVelocity":[-10.4079,-13.2132,0.963802],"r":[[0.968113,-0.209201,-0.137812],[0.224623,0.968465,0.107801],[0.110914,-0.135319,0.984575]],"s":1.15148,"sphereCenter":[41.1232,127.431,2.74677],"sphereRadius":59.3632,"t":[-1.32835,17.8613,-64.3352]}],"id":135595,"pointables":[{"direction":[-0.145843,0.309101,-0.93978],"handId":1,"id":5,"length":70.1403,"tipPosition":[54.1296,187.34,-34.3763],"tipVelocity":[-31.0876,-8.76428,-36.8134],"tool":false}],"r":[[0.33775,-0.537225,-0.772861],[-0.746258,-0.653243,0.127952],[-0.573606,0.533538,-0.621541]],"s":593.646,"t":[-2139.78,-9024.24,-791.379],"timestamp":1374459908},
{"hands":[{"direction":[0.056279,0.792653,-0.60678],"id":1,"palmNormal":[-0.254746,-0.576214,-0.776479],"palmPosition":[37.8071,120.863,37.0201],"palmVelocity":[-12.0275,-30.5366,5.46508],"r":[[0.968113,-0.209201,-0.137812],[0.224623,0.968465,0.107801],[0.110914,-0.135319,0.984575]],"s":1.15148,"sphereCenter":[41.0317,127.585,2.73483],"sphereRadius":59.3378,"t":[-1.59304,17.7619,-64.3143]}],"id":135597,"pointables":[{"direction":[-0.146946,0.309107,-0.939606],"handId":1,"id":5,"length":70.1547,"tipPosition":[53.8625,187.22,-34.139],"tipVelocity":[-28.9067,-13.0585,25.6842],"tool":false}],"r":[[0.33775,-0.537224,-0.772861],[-0.746258,-0.653243,0.127952],[-0.573606,0.533538,-0.621541]],"s":593.646,"t":[-2140.04,-9024.33,-791.358],"timestamp":1374469149},
{"hands":[{"direction":[0.0538159,0.792316,-0.60744],"id":1,"palmNormal":[-0.254825,-0.577353,-0.77561],"palmPosition":[37.7694,120.892,36.8985],"palmVelocity":[-4.0801,3.19401,-13.1673],"r":[[0.968113,-0.209202,-0.137811],[0.224623,0.968465,0.107801],[0.110913,-0.135319,0.984575]],"s":1.15148,"sphereCenter":[40.9688,127.66,2.60174],"sphereRadius":59.2387,"t":[-1.8813,17.7426,-64.4837]}],"id":135599,"pointables":[{"direction":[-0.148131,0.310539,-0.938948],"handId":1,"id":5,"length":70.1445,"tipPosition":[53.5506,187.28,-34.4987],"tipVelocity":[-33.7607,6.56479,-38.9444],"tool":false}],"r":[[0.33775,-0.537224,-0.772862],[-0.746258,-0.653243,0.127952],[-0.573606,0.533539,-0.621541]],"s":593.646,"t":[-2140.33,-9024.35,-791.527],"timestamp":1374478385},
{"hands":[{"direction":[0.0513992,0.793413,-0.6062],"id":1,"palmNormal":[-0.253874,-0.576688,-0.776421],"palmPosition":[37.7314,120.978,36.7175],"palmVelocity":[-3.98722,8.98228,-19.0242],"r":[[0.968113,-0.209202,-0.137811],[0.224623,0.968464,0.107801],[0.110913,-0.135319,0.984575]],"s":1.15148,"sphereCenter":[40.8651,127.864,2.61658],"sphereRadius":59.13,"t":[-2.16179,17.8675,-64.7736]}],"id":135601,"pointables":[{"direction":[-0.148051,0.314223,-0.937734],"handId":1,"id":5,"length":70.1326,"tipPosition":[53.2779,187.549,-34.9089],"tipVelocity":[-28.6657,28.2924,-43.1216],"tool":false}],"r":[[0.33775,-0.537224,-0.772862],[-0.746258,-0.653243,0.127952],[-0.573606,0.533539,-0.621541]],"s":593.646,"t":[-2140.61,-9024.23,-791.817],"timestamp":1374487899},
{"hands":[{"direction":[0.052003,0.793992,-0.60542],"id":1,"palmNormal":[-0.253935,-0.575746,-0.777107],"palmPosition":[37.7564,121.305,36.4089],"palmVelocity":[2.69792,35.363,-33.3605],"r":[[0.968113,-0.209202,-0.137811],[0.224623,0.968464,0.107801],[0.110913,-0.135319,0.984575]],"s":1.15148,"sphereCenter":[40.7694,127.882,2.48582],"sphereRadius":59.0422,"t":[-2.42721,17.9887,-64.9577]}],"id":135603,"pointables":[{"direction":[-0.149729,0.314616,-0.937335],"handId":1,"id":5,"length":70.1853,"tipPosition":[53.0276,187.667,-34.9873],"tipVelocity":[-27.0677,12.7043,-8.47455],"tool":false}],"r":[[0.33775,-0.537224,-0.772862],[-0.746258,-0.653243,0.127952],[-0.573606,0.533539,-0.621541]],"s":593.646,"t":[-2140.88,-9024.11,-792.001],"timestamp":1374497148},
{"hands":[{"direction":[0.0509361,0.794422,-0.604971],"id":1,"palmNormal":[-0.253366,-0.575595,-0.777414],"palmPosition":[37.7037,121.276,36.3007],"palmVelocity":[-5.6992,-3.16124,-11.712],"r":[[0.968113,-0.209202,-0.137811],[0.224623,0.968464,0.107801],[0.110913,-0.135319,0.984575]],"s":1.15148,"sphereCenter":[40.7231,127.869,2.3921],"sphereRadius":59.0178,"t":[-2.6892,18.0943,-65.0487]}],"id":135605,"pointables":[{"direction":[-0.151631,0.313643,-0.937356],"handId":1,"id":5,"length":70.2238,"tipPosition":[52.769,187.757,-34.9852],"tipVelocity":[-27.9652,9.7398,0.225784],"tool":false}],"r":[[0.33775,-0.537224,-0.772862],[-0.746258,-0.653243,0.127952],[-0.573606,0.533539,-0.621541]],"s":593.646,"t":[-2141.14,-9024,-792.092],"timestamp":1374506394},
{"hands":[{"direction":[0.0491855,0.795064,-0.604281],"id":1,"palmNormal":[-0.253436,-0.575204,-0.77769],"palmPosition":[37.6046,120.928,36.5678],"palmVelocity":[-6.99215,-24.5044,18.8422],"r":[[0.968113,-0.209202,-0.137811],[0.224623,0.968464,0.107801],[0.110913,-0.135319,0.984575]],"s":1.15148,"sphereCenter":[40.6295,127.925,2.40936],"sphereRadius":59.0436,"t":[-2.93781,18.1507,-65.0226]}],"id":135607,"pointables":[{"direction":[-0.153891,0.309438,-0.938385],"handId":1,"id":5,"length":70.1893,"tipPosition":[52.5338,187.764,-34.842],"tipVelocity":[-16.5892,0.508616,10.099],"tool":false}],"r":[[0.33775,-0.537224,-0.772862],[-0.746258,-0.653243,0.127952],[-0.573606,0.533539,-0.621541]],"s":593.646,"t":[-2141.39,-9023.95,-792.066],"timestamp":1374520573},
{"hands":[{"direction":[0.0460814,0.794445,-0.605303],"id":1,"palmNormal":[-0.252204,-0.577094,-0.776672],"palmPosition":[37.6207,120.782,36.5039],"palmVelocity":[1.74191,-15.7896,-6.89934],"r":[[0.968113,-0.209202,-0.137811],[0.224624,0.968464,0.107801],[0.110913,-0.135319,0.984575]],"s":1.15148,"sphereCenter":[40.7177,128.011,2.6891],"sphereRadius":59.0077,"t":[-3.11978,18.2205,-64.6184]}],"id":135609,"pointables":[{"direction":[-0.155565,0.309687,-0.938026],"handId":1,"id":5,"length":70.1573,"tipPosition":[52.4184,187.847,-34.0598],"tipVelocity":[-12.4533,8.96983,84.459],"tool":false}],"r":[[0.33775,-0.537224,-0.772862],[-0.746258,-0.653243,0.127952],[-0.573606,0.533539,-0.621541]],"s":593.646,"t":[-2141.57,-9023.88,-791.662],"timestamp":1374529835},
{"hands":[{"direction":[0.0430052,0.794808,-0.605029],"id":1,"palmNormal":[-0.250146,-0.577752,-0.776839],"palmPosition":[37.6747,121.153,36.1715],"palmVelocity":[5.82604,40.0824,-35.886],"r":[[0.968113,-0.209202,-0.137811],[0.224624,0.968464,0.107801],[0.110913,-0.135319,0.984575]],"s":1.15148,"sphereCenter":[40.6951,127.964,2.62498],"sphereRadius":58.9833,"t":[-3.26898,18.37,-64.508]}],"id":135611,"pointables":[{"direction":[-0.157775,0.307381,-0.938416],"handId":1,"id":5,"length":70.1685,"tipPosition":[52.302,188.077,-34.243],"tipVelocity":[-12.5689,24.759,-19.7794],"tool":false}],"r":[[0.33775,-0.537224,-0.772862],[-0.746258,-0.653243,0.127951],[-0.573605,0.533539,-0.621541]],"s":593.646,"t":[-2141.72,-9023.73,-791.552],"timestamp":1374539098},
{"hands":[{"direction":[0.0391951,0.795183,-0.604746],"id":1,"palmNormal":[-0.247253,-0.578664,-0.77706],"palmPosition":[37.7871,121.666,35.6649],"palmVelocity":[11.8754,54.1616,-53.5104],"r":[[0.968113,-0.209202,-0.137811],[0.224624,0.968464,0.107801],[0.110913,-0.135319,0.984575]],"s":1.15148,"sphereCenter":[40.7622,128.077,2.63831],"sphereRadius":58.8893,"t":[-3.34768,18.5379,-64.3863]}],"id":135613,"pointables":[{"direction":[-0.159398,0.305882,-0.938631],"handId":1,"id":5,"length":70.1366,"tipPosition":[52.2938,188.263,-34.1102],"tipVelocity":[-0.867167,19.6769,14.023],"tool":false}],"r":[[0.33775,-0.537224,-0.772862],[-0.746258,-0.653243,0.127951],[-0.573605,0.533539,-0.621541]],"s":593.646,"t":[-2141.8,-9023.56,-791.43],"timestamp":1374548565},
{"hands":[{"direction":[0.0391046,0.797106,-0.602197],"id":1,"palmNormal":[-0.24633,-0.576182,-0.779162],"palmPosition":[37.8117,121.623,35.7747],"palmVelocity":[2.69529,-4.71568,12.0305],"r":[[0.968113,-0.209202,-0.137811],[0.224624,0.968464,0.107801],[0.110913,-0.135319,0.984575]],"s":1.15148,"sphereCenter":[40.7553,128.316,2.68665],"sphereRadius":58.8558,"t":[-3.37412,18.6714,-64.2944]}],"id":135615,"pointables":[{"direction":[-0.159913,0.301697,-0.939897],"handId":1,"id":5,"length":70.0506,"tipPosition":[52.3196,188.362,-34.048],"tipVelocity":[2.83195,10.8577,6.82369],"tool":false}],"r":[[0.33775,-0.537224,-0.772862],[-0.746258,-0.653244,0.127951],[-0.573605,0.533539,-0.621541]],"s":593.646,"t":[-2141.82,-9023.43,-791.338],"timestamp":1374557688},
{"hands":[{"direction":[0.037835,0.798633,-0.600251],"id":1,"palmNormal":[-0.245755,-0.574515,-0.780571],"palmPosition":[37.9113,121.827,35.664],"palmVelocity":[10.3961,21.238,-11.5452],"r":[[0.968113,-0.209202,-0.137811],[0.224624,0.968464,0.107801],[0.110913,-0.135319,0.984575]],"s":1.15148,"sphereCenter":[40.8298,128.46,2.67448],"sphereRadius":58.8307,"t":[-3.31316,18.7909,-64.1785]}],"id":135617,"pointables":[{"direction":[-0.159972,0.299385,-0.940626],"handId":1,"id":5,"length":69.9784,"tipPosition":[52.468,188.467,-33.9081],"tipVelocity":[15.4771,11.0028,14.5937],"tool":false}],"r":[[0.33775,-0.537224,-0.772862],[-0.746258,-0.653244,0.127951],[-0.573605,0.533539,-0.621541]],"s":593.646,"t":[-2141.76,-9023.31,-791.222],"timestamp":1374567273},
{"hands":[{"direction":[0.038589,0.799623,-0.59891],"id":1,"palmNormal":[-0.24507,-0.57313,-0.781808],"palmPosition":[38,122.059,35.4507],"palmVelocity":[9.67004,25.3777,-23.2668],"r":[[0.968113,-0.209202,-0.137811],[0.224624,0.968464,0.107801],[0.110913,-0.135319,0.984575]],"s":1.15148,"sphereCenter":[40.8925,128.716,2.49296],"sphereRadius":58.7314,"t":[-3.09708,19.0421,-64.2976]}],"id":135619,"pointables":[{"direction":[-0.158041,0.301024,-0.940429],"handId":1,"id":5,"length":69.9574,"tipPosition":[52.8392,188.85,-34.2621],"tipVelocity":[40.495,41.7805,-38.6197],"tool":false}],"r":[[0.33775,-0.537224,-0.772862],[-0.746258,-0.653244,0.127951],[-0.573605,0.533539,-0.621541]],"s":593.646,"t":[-2141.55,-9023.05,-791.341],"timestamp":1374576440},
{"hands":[{"direction":[0.0394922,0.799924,-0.598485],"id":1,"palmNormal":[-0.245207,-0.572537,-0.782217],"palmPosition":[37.9913,121.794,35.5706],"palmVelocity":[-0.902648,-27.6481,12.4936],"r":[[0.968113,-0.209202,-0.137811],[0.224624,0.968464,0.107801],[0.110913,-0.135319,0.984575]],"s":1.15148,"sphereCenter":[40.9807,128.985,2.23983],"sphereRadius":58.6405,"t":[-2.63571,19.4542,-64.8338]}],"id":135621,"pointables":[{"direction":[-0.151703,0.309107,-0.93885],"handId":1,"id":5,"length":70.0025,"tipPosition":[53.5458,189.423,-35.2155],"tipVelocity":[73.654,59.7125,-99.3775],"tool":false}],"r":[[0.33775,-0.537224,-0.772862],[-0.746258,-0.653244,0.127951],[-0.573605,0.533539,-0.621541]],"s":593.646,"t":[-2141.08,-9022.64,-791.877],"timestamp":1374586034},
{"hands":[{"direction":[0.0404503,0.800554,-0.597603],"id":1,"palmNormal":[-0.245439,-0.571439,-0.782957],"palmPosition":[38.0312,120.87,36.0943],"palmVelocity":[4.33616,-100.408,56.9098],"r":[[0.968113,-0.209202,-0.137811],[0.224624,0.968464,0.107801],[0.110913,-0.135319,0.984575]],"s":1.15148,"sphereCenter":[40.7324,128.551,1.03559],"sphereRadius":59.3265,"t":[-1.79757,20.0314,-65.7808]}],"id":135623,"pointables":[{"direction":[-0.141172,0.31451,-0.938698],"handId":1,"id":5,"length":70.117,"tipPosition":[54.7608,190.166,-36.5734],"tipVelocity":[132.028,80.6698,-147.557],"tool":false}],"r":[[0.33775,-0.537224,-0.772862],[-0.746258,-0.653244,0.127951],[-0.573605,0.533539,-0.621541]],"s":593.646,"t":[-2140.25,-9022.07,-792.825],"timestamp":1374595236},
{"hands":[{"direction":[0.0424769,0.801149,-0.596669],"id":1,"palmNormal":[-0.24763,-0.569696,-0.783519],"palmPosition":[38.1107,121.348,35.4383],"palmVelocity":[8.44137,50.6902,-69.6222],"r":[[0.968113,-0.209202,-0.137811],[0.224624,0.968464,0.107801],[0.110913,-0.135319,0.984575]],"s":1.15148,"sphereCenter":[41.0621,129.064,1.10305],"sphereRadius":59.095,"t":[-0.374173,20.6912,-66.4809]}],"id":135625,"pointables":[{"direction":[-0.126001,0.330245,-0.935447],"handId":1,"id":5,"length":70.1611,"tipPosition":[56.7694,190.908,-37.0264],"tipVelocity":[213.188,78.8042,-48.0823],"tool":false}],"r":[[0.337751,-0.537223,-0.772862],[-0.746258,-0.653244,0.127951],[-0.573605,0.533539,-0.621541]],"s":593.646,"t":[-2138.82,-9021.41,-793.525],"timestamp":1374604658},
{"hands":[{"direction":[0.0428962,0.796656,-0.602345],"id":1,"palmNormal":[-0.25101,-0.574894,-0.778371],"palmPosition":[38.1052,120.854,35.6939],"palmVelocity":[-0.586078,-52.63,27.2769],"r":[[0.968113,-0.209202,-0.137811],[0.224624,0.968464,0.107801],[0.110913,-0.135319,0.984575]],"s":1.15148,"sphereCenter":[41.1037,128.953,1.50629],"sphereRadius":59.695,"t":[1.84508,21.3539,-67.2007]}],"id":135627,"pointables":[{"direction":[-0.103871,0.339753,-0.934761],"handId":1,"id":5,"length":70.2342,"tipPosition":[59.7845,191.574,-37.766],"tipVelocity":[321.713,71.0019,-78.9187],"tool":false}],"r":[[0.337751,-0.537223,-0.772862],[-0.746258,-0.653244,0.127951],[-0.573605,0.533539,-0.621541]],"s":593.646,"t":[-2136.6,-9020.74,-794.244],"timestamp":1374614030},
{"hands":[{"direction":[0.0446285,0.792986,-0.606891],"id":1,"palmNormal":[-0.255148,-0.578412,-0.774261],"palmPosition":[37.982,120.295,35.714],"palmVelocity":[-13.2012,-59.9102,2.14645],"r":[[0.968113,-0.209202,-0.137811],[0.224624,0.968464,0.107801],[0.110913,-0.135319,0.984575]],"s":1.15148,"sphereCenter":[40.7336,128.74,1.14205],"sphereRadius":60.4961,"t":[5.0075,22.018,-67.7186]}],"id":135629,"pointables":[{"direction":[-0.0719964,0.358121,-0.930895],"handId":1,"id":5,"length":70.2986,"tipPosition":[63.8901,192.239,-38.082],"tipVelocity":[439.76,71.2984,-33.8479],"tool":false}],"r":[[0.337751,-0.537223,-0.772862],[-0.746258,-0.653244,0.127951],[-0.573605,0.533539,-0.621541]],"s":593.646,"t":[-2133.44,-9020.08,-794.762],"timestamp":1374623366},
{"hands":[{"direction":[0.0504575,0.791164,-0.608657],"id":1,"palmNormal":[-0.260448,-0.577887,-0.772827],"palmPosition":[38.0439,120.204,35.2728],"palmVelocity":[6.51298,-9.6255,-46.4462],"r":[[0.968113,-0.209202,-0.137811],[0.224624,0.968464,0.107801],[0.110913,-0.135319,0.984575]],"s":1.15148,"sphereCenter":[39.8942,127.788,-0.9184],"sphereRadius":61.8357,"t":[8.9563,22.4177,-68.0148]}],"id":135631,"pointables":[{"direction":[-0.0249236,0.380928,-0.924269],"handId":1,"id":5,"length":70.2098,"tipPosition":[68.6253,192.374,-38.1565],"tipVelocity":[498.491,14.2399,-7.83849],"tool":false}],"r":[[0.337751,-0.537223,-0.772862],[-0.746258,-0.653244,0.127951],[-0.573605,0.533539,-0.621541]],"s":593.646,"t":[-2129.49,-9019.68,-795.058],"timestamp":1374632865},
{"hands":[{"direction":[0.0570733,0.786983,-0.613101],"id":1,"palmNormal":[-0.264485,-0.580333,-0.769552],"palmPosition":[37.8347,119.775,34.801],"palmVelocity":[-23.2835,-47.696,-52.509],"r":[[0.969525,-0.20245,-0.137966],[0.218218,0.969603,0.110688],[0.111364,-0.137422,0.984232]],"s":1.17399,"sphereCenter":[38.5306,126.507,-3.95489],"sphereRadius":63.6953,"t":[10.8778,22.2459,-67.4273]}],"id":135633,"pointables":[{"direction":[0.0398373,0.406861,-0.912621],"handId":1,"id":5,"length":70.0496,"tipPosition":[73.4447,191.615,-38.1038],"tipVelocity":[536.388,-84.4787,5.85801],"tool":false},{"direction":[-0.364469,0.132361,-0.921761],"handId":1,"id":4,"length":52.7417,"tipPosition":[-33.4269,136.708,0.395381],"tipVelocity":[-559.916,-80.9931,321.641],"tool":false}],"r":[[0.33321,-0.542205,-0.771352],[-0.749697,-0.648486,0.131984],[-0.571774,0.534302,-0.622572]],"s":593.668,"t":[-2127.57,-9019.85,-794.471],"timestamp":1374641850},
{"hands":[{"direction":[0.0602897,0.782647,-0.61815],"id":1,"palmNormal":[-0.269789,-0.583628,-0.765031],"palmPosition":[37.6019,119.062,34.4275],"palmVelocity":[-24.3714,-74.6823,-39.1176],"r":[[0.972042,-0.190145,-0.137768],[0.206511,0.971522,0.116185],[0.111752,-0.141387,0.983626]],"s":1.20743,"sphereCenter":[36.9917,125.263,-7.22388],"sphereRadius":65.7512,"t":[11.7258,21.5802,-66.2629]}],"id":135635,"pointables":[{"direction":[0.116239,0.428552,-0.896009],"handId":1,"id":5,"length":69.8116,"tipPosition":[77.6173,189.765,-37.7228],"tipVelocity":[436.959,-193.796,39.9045],"tool":false},{"direction":[-0.406085,0.154395,-0.900698],"handId":1,"id":4,"length":51.4845,"tipPosition":[-38.0509,136.239,3.49659],"tipVelocity":[-484.24,-49.0649,324.768],"tool":false}],"r":[[0.324577,-0.550985,-0.768808],[-0.756018,-0.639579,0.139193],[-0.568407,0.536054,-0.624147]],"s":593.701,"t":[-2126.72,-9020.52,-793.307],"timestamp":1374651399},
{"hands":[{"direction":[0.061651,0.775083,-0.626863],"id":1,"palmNormal":[-0.276586,-0.590547,-0.756624],"palmPosition":[37.168,117.741,34.5652],"palmVelocity":[-47.2462,-143.839,14.9934],"r":[[0.975061,-0.17399,-0.137781],[0.191131,0.973848,0.122835],[0.112806,-0.146106,0.982816]],"s":1.24881,"sphereCenter":[35.2991,124.129,-9.69912],"sphereRadius":67.5917,"t":[13.7545,21.2138,-65.3369]}],"id":135637,"pointables":[{"direction":[0.138361,0.145152,-0.979687],"handId":1,"id":2,"length":30.1242,"tipPosition":[47.2512,187.035,-40.6487],"tipVelocity":[501.614,283.98,66.8781],"tool":false},{"direction":[0.197033,0.449877,-0.871085],"handId":1,"id":5,"length":69.5706,"tipPosition":[80.8269,187.088,-37.035],"tipVelocity":[349.483,-291.462,74.8883],"tool":false},{"direction":[-0.434303,0.16837,-0.884891],"handId":1,"id":4,"length":50.0728,"tipPosition":[-41.9959,136.173,6.77824],"tipVelocity":[-429.544,-7.29327,357.322],"tool":false}],"r":[[0.31338,-0.56246,-0.765135],[-0.763782,-0.628071,0.148877],[-0.564296,0.537741,-0.626422]],"s":593.743,"t":[-2124.69,-9020.88,-792.381],"timestamp":1374660583},
{"hands":[{"direction":[0.0646792,0.768584,-0.634152],"id":1,"palmNormal":[-0.282366,-0.595862,-0.750006],"palmPosition":[36.9489,116.753,34.317],"palmVelocity":[-22.8784,-103.147,-25.9021],"r":[[0.978199,-0.156044,-0.137032],[0.173959,0.976097,0.130278],[0.113428,-0.151276,0.981962]],"s":1.29222,"sphereCenter":[34.0618,124.159,-11.0339],"sphereRadius":68.6108,"t":[16.0262,21.1638,-64.6623]}],"id":135639,"pointables":[{"direction":[0.188505,0.240864,-0.952077],"handId":1,"id":2,"length":32.1426,"tipPosition":[50.9061,189.636,-40.2257],"tipVelocity":[381.508,271.515,44.1559],"tool":false},{"direction":[0.272123,0.469305,-0.840061],"handId":1,"id":5,"length":69.2287,"tipPosition":[83.3414,184.611,-36.7537],"tipVelocity":[262.475,-258.59,29.3641],"tool":false},{"direction":[-0.455291,0.170048,-0.873953],"handId":1,"id":4,"length":48.5702,"tipPosition":[-45.1891,136.439,9.84081],"tipVelocity":[-333.319,27.8047,319.684],"tool":false}],"r":[[0.300372,-0.574656,-0.761279],[-0.772209,-0.615008,0.159558],[-0.559884,0.53994,-0.628486]],"s":593.786,"t":[-2122.42,-9020.93,-791.706],"timestamp":1374670163},
{"hands":[{"direction":[0.0648038,0.759357,-0.644368],"id":1,"palmNormal":[-0.288523,-0.604515,-0.73991],"palmPosition":[36.6096,115.385,34.407],"palmVelocity":[-36.8629,-148.625,9.78281],"r":[[0.981138,-0.137342,-0.136035],[0.155999,0.978125,0.137607],[0.11416,-0.156233,0.981101]],"s":1.33111,"sphereCenter":[31.969,122.736,-14.075],"sphereRadius":71.1231,"t":[17.9505,21.5079,-63.1006]}],"id":135641,"pointables":[{"direction":[0.228566,0.297613,-0.926922],"handId":1,"id":2,"length":33.7624,"tipPosition":[53.2704,191.448,-37.5711],"tipVelocity":[256.939,196.923,288.475],"tool":false},{"direction":[0.333134,0.485189,-0.808463],"handId":1,"id":5,"length":68.6517,"tipPosition":[84.9185,182.517,-36.7253],"tipVelocity":[171.385,-227.505,3.09268],"tool":false},{"direction":[-0.467963,0.183161,-0.864559],"handId":1,"id":4,"length":47.0375,"tipPosition":[-47.6716,137.177,12.2897],"tipVelocity":[-269.777,80.2139,266.121],"tool":false}],"r":[[0.28662,-0.587037,-0.757124],[-0.780472,-0.601398,0.170836],[-0.555619,0.541948,-0.630539]],"s":593.825,"t":[-2120.5,-9020.59,-790.144],"timestamp":1374679365},
{"hands":[{"direction":[0.0611447,0.743137,-0.660725],"id":1,"palmNormal":[-0.29643,-0.619401,-0.721677],"palmPosition":[36.3583,113.469,35.3256],"palmVelocity":[-26.7303,-203.707,97.6802],"r":[[0.983776,-0.118577,-0.134625],[0.137896,0.979827,0.144653],[0.114757,-0.16087,0.980281]],"s":1.36119,"sphereCenter":[30.9201,122.925,-13.3317],"sphereRadius":71.8545,"t":[18.641,21.9365,-60.9029]}],"id":135643,"pointables":[{"direction":[0.379622,0.507052,-0.773812],"handId":1,"id":5,"length":67.6813,"tipPosition":[84.3751,179.245,-35.184],"tipVelocity":[-57.7832,-347.951,163.894],"tool":false},{"direction":[0.25813,0.332727,-0.907007],"handId":1,"id":2,"length":34.909,"tipPosition":[54.6968,192.813,-33.9599],"tipVelocity":[151.675,145.065,384.008],"tool":false},{"direction":[-0.471766,0.175741,-0.864032],"handId":1,"id":4,"length":45.7004,"tipPosition":[-48.8886,137.69,15.1233],"tipVelocity":[-129.42,54.5594,301.327],"tool":false}],"r":[[0.2725,-0.599044,-0.752921],[-0.788316,-0.587659,0.182247],[-0.551635,0.543877,-0.632374]],"s":593.855,"t":[-2119.81,-9020.16,-787.947],"timestamp":1374688769},
{"hands":[{"direction":[0.0603067,0.73371,-0.670876],"id":1,"palmNormal":[-0.303443,-0.627643,-0.711121],"palmPosition":[36.1318,112.083,35.5975],"palmVelocity":[-24.1001,-147.531,28.9253],"r":[[0.986053,-0.101071,-0.132228],[0.120854,0.981066,0.151341],[0.114428,-0.16521,0.979598]],"s":1.38532,"sphereCenter":[30.1582,123.644,-12.0773],"sphereRadius":72.2188,"t":[18.6544,22.3819,-58.7498]}],"id":135645,"pointables":[{"direction":[0.412491,0.525303,-0.74425],"handId":1,"id":5,"length":66.6938,"tipPosition":[83.7114,176.717,-34.2822],"tipVelocity":[-70.627,-268.962,95.9601],"tool":false},{"direction":[0.284695,0.373291,-0.882951],"handId":1,"id":2,"length":35.8075,"tipPosition":[55.9194,194.637,-31.8512],"tipVelocity":[130.091,194.163,224.376],"tool":false},{"direction":[-0.473153,0.181088,-0.862168],"handId":1,"id":4,"length":44.2206,"tipPosition":[-49.6664,138.152,17.4936],"tipVelocity":[-82.7553,49.1747,252.212],"tool":false}],"r":[[0.258558,-0.609556,-0.749393],[-0.795477,-0.574486,0.192828],[-0.548055,0.546267,-0.633425]],"s":593.879,"t":[-2119.79,-9019.71,-785.793],"timestamp":1374698167},
{"hands":[{"direction":[0.0612118,0.724608,-0.680386],"id":1,"palmNormal":[-0.310196,-0.634873,-0.701514],"palmPosition":[35.9771,110.992,35.7632],"palmVelocity":[-16.6231,-117.264,17.8101],"r":[[0.988012,-0.0857716,-0.128353],[0.10572,0.981812,0.157696],[0.112493,-0.169375,0.979111]],"s":1.40368,"sphereCenter":[29.7646,124.713,-10.0258],"sphereRadius":72.3266,"t":[18.5238,22.7613,-56.8932]}],"id":135647,"pointables":[{"direction":[0.435761,0.54541,-0.715989],"handId":1,"id":5,"length":65.663,"tipPosition":[83.2265,175.095,-33.9062],"tipVelocity":[-52.1088,-174.362,40.4026],"tool":false},{"direction":[0.301516,0.404963,-0.863187],"handId":1,"id":2,"length":36.6034,"tipPosition":[56.2103,195.365,-30.2913],"tipVelocity":[31.2669,78.1658,167.648],"tool":false},{"direction":[-0.464132,0.141854,-0.874333],"handId":1,"id":4,"length":42.9761,"tipPosition":[-49.9408,138.466,19.7047],"tipVelocity":[-29.4947,33.6907,237.617],"tool":false}],"r":[[0.245143,-0.61778,-0.747163],[-0.801867,-0.562361,0.201889],[-0.544899,0.549634,-0.633236]],"s":593.898,"t":[-2119.92,-9019.34,-783.937],"timestamp":1374707472},
{"hands":[{"direction":[0.058698,0.714605,-0.690697],"id":1,"palmNormal":[-0.316788,-0.643569,-0.690054],"palmPosition":[35.7279,109.767,36.1615],"palmVelocity":[-26.7929,-131.677,42.8301],"r":[[0.989759,-0.0722655,-0.123101],[0.0921129,0.982142,0.16405],[0.109048,-0.173709,0.978741]],"s":1.41689,"sphereCenter":[29.4175,125.839,-7.83917],"sphereRadius":72.5827,"t":[18.3929,22.8971,-55.5054]}],"id":135649,"pointables":[{"direction":[0.45253,0.562935,-0.691607],"handId":1,"id":5,"length":64.6504,"tipPosition":[82.7311,173.833,-33.7335],"tipVelocity":[-53.2572,-135.697,18.5663],"tool":false},{"direction":[0.314996,0.434621,-0.843731],"handId":1,"id":2,"length":37.3544,"tipPosition":[56.1468,195.257,-29.3724],"tipVelocity":[-6.82388,-11.5837,98.7938],"tool":false},{"direction":[-0.457448,0.158897,-0.874925],"handId":1,"id":4,"length":41.6683,"tipPosition":[-50.0722,138.94,21.6042],"tipVelocity":[-14.1275,50.9724,204.225],"tool":false}],"r":[[0.232034,-0.624081,-0.746112],[-0.807809,-0.550922,0.209595],[-0.541854,0.554083,-0.631971]],"s":593.911,"t":[-2120.06,-9019.2,-782.549],"timestamp":1374716773},
{"hands":[{"direction":[0.0554034,0.708272,-0.697695],"id":1,"palmNormal":[-0.322841,-0.649288,-0.681988],"palmPosition":[35.2373,108.581,36.5116],"palmVelocity":[-53.5657,-129.511,38.2207],"r":[[0.991292,-0.0604662,-0.116976],[0.0799935,0.982157,0.170203],[0.104597,-0.178078,0.978441]],"s":1.42688,"sphereCenter":[29.5374,127.524,-4.90311],"sphereRadius":72.8847,"t":[18.2772,23.0181,-54.6254]}],"id":135651,"pointables":[{"direction":[0.46248,0.563932,-0.684173],"handId":1,"id":5,"length":63.7814,"tipPosition":[82.2307,172.65,-33.783],"tipVelocity":[-54.6408,-129.132,-5.40106],"tool":false},{"direction":[0.324571,0.456877,-0.828201],"handId":1,"id":2,"length":38.0866,"tipPosition":[56.3137,195.363,-28.9999],"tipVelocity":[18.2245,11.5888,40.6644],"tool":false},{"direction":[-0.448949,0.165529,-0.878092],"handId":1,"id":4,"length":40.3829,"tipPosition":[-50.1727,139.234,23.053],"tipVelocity":[-10.9668,32.1167,158.183],"tool":false}],"r":[[0.219519,-0.628776,-0.745957],[-0.813243,-0.540307,0.216112],[-0.538932,0.559203,-0.629955]],"s":593.921,"t":[-2120.17,-9019.08,-781.669],"timestamp":1374725932},
{"hands":[{"direction":[0.0483415,0.697027,-0.708637],"id":1,"palmNormal":[-0.329282,-0.659501,-0.668012],"palmPosition":[34.7376,107.601,37.0965],"palmVelocity":[-53.0096,-103.951,62.052],"r":[[0.992609,-0.0500283,-0.110567],[0.0690987,0.981958,0.176022],[0.0997664,-0.182361,0.978157]],"s":1.43324,"sphereCenter":[29.6361,128.893,-2.15166],"sphereRadius":73.1265,"t":[18.2039,22.908,-53.8075]}],"id":135653,"pointables":[{"direction":[0.469289,0.574496,-0.670613],"handId":1,"id":5,"length":62.72,"tipPosition":[81.4182,171.221,-33.3695],"tipVelocity":[-86.1967,-151.591,43.873],"tool":false},{"direction":[0.329707,0.455079,-0.827162],"handId":1,"id":2,"length":38.6999,"tipPosition":[56.283,195.022,-28.2444],"tipVelocity":[-3.26604,-36.1966,80.1605],"tool":false},{"direction":[-0.434464,0.138485,-0.889979],"handId":1,"id":4,"length":39.3796,"tipPosition":[-50.0698,139.315,24.3728],"tipVelocity":[10.9067,8.63945,140.02],"tool":false}],"r":[[0.207758,-0.632382,-0.746277],[-0.818175,-0.530487,0.221751],[-0.536122,0.564514,-0.627612]],"s":593.927,"t":[-2120.24,-9019.19,-780.851],"timestamp":1374735358},
{"hands":[{"direction":[0.0490866,0.688546,-0.716917],"id":1,"palmNormal":[-0.334331,-0.6658,-0.659421],"palmPosition":[34.7028,107.119,37.3684],"palmVelocity":[-3.78357,-52.3517,29.5045],"r":[[0.993778,-0.0414188,-0.10339],[0.0598005,0.981556,0.18158],[0.0939625,-0.186633,0.977926]],"s":1.43742,"sphereCenter":[29.8684,130.346,0.576712],"sphereRadius":73.294,"t":[18.2202,22.7803,-53.2575]}],"id":135655,"pointables":[{"direction":[0.473609,0.581776,-0.661234],"handId":1,"id":5,"length":61.6749,"tipPosition":[80.7171,169.958,-33.0872],"tipVelocity":[-76.0891,-137.154,30.6298],"tool":false},{"direction":[0.335254,0.477325,-0.81226],"handId":1,"id":2,"length":39.4022,"tipPosition":[56.3887,194.958,-28.1424],"tipVelocity":[11.4793,-6.89862,11.0623],"tool":false},{"direction":[-0.41786,0.0922308,-0.903818],"handId":1,"id":4,"length":38.5466,"tipPosition":[-49.5815,139.17,25.8174],"tipVelocity":[52.9974,-15.7782,156.786],"tool":false}],"r":[[0.19676,-0.634408,-0.747538],[-0.822627,-0.521655,0.226186],[-0.533451,0.570441,-0.624522]],"s":593.931,"t":[-2120.23,-9019.32,-780.301],"timestamp":1374744572},
