[
{"hands":[{"direction":[-0.11817,0.771884,-0.62436],"id":2,"palmNormal":[-0.171098,-0.635783,-0.752418],"palmPosition":[41.1832,143.964,43.1046],"palmVelocity":[-39.3422,31.7063,-84.7548],"r":[[1,0,0],[0,1,0],[0,0,1]],"s":1,"sphereCenter":[41.1666,154.344,18.3659],"sphereRadius":58.0536,"t":[-46.7809,48.191,-30.4833]}],"id":140410,"pointables":[{"direction":[-0.267646,-0.0820071,-0.960021],"handId":2,"id":6,"length":49.8237,"tipPosition":[32.1004,203.673,-30.8916],"tipVelocity":[-45.2974,-4.30299,-92.2752],"tool":false}],"r":[[-0.253148,0.280484,0.925875],[0.406014,-0.837882,0.364837],[0.878105,0.468276,0.0982278]],"s":592.138,"t":[-2119.78,-9078.93,-847.757],"timestamp":1400666147},
{"hands":[{"direction":[-0.120001,0.768643,-0.627894],"id":2,"palmNormal":[-0.170219,-0.640066,-0.748888],"palmPosition":[40.8473,144.24,42.1995],"palmVelocity":[-36.4261,29.9535,-98.1412],"r":[[1,0,0],[0,1,0],[0,0,1]],"s":1,"sphereCenter":[40.8297,154.481,17.808],"sphereRadius":57.9998,"t":[-47.2181,48.0276,-31.4119]}],"id":140412,"pointables":[{"direction":[-0.266703,-0.0717093,-0.961107],"handId":2,"id":6,"length":49.6145,"tipPosition":[31.6397,203.403,-31.9731],"tipVelocity":[-49.9616,-29.3439,-117.279],"tool":false}],"r":[[-0.253148,0.280484,0.925875],[0.406014,-0.837882,0.364837],[0.878105,0.468276,0.0982278]],"s":592.138,"t":[-2120.22,-9079.09,-848.686],"timestamp":1400675369},
{"hands":[{"direction":[-0.119673,0.766588,-0.630457],"id":2,"palmNormal":[-0.171654,-0.642638,-0.74634],"palmPosition":[40.4983,143.986,41.7128],"palmVelocity":[-38.0209,-27.6794,-53.0197],"r":[[1,0,0],[0,1,0],[0,0,1]],"s":1,"sphereCenter":[40.5015,154.621,17.286],"sphereRadius":58.0123,"t":[-47.6542,47.7224,-32.2912]}],"id":140414,"pointables":[{"direction":[-0.266155,-0.065325,-0.961714],"handId":2,"id":6,"length":49.5797,"tipPosition":[31.2045,202.956,-32.8033],"tipVelocity":[-47.4139,-48.7206,-90.4375],"tool":false}],"r":[[-0.253148,0.280484,0.925875],[0.406014,-0.837882,0.364837],[0.878105,0.468276,0.0982278]],"s":592.138,"t":[-2120.66,-9079.4,-849.565],"timestamp":1400684548},
{"hands":[{"direction":[-0.120406,0.764239,-0.633144],"id":2,"palmNormal":[-0.171484,-0.645619,-0.743791],"palmPosition":[40.1259,144.382,40.5062],"palmVelocity":[-39.614,42.1752,-128.348],"r":[[1,0,0],[0,1,0],[0,0,1]],"s":1,"sphereCenter":[40.1391,154.638,16.5039],"sphereRadius":57.9856,"t":[-48.0895,47.4274,-33.3064]}],"id":140416,"pointables":[{"direction":[-0.264923,-0.061175,-0.962327],"handId":2,"id":6,"length":49.5164,"tipPosition":[30.7701,202.671,-33.9542],"tipVelocity":[-46.2054,-30.2697,-122.431],"tool":false}],"r":[[-0.253148,0.280484,0.925875],[0.406014,-0.837882,0.364837],[0.878105,0.468276,0.0982278]],"s":592.138,"t":[-2121.09,-9079.69,-850.58],"timestamp":1400693949},
{"hands":[{"direction":[-0.11999,0.762677,-0.635125],"id":2,"palmNormal":[-0.173972,-0.647431,-0.74163],"palmPosition":[39.8093,144.201,39.9253],"palmVelocity":[-22.2914,-12.7433,-40.9047],"r":[[1,0,0],[0,1,0],[0,0,1]],"s":1,"sphereCenter":[39.863,154.572,15.9236],"sphereRadius":57.9967,"t":[-48.5269,47.0146,-34.2796]}],"id":140418,"pointables":[{"direction":[-0.265094,-0.0602168,-0.96234],"handId":2,"id":6,"length":49.4672,"tipPosition":[30.3306,202.14,-34.8854],"tipVelocity":[-30.9468,-37.3779,-65.5646],"tool":false}],"r":[[-0.253148,0.280484,0.925875],[0.406014,-0.837882,0.364837],[0.878105,0.468276,0.0982278]],"s":592.138,"t":[-2121.53,-9080.11,-851.553],"timestamp":1400708151},
{"hands":[{"direction":[-0.120579,0.760686,-0.637398],"id":2,"palmNormal":[-0.174811,-0.649853,-0.739315],"palmPosition":[39.4278,144.005,39.1088],"palmVelocity":[-41.669,-21.4487,-89.1855],"r":[[1,0,0],[0,1,0],[0,0,1]],"s":1,"sphereCenter":[39.5569,154.433,15.2697],"sphereRadius":58.007,"t":[-49.0121,46.542,-35.278]}],"id":140420,"pointables":[{"direction":[-0.265198,-0.051835,-0.9628],"handId":2,"id":6,"length":49.3338,"tipPosition":[29.7976,201.608,-35.909],"tipVelocity":[-58.2207,-58.1296,-111.807],"tool":false}],"r":[[-0.253148,0.280484,0.925875],[0.406014,-0.837882,0.364837],[0.878105,0.468276,0.0982278]],"s":592.138,"t":[-2122.02,-9080.58,-852.552],"timestamp":1400717306},
{"hands":[{"direction":[-0.122789,0.758113,-0.63999],"id":2,"palmNormal":[-0.173238,-0.653049,-0.73684],"palmPosition":[39.0127,144.162,37.7752],"palmVelocity":[-43.2225,16.3277,-138.842],"r":[[1,0,0],[0,1,0],[0,0,1]],"s":1,"sphereCenter":[39.2214,154.297,14.7149],"sphereRadius":58.0162,"t":[-49.504,46.0265,-36.1892]}],"id":140422,"pointables":[{"direction":[-0.266372,-0.045643,-0.962789],"handId":2,"id":6,"length":49.3134,"tipPosition":[29.299,201.05,-36.733],"tipVelocity":[-51.9097,-58.1474,-85.7958],"tool":false}],"r":[[-0.253148,0.280484,0.925875],[0.406014,-0.837882,0.364837],[0.878105,0.468276,0.0982278]],"s":592.138,"t":[-2122.51,-9081.09,-853.463],"timestamp":1400726911},
{"hands":[{"direction":[-0.127582,0.755537,-0.641972],"id":2,"palmNormal":[-0.172763,-0.656197,-0.734135],"palmPosition":[38.6792,144.028,36.7369],"palmVelocity":[-36.5874,-14.651,-113.929],"r":[[1,0,0],[0,1,0],[0,0,1]],"s":1,"sphereCenter":[38.8594,154.181,13.9696],"sphereRadius":57.986,"t":[-50.0237,45.5286,-37.3341]}],"id":140424,"pointables":[{"direction":[-0.266569,-0.0402138,-0.962977],"handId":2,"id":6,"length":49.3168,"tipPosition":[28.7515,200.569,-38.1116],"tipVelocity":[-60.0706,-52.7017,-151.261],"tool":false}],"r":[[-0.253148,0.280484,0.925875],[0.406014,-0.837882,0.364837],[0.878105,0.468276,0.0982278]],"s":592.138,"t":[-2123.03,-9081.59,-854.608],"timestamp":1400736025},
{"hands":[{"direction":[-0.128982,0.753517,-0.64408],"id":2,"palmNormal":[-0.172407,-0.65859,-0.732089],"palmPosition":[38.3344,143.61,36.0334],"palmVelocity":[-36.2774,-43.9536,-74.0237],"r":[[1,0,0],[0,1,0],[0,0,1]],"s":1,"sphereCenter":[38.5411,153.947,13.2541],"sphereRadius":57.9819,"t":[-50.4798,44.9618,-38.2945]}],"id":140426,"pointables":[{"direction":[-0.26676,-0.0375504,-0.963031],"handId":2,"id":6,"length":49.4672,"tipPosition":[28.3589,199.933,-38.8875],"tipVelocity":[-41.3074,-66.8955,-81.6416],"tool":false}],"r":[[-0.253148,0.280484,0.925875],[0.406014,-0.837882,0.364837],[0.878105,0.468276,0.0982278]],"s":592.138,"t":[-2123.48,-9082.16,-855.568],"timestamp":1400745529},
{"hands":[{"direction":[-0.129958,0.751314,-0.646462],"id":2,"palmNormal":[-0.171589,-0.661176,-0.729953],"palmPosition":[37.9921,143.089,35.3645],"palmVelocity":[-37.0414,-56.4648,-72.3847],"r":[[1,0,0],[0,1,0],[0,0,1]],"s":1,"sphereCenter":[38.2333,153.686,12.5394],"sphereRadius":58.0122,"t":[-50.8659,44.3966,-39.2997]}],"id":140428,"pointables":[{"direction":[-0.266566,-0.03598,-0.963145],"handId":2,"id":6,"length":49.5497,"tipPosition":[28.0429,199.37,-39.9375],"tipVelocity":[-34.1965,-60.983,-113.622],"tool":false}],"r":[[-0.253148,0.280484,0.925875],[0.406014,-0.837882,0.364837],[0.878105,0.468276,0.0982278]],"s":592.138,"t":[-2123.87,-9082.72,-856.573],"timestamp":1400754770},
{"hands":[{"direction":[-0.13388,0.748642,-0.648679],"id":2,"palmNormal":[-0.170758,-0.664307,-0.727282],"palmPosition":[37.6833,142.579,34.6511],"palmVelocity":[-32.9173,-54.3433,-76.0416],"r":[[1,0,0],[0,1,0],[0,0,1]],"s":1,"sphereCenter":[37.9164,153.235,11.5758],"sphereRadius":58.0896,"t":[-51.149,43.7737,-40.2229]}],"id":140430,"pointables":[{"direction":[-0.265612,-0.0345235,-0.963462],"handId":2,"id":6,"length":49.6644,"tipPosition":[27.8628,198.689,-40.7787],"tipVelocity":[-19.1979,-72.5476,-89.6641],"tool":false}],"r":[[-0.253148,0.280484,0.925875],[0.406014,-0.837882,0.364837],[0.878105,0.468276,0.0982278]],"s":592.138,"t":[-2124.15,-9083.35,-857.497],"timestamp":1400764151},
{"hands":[{"direction":[-0.133955,0.747233,-0.65034],"id":2,"palmNormal":[-0.173718,-0.665773,-0.725231],"palmPosition":[37.4465,142.178,33.7976],"palmVelocity":[-24.7897,-41.9987,-89.3341],"r":[[1,0,0],[0,1,0],[0,0,1]],"s":1,"sphereCenter":[37.6844,152.738,10.5858],"sphereRadius":58.149,"t":[-51.3095,43.0916,-40.9822]}],"id":140432,"pointables":[{"direction":[-0.264285,-0.0296607,-0.963988],"handId":2,"id":6,"length":49.6513,"tipPosition":[27.8248,197.948,-41.3741],"tipVelocity":[-3.97459,-77.5855,-62.3253],"tool":false}],"r":[[-0.253148,0.280484,0.925875],[0.406014,-0.837882,0.364837],[0.878105,0.468276,0.0982278]],"s":592.138,"t":[-2124.31,-9084.03,-858.256],"timestamp":1400773705},
{"hands":[{"direction":[-0.136245,0.744877,-0.652551],"id":2,"palmNormal":[-0.174234,-0.668472,-0.722617],"palmPosition":[37.2041,141.746,32.9261],"palmVelocity":[-26.9173,-47.9599,-96.7712],"r":[[1,0,0],[0,1,0],[0,0,1]],"s":1,"sphereCenter":[37.4452,152.124,9.73759],"sphereRadius":58.347,"t":[-51.3923,42.3338,-41.8622]}],"id":140434,"pointables":[{"direction":[-0.262262,-0.030991,-0.964499],"handId":2,"id":6,"length":49.7289,"tipPosition":[27.8198,197.115,-42.3749],"tipVelocity":[-0.554346,-92.5575,-111.118],"tool":false}],"r":[[-0.253148,0.280484,0.925875],[0.406014,-0.837882,0.364837],[0.878105,0.468276,0.0982278]],"s":592.138,"t":[-2124.4,-9084.79,-859.136],"timestamp":1400782711},
{"hands":[{"direction":[-0.137536,0.742355,-0.655143],"id":2,"palmNormal":[-0.174141,-0.671326,-0.719983],"palmPosition":[36.9895,141.233,31.9964],"palmVelocity":[-22.4234,-53.5479,-97.1734],"r":[[1,0,0],[0,1,0],[0,0,1]],"s":1,"sphereCenter":[37.2419,151.488,8.99565],"sphereRadius":58.4327,"t":[-51.433,41.5126,-43.0337]}],"id":140436,"pointables":[{"direction":[-0.263374,-0.0288637,-0.964262],"handId":2,"id":6,"length":49.7054,"tipPosition":[27.8211,196.23,-43.8379],"tipVelocity":[0.135877,-92.4618,-152.93],"tool":false}],"r":[[-0.253148,0.280484,0.925875],[0.406014,-0.837882,0.364837],[0.878105,0.468276,0.0982278]],"s":592.138,"t":[-2124.44,-9085.61,-860.307],"timestamp":1400792278},
{"hands":[{"direction":[-0.139884,0.739673,-0.657647],"id":2,"palmNormal":[-0.174925,-0.674335,-0.716953],"palmPosition":[36.8347,140.765,30.9887],"palmVelocity":[-16.9636,-51.3025,-110.358],"r":[[1,0,0],[0,1,0],[0,0,1]],"s":1,"sphereCenter":[37.0615,150.897,8.05085],"sphereRadius":58.4119,"t":[-51.395,40.6551,-44.2622]}],"id":140438,"pointables":[{"direction":[-0.264394,-0.0263497,-0.964055],"handId":2,"id":6,"length":49.7714,"tipPosition":[27.9379,195.336,-45.1234],"tipVelocity":[12.7839,-97.8819,-140.776],"tool":false}],"r":[[-0.253148,0.280484,0.925875],[0.406014,-0.837882,0.364837],[0.878105,0.468276,0.0982278]],"s":592.138,"t":[-2124.4,-9086.47,-861.536],"timestamp":1400801409},
{"hands":[{"direction":[-0.142057,0.736111,-0.66109],"id":2,"palmNormal":[-0.175159,-0.678316,-0.713058],"palmPosition":[36.7437,140.959,29.0864],"palmVelocity":[-9.81916,20.9553,-205.411],"r":[[1,0,0],[0,1,0],[0,0,1]],"s":1,"sphereCenter":[36.8532,150.335,7.07507],"sphereRadius":58.3472,"t":[-51.2649,39.7416,-45.46]}],"id":140440,"pointables":[{"direction":[-0.264666,-0.0243531,-0.964033],"handId":2,"id":6,"length":49.8177,"tipPosition":[28.16,194.367,-46.2905],"tipVelocity":[23.9846,-104.696,-126.026],"tool":false}],"r":[[-0.253148,0.280484,0.925875],[0.406014,-0.837882,0.364837],[0.878105,0.468276,0.0982278]],"s":592.138,"t":[-2124.27,-9087.38,-862.734],"timestamp":1400810670},
{"hands":[{"direction":[-0.143991,0.732235,-0.664876],"id":2,"palmNormal":[-0.174479,-0.682594,-0.709054],"palmPosition":[36.7008,140.842,27.6771],"palmVelocity":[-4.55227,-12.3789,-149.455],"r":[[1,0,0],[0,1,0],[0,0,1]],"s":1,"sphereCenter":[36.6336,149.618,5.90423],"sphereRadius":58.297,"t":[-51.0386,38.8845,-46.6821]}],"id":140442,"pointables":[{"direction":[-0.263152,-0.0231868,-0.964476],"handId":2,"id":6,"length":50.029,"tipPosition":[28.4825,193.566,-47.5368],"tipVelocity":[34.2058,-84.8924,-132.163],"tool":false}],"r":[[-0.253148,0.280484,0.925875],[0.406014,-0.837882,0.364837],[0.878105,0.468276,0.0982278]],"s":592.138,"t":[-2124.04,-9088.24,-863.956],"timestamp":1400820100},
{"hands":[{"direction":[-0.143358,0.728752,-0.668778],"id":2,"palmNormal":[-0.176235,-0.686257,-0.705012],"palmPosition":[36.6561,140.617,26.3385],"palmVelocity":[-4.6815,-23.581,-140.057],"r":[[1,0,0],[0,1,0],[0,0,1]],"s":1,"sphereCenter":[36.5166,148.776,4.86791],"sphereRadius":58.3788,"t":[-50.7288,38.0547,-47.9013]}],"id":140444,"pointables":[{"direction":[-0.261745,-0.0222319,-0.964881],"handId":2,"id":6,"length":50.0245,"tipPosition":[28.8759,192.763,-48.7532],"tipVelocity":[41.1575,-83.992,-127.28],"tool":false}],"r":[[-0.253148,0.280484,0.925875],[0.406014,-0.837882,0.364837],[0.878105,0.468276,0.0982278]],"s":592.138,"t":[-2123.73,-9089.07,-865.175],"timestamp":1400829657},
{"hands":[{"direction":[-0.142956,0.725389,-0.67248],"id":2,"palmNormal":[-0.179678,-0.689669,-0.700707],"palmPosition":[36.7252,140.012,25.6441],"palmVelocity":[7.38452,-64.5362,-74.1103],"r":[[1,0,0],[0,1,0],[0,0,1]],"s":1,"sphereCenter":[36.4717,147.932,3.91214],"sphereRadius":58.4937,"t":[-50.2538,37.164,-48.6582]}],"id":140446,"pointables":[{"direction":[-0.262457,-0.0244079,-0.964635],"handId":2,"id":6,"length":50.1781,"tipPosition":[29.516,191.812,-49.0477],"tipVelocity":[68.3206,-101.538,-31.4287],"tool":false}],"r":[[-0.253148,0.280484,0.925875],[0.406014,-0.837882,0.364837],[0.878105,0.468276,0.0982278]],"s":592.138,"t":[-2123.26,-9089.96,-865.932],"timestamp":1400839027},
{"hands":[{"direction":[-0.139062,0.723021,-0.675778],"id":2,"palmNormal":[-0.182785,-0.691756,-0.697847],"palmPosition":[36.7732,139.233,25.151],"palmVelocity":[5.20979,-84.6319,-53.5511],"r":[[1,0,0],[0,1,0],[0,0,1]],"s":1,"sphereCenter":[36.3963,147.115,2.81299],"sphereRadius":58.4883,"t":[-49.7668,36.2563,-49.5992]}],"id":140448,"pointables":[{"direction":[-0.261794,-0.0217756,-0.964878],"handId":2,"id":6,"length":50.318,"tipPosition":[30.0151,190.887,-50.1729],"tipVelocity":[54.1962,-100.44,-122.195],"tool":false}],"r":[[-0.253148,0.280484,0.925875],[0.406014,-0.837882,0.364837],[0.878105,0.468276,0.0982278]],"s":592.138,"t":[-2122.77,-9090.86,-866.873],"timestamp":1400848235},
{"hands":[{"direction":[-0.137081,0.720216,-0.679161],"id":2,"palmNormal":[-0.186995,-0.694332,-0.694095],"palmPosition":[36.8273,138.698,24.3327],"palmVelocity":[5.79359,-57.3301,-87.7042],"r":[[1,0,0],[0,1,0],[0,0,1]],"s":1,"sphereCenter":[36.3364,146.402,1.82502],"sphereRadius":58.4905,"t":[-49.2703,35.3741,-50.7774]}],"id":140450,"pointables":[{"direction":[-0.260157,-0.0172129,-0.965413],"handId":2,"id":6,"length":50.5103,"tipPosition":[30.5211,190.03,-51.5883],"tipVelocity":[54.2273,-91.8024,-151.692],"tool":false}],"r":[[-0.253148,0.280484,0.925875],[0.406014,-0.837882,0.364837],[0.878105,0.468276,0.0982278]],"s":592.138,"t":[-2122.27,-9091.75,-868.051],"timestamp":1400857566},
{"hands":[{"direction":[-0.135474,0.717537,-0.682321],"id":2,"palmNormal":[-0.189804,-0.696847,-0.690805],"palmPosition":[36.9052,138.061,23.6603],"palmVelocity":[8.43575,-68.9982,-72.8085],"r":[[1,0,0],[0,1,0],[0,0,1]],"s":1,"sphereCenter":[36.3167,145.675,0.831065],"sphereRadius":58.5217,"t":[-48.7055,34.5378,-51.7939]}],"id":140452,"pointables":[{"direction":[-0.259833,-0.0137817,-0.965555],"handId":2,"id":6,"length":50.6536,"tipPosition":[31.1541,189.24,-52.443],"tipVelocity":[68.5508,-85.5913,-92.5525],"tool":false}],"r":[[-0.253148,0.280484,0.925875],[0.406014,-0.837882,0.364837],[0.878105,0.468276,0.0982278]],"s":592.138,"t":[-2121.71,-9092.58,-869.068],"timestamp":1400866801},
{"hands":[{"direction":[-0.130139,0.715044,-0.685835],"id":2,"palmNormal":[-0.193427,-0.698746,-0.687876],"palmPosition":[36.9839,137.707,22.7589],"palmVelocity":[8.35708,-37.5024,-95.6403],"r":[[1,0,0],[0,1,0],[0,0,1]],"s":1,"sphereCenter":[36.2807,144.789,-0.195775],"sphereRadius":58.5658,"t":[-48.0553,33.7005,-52.4487]}],"id":140454,"pointables":[{"direction":[-0.260352,-0.0152374,-0.965393],"handId":2,"id":6,"length":50.6869,"tipPosition":[31.8898,188.402,-52.7362],"tipVelocity":[78.051,-88.9337,-31.1045],"tool":false}],"r":[[-0.253148,0.280484,0.925875],[0.406014,-0.837882,0.364837],[0.878105,0.468276,0.0982278]],"s":592.138,"t":[-2121.06,-9093.42,-869.722],"timestamp":1400876226},
{"hands":[{"direction":[-0.126465,0.713117,-0.688524],"id":2,"palmNormal":[-0.198892,-0.699989,-0.68498],"palmPosition":[37.1378,137.243,22.2009],"palmVelocity":[16.7761,-50.6801,-60.8485],"r":[[1,0,0],[0,1,0],[0,0,1]],"s":1,"sphereCenter":[36.2876,143.941,-1.18755],"sphereRadius":58.5575,"t":[-47.4258,32.845,-52.9724]}],"id":140456,"pointables":[{"direction":[-0.26165,-0.0165561,-0.965021],"handId":2,"id":6,"length":50.7203,"tipPosition":[32.4985,187.528,-53.1287],"tipVelocity":[66.3895,-95.3096,-42.8129],"tool":false}],"r":[[-0.253148,0.280484,0.925875],[0.406014,-0.837882,0.364837],[0.878105,0.468276,0.0982278]],"s":592.138,"t":[-2120.43,-9094.28,-870.246],"timestamp":1400885395},
{"hands":[{"direction":[-0.12411,0.710574,-0.691591],"id":2,"palmNormal":[-0.20456,-0.701927,-0.681208],"palmPosition":[37.2648,136.513,21.989],"palmVelocity":[13.5777,-78.0149,-22.6544],"r":[[1,0,0],[0,1,0],[0,0,1]],"s":1,"sphereCenter":[36.339,143.271,-1.75093],"sphereRadius":58.6057,"t":[-46.8349,32.1387,-53.4522]}],"id":140458,"pointables":[{"direction":[-0.265443,-0.018296,-0.963953],"handId":2,"id":6,"length":50.6525,"tipPosition":[33.0508,186.971,-53.5647],"tipVelocity":[59.0349,-59.5197,-46.5947],"tool":false}],"r":[[-0.253148,0.280484,0.925875],[0.406014,-0.837882,0.364837],[0.878105,0.468276,0.0982278]],"s":592.138,"t":[-2119.84,-9094.98,-870.726],"timestamp":1400894751},
{"hands":[{"direction":[-0.119506,0.708249,-0.694716],"id":2,"palmNormal":[-0.210266,-0.703313,-0.677964],"palmPosition":[37.4132,136.223,21.346],"palmVelocity":[10.5418,-20.581,-45.6656],"r":[[1,0,0],[0,1,0],[0,0,1]],"s":1,"sphereCenter":[36.3362,142.441,-2.62245],"sphereRadius":58.6756,"t":[-46.3302,31.5353,-54.0095]}],"id":140460,"pointables":[{"direction":[-0.266562,-0.0182555,-0.963645],"handId":2,"id":6,"length":50.8064,"tipPosition":[33.4694,186.47,-54.1995],"tipVelocity":[29.7289,-35.5642,-45.0854],"tool":false}],"r":[[-0.253148,0.280484,0.925875],[0.406014,-0.837882,0.364837],[0.878105,0.468276,0.0982278]],"s":592.138,"t":[-2119.33,-9095.59,-871.283],"timestamp":1400908831},
{"hands":[{"direction":[-0.116979,0.70558,-0.697867],"id":2,"palmNormal":[-0.214929,-0.705352,-0.674341],"palmPosition":[37.5322,135.68,20.9567],"palmVelocity":[12.7292,-58.0864,-41.6399],"r":[[1,0,0],[0,1,0],[0,0,1]],"s":1,"sphereCenter":[36.3219,141.927,-3.40066],"sphereRadius":58.6362,"t":[-45.8809,30.9698,-54.658]}],"id":140462,"pointables":[{"direction":[-0.268231,-0.0152689,-0.963234],"handId":2,"id":6,"length":50.9303,"tipPosition":[33.8632,185.943,-54.9391],"tipVelocity":[42.1169,-56.4135,-79.1099],"tool":false}],"r":[[-0.253148,0.280484,0.925875],[0.406014,-0.837882,0.364837],[0.878105,0.468276,0.0982278]],"s":592.138,"t":[-2118.88,-9096.15,-871.932],"timestamp":1400918180},
{"hands":[{"direction":[-0.114011,0.703763,-0.700227],"id":2,"palmNormal":[-0.219825,-0.706396,-0.671666],"palmPosition":[37.6198,134.871,21.0281],"palmVelocity":[9.1308,-84.339,7.43509],"r":[[1,0,0],[0,1,0],[0,0,1]],"s":1,"sphereCenter":[36.2241,141.222,-4.30267],"sphereRadius":58.7193,"t":[-45.5126,30.5128,-55.4382]}],"id":140464,"pointables":[{"direction":[-0.267352,-0.00903978,-0.963556],"handId":2,"id":6,"length":51.0936,"tipPosition":[34.1506,185.594,-55.851],"tipVelocity":[29.9631,-36.3338,-95.0529],"tool":false}],"r":[[-0.253148,0.280484,0.925875],[0.406014,-0.837882,0.364837],[0.878105,0.468276,0.0982278]],"s":592.138,"t":[-2118.52,-9096.61,-872.712],"timestamp":1400927774},
{"hands":[{"direction":[-0.110628,0.702672,-0.701908],"id":2,"palmNormal":[-0.224061,-0.706696,-0.670005],"palmPosition":[37.7311,134.748,20.3759],"palmVelocity":[11.8567,-13.0848,-69.5077],"r":[[1,0,0],[0,1,0],[0,0,1]],"s":1,"sphereCenter":[36.1905,140.544,-5.10179],"sphereRadius":58.6782,"t":[-45.2005,29.992,-55.9833]}],"id":140466,"pointables":[{"direction":[-0.268545,-0.00619989,-0.963247],"handId":2,"id":6,"length":51.1891,"tipPosition":[34.4064,185.01,-56.1611],"tipVelocity":[27.2656,-62.3132,-33.0532],"tool":false}],"r":[[-0.253148,0.280484,0.925875],[0.406014,-0.837882,0.364837],[0.878105,0.468276,0.0982278]],"s":592.138,"t":[-2118.2,-9097.13,-873.257],"timestamp":1400937156},
{"hands":[{"direction":[-0.107879,0.700801,-0.704237],"id":2,"palmNormal":[-0.226865,-0.708005,-0.667753],"palmPosition":[37.7696,134.423,20.0342],"palmVelocity":[4.16603,-35.2229,-36.9856],"r":[[1,0,0],[0,1,0],[0,0,1]],"s":1,"sphereCenter":[36.0962,139.783,-5.80337],"sphereRadius":58.7461,"t":[-44.9032,29.5804,-56.3415]}],"id":140468,"pointables":[{"direction":[-0.269683,-0.00236737,-0.962946],"handId":2,"id":6,"length":51.3544,"tipPosition":[34.6889,184.707,-56.3323],"tipVelocity":[30.5633,-32.7166,-18.5202],"tool":false}],"r":[[-0.253148,0.280484,0.925875],[0.406014,-0.837882,0.364837],[0.878105,0.468276,0.0982278]],"s":592.138,"t":[-2117.91,-9097.54,-873.615],"timestamp":1400946397},
{"hands":[{"direction":[-0.103925,0.699725,-0.705913],"id":2,"palmNormal":[-0.230165,-0.708262,-0.666426],"palmPosition":[37.7488,134.049,19.7734],"palmVelocity":[-2.22837,-40.0373,-27.9344],"r":[[1,0,0],[0,1,0],[0,0,1]],"s":1,"sphereCenter":[36.0136,139.219,-6.21798],"sphereRadius":58.8323,"t":[-44.6848,29.2409,-56.6554]}],"id":140470,"pointables":[{"direction":[-0.270566,0.00207986,-0.962699],"handId":2,"id":6,"length":51.6365,"tipPosition":[34.8285,184.44,-56.6019],"tipVelocity":[14.9647,-28.663,-28.8889],"tool":false}],"r":[[-0.253148,0.280484,0.925875],[0.406014,-0.837882,0.364837],[0.878105,0.468276,0.0982278]],"s":592.138,"t":[-2117.69,-9097.88,-873.929],"timestamp":1400955730},
{"hands":[{"direction":[-0.0999213,0.698695,-0.707521],"id":2,"palmNormal":[-0.233119,-0.708485,-0.66524],"palmPosition":[37.7657,133.904,19.2964],"palmVelocity":[1.82614,-15.5663,-51.3612],"r":[[1,0,0],[0,1,0],[0,0,1]],"s":1,"sphereCenter":[35.9133,138.61,-6.72635],"sphereRadius":58.8733,"t":[-44.5283,28.9293,-56.8331]}],"id":140472,"pointables":[{"direction":[-0.273413,0.00426302,-0.961887],"handId":2,"id":6,"length":51.9733,"tipPosition":[34.9229,184.156,-56.6435],"tipVelocity":[10.1641,-30.524,-4.48537],"tool":false}],"r":[[-0.253148,0.280484,0.925875],[0.406014,-0.837882,0.364837],[0.878105,0.468276,0.0982278]],"s":592.138,"t":[-2117.53,-9098.19,-874.107],"timestamp":1400965018},
{"hands":[{"direction":[-0.0984518,0.697202,-0.709269],"id":2,"palmNormal":[-0.235018,-0.709615,-0.663442],"palmPosition":[37.7778,133.406,19.3162],"palmVelocity":[1.27031,-52.4052,2.07809],"r":[[1,0,0],[0,1,0],[0,0,1]],"s":1,"sphereCenter":[35.8085,138.033,-7.11206],"sphereRadius":59.0053,"t":[-44.415,28.6419,-56.8909]}],"id":140474,"pointables":[{"direction":[-0.274099,0.00547105,-0.961686],"handId":2,"id":6,"length":52.1676,"tipPosition":[34.9932,183.893,-56.5813],"tipVelocity":[7.38484,-27.6779,6.54168],"tool":false}],"r":[[-0.253148,0.280484,0.925875],[0.406014,-0.837882,0.364837],[0.878105,0.468276,0.0982278]],"s":592.138,"t":[-2117.42,-9098.48,-874.165],"timestamp":1400974530},
{"hands":[{"direction":[-0.097624,0.696014,-0.710629],"id":2,"palmNormal":[-0.236362,-0.710566,-0.66203],"palmPosition":[37.7686,132.82,19.4309],"palmVelocity":[-1.01057,-64.2609,12.5889],"r":[[1,0,0],[0,1,0],[0,0,1]],"s":1,"sphereCenter":[35.7375,137.352,-7.26809],"sphereRadius":59.1868,"t":[-44.3572,28.2612,-56.8463]}],"id":140476,"pointables":[{"direction":[-0.276063,0.00384843,-0.961132],"handId":2,"id":6,"length":52.3463,"tipPosition":[34.9954,183.419,-56.4344],"tipVelocity":[0.244466,-52.0394,16.1315],"tool":false}],"r":[[-0.253148,0.280484,0.925875],[0.406014,-0.837882,0.364837],[0.878105,0.468276,0.0982278]],"s":592.138,"t":[-2117.36,-9098.86,-874.12],"timestamp":1400983640},
{"hands":[{"direction":[-0.0952799,0.695261,-0.711738],"id":2,"palmNormal":[-0.237807,-0.710866,-0.661271],"palmPosition":[37.7408,132.496,19.248],"palmVelocity":[-2.92824,-34.163,-19.2311],"r":[[1,0,0],[0,1,0],[0,0,1]],"s":1,"sphereCenter":[35.6652,136.837,-7.49391],"sphereRadius":59.2762,"t":[-44.3315,27.908,-56.8588]}],"id":140478,"pointables":[{"direction":[-0.276373,0.00432065,-0.961041],"handId":2,"id":6,"length":52.4908,"tipPosition":[34.989,183.093,-56.5039],"tipVelocity":[-0.670315,-34.2532,-7.3161],"tool":false}],"r":[[-0.253148,0.280484,0.925875],[0.406014,-0.837882,0.364837],[0.878105,0.468276,0.0982278]],"s":592.138,"t":[-2117.33,-9099.21,-874.133],"timestamp":1400993149},
{"hands":[{"direction":[-0.0915852,0.695233,-0.712263],"id":2,"palmNormal":[-0.23866,-0.710328,-0.661621],"palmPosition":[37.6883,132.143,19.1478],"palmVelocity":[-3.74936,-25.1752,-7.16246],"r":[[1,0,0],[0,1,0],[0,0,1]],"s":1,"sphereCenter":[35.5733,136.208,-7.81246],"sphereRadius":59.3762,"t":[-44.3297,27.5632,-56.939]}],"id":140480,"pointables":[{"direction":[-0.275745,0.00591449,-0.961213],"handId":2,"id":6,"length":52.5495,"tipPosition":[34.967,182.757,-56.6519],"tipVelocity":[-1.57626,-24.0307,-10.5731],"tool":false}],"r":[[-0.253148,0.280484,0.925875],[0.406014,-0.837882,0.364837],[0.878105,0.468276,0.0982278]],"s":592.138,"t":[-2117.33,-9099.56,-874.213],"timestamp":1401007141},
{"hands":[{"direction":[-0.0901395,0.695517,-0.712241],"id":2,"palmNormal":[-0.24135,-0.709533,-0.661534],"palmPosition":[37.7002,131.886,18.8257],"palmVelocity":[1.27812,-27.7807,-34.7506],"r":[[1,0,0],[0,1,0],[0,0,1]],"s":1,"sphereCenter":[35.6033,136.02,-7.73854],"sphereRadius":59.279,"t":[-44.3276,27.1767,-57.0034]}],"id":140482,"pointables":[{"direction":[-0.280942,0.00512801,-0.959711],"handId":2,"id":6,"length":52.8166,"tipPosition":[34.9692,182.329,-56.7003],"tipVelocity":[0.242918,-46.2284,-5.22782],"tool":false}],"r":[[-0.253148,0.280484,0.925875],[0.406014,-0.837882,0.364837],[0.878105,0.468276,0.0982278]],"s":592.138,"t":[-2117.33,-9099.94,-874.277],"timestamp":1401016409},
{"hands":[{"direction":[-0.0868177,0.695605,-0.712584],"id":2,"palmNormal":[-0.241869,-0.708971,-0.662012],"palmPosition":[37.5769,131.277,18.8893],"palmVelocity":[-12.9828,-64.1224,6.7026],"r":[[1,0,0],[0,1,0],[0,0,1]],"s":1,"sphereCenter":[35.4862,135.622,-7.89806],"sphereRadius":59.3654,"t":[-44.3072,26.8432,-57.0747]}],"id":140484,"pointables":[{"direction":[-0.28146,0.00361057,-0.959566],"handId":2,"id":6,"length":53.015,"tipPosition":[35.008,182.048,-56.7788],"tipVelocity":[4.08831,-29.5356,-8.26437],"tool":false}],"r":[[-0.253148,0.280484,0.925875],[0.406014,-0.837882,0.364837],[0.878105,0.468276,0.0982278]],"s":592.138,"t":[-2117.31,-9100.28,-874.348],"timestamp":1401025902},
{"hands":[{"direction":[-0.0854177,0.695742,-0.712681],"id":2,"palmNormal":[-0.242947,-0.708546,-0.662126],"palmPosition":[37.5065,131.195,18.4336],"palmVelocity":[-7.68457,-8.91092,-49.7481],"r":[[1,0,0],[0,1,0],[0,0,1]],"s":1,"sphereCenter":[35.4049,135.277,-8.0454],"sphereRadius":59.3894,"t":[-44.261,26.644,-57.142]}],"id":140486,"pointables":[{"direction":[-0.282638,0.00457175,-0.959216],"handId":2,"id":6,"length":53.4066,"tipPosition":[35.0801,181.983,-56.8419],"tipVelocity":[7.87036,-7.09027,-6.89551],"tool":false}],"r":[[-0.253148,0.280484,0.925875],[0.406014,-0.837882,0.364837],[0.878105,0.468276,0.0982278]],"s":592.138,"t":[-2117.26,-9100.48,-874.416],"timestamp":1401035062},
{"hands":[{"direction":[-0.0844065,0.695738,-0.712863],"id":2,"palmNormal":[-0.242277,-0.708534,-0.662434],"palmPosition":[37.4453,131.016,18.0188],"palmVelocity":[-6.45884,-18.9601,-43.734],"r":[[1,0,0],[0,1,0],[0,0,1]],"s":1,"sphereCenter":[35.3357,134.877,-8.16305],"sphereRadius":59.4293,"t":[-44.2191,26.459,-57.223]}],"id":140488,"pointables":[{"direction":[-0.284267,0.00526833,-0.958731],"handId":2,"id":6,"length":53.6776,"tipPosition":[35.1176,181.813,-56.9366],"tipVelocity":[3.94649,-17.9929,-9.97804],"tool":false}],"r":[[-0.253148,0.280484,0.925875],[0.406014,-0.837882,0.364837],[0.878105,0.468276,0.0982278]],"s":592.138,"t":[-2117.22,-9100.66,-874.497],"timestamp":1401044547},
{"hands":[{"direction":[-0.0737088,0.696434,-0.712849],"id":2,"palmNormal":[-0.25039,-0.704556,-0.6633],"palmPosition":[37.4843,130.607,17.8387],"palmVelocity":[4.19634,-43.9707,-19.354],"r":[[1,0,0],[0,1,0],[0,0,1]],"s":1,"sphereCenter":[35.3987,134.41,-8.47742],"sphereRadius":59.285,"t":[-44.1288,26.3832,-57.3984]}],"id":140490,"pointables":[{"direction":[-0.288618,0.00719161,-0.957417],"handId":2,"id":6,"length":54.3638,"tipPosition":[35.2563,181.846,-57.2065],"tipVelocity":[14.9159,3.57293,-29.0151],"tool":false}],"r":[[-0.253148,0.280484,0.925875],[0.406014,-0.837882,0.364837],[0.878105,0.468276,0.0982278]],"s":592.138,"t":[-2117.13,-9100.74,-874.672],"timestamp":1401053851},
{"hands":[{"direction":[-0.0685811,0.699107,-0.710669],"id":2,"palmNormal":[-0.258179,-0.699766,-0.665047],"palmPosition":[37.4925,130.267,17.5454],"palmVelocity":[0.887021,-36.6182,-31.6021],"r":[[1,0,0],[0,1,0],[0,0,1]],"s":1,"sphereCenter":[35.5088,134.15,-8.91414],"sphereRadius":59.0888,"t":[-43.8875,26.5405,-57.7683]}],"id":140492,"pointables":[{"direction":[-0.290071,0.012917,-0.956918],"handId":2,"id":6,"length":55.0254,"tipPosition":[35.6487,182.236,-57.7708],"tipVelocity":[42.2706,42.0722,-60.8],"tool":false}],"r":[[-0.253148,0.280484,0.925875],[0.406014,-0.837882,0.364837],[0.878105,0.468276,0.0982278]],"s":592.138,"t":[-2116.89,-9100.58,-875.042],"timestamp":1401063132},
{"hands":[{"direction":[-0.0644274,0.700932,-0.709275],"id":2,"palmNormal":[-0.265606,-0.696094,-0.665773],"palmPosition":[37.4258,129.806,17.3077],"palmVelocity":[-7.24616,-49.9778,-25.816],"r":[[1,0,0],[0,1,0],[0,0,1]],"s":1,"sphereCenter":[35.6516,134.187,-9.23319],"sphereRadius":58.8319,"t":[-43.3241,27.0041,-58.286]}],"id":140494,"pointables":[{"direction":[-0.287897,0.0222471,-0.957403],"handId":2,"id":6,"length":55.7575,"tipPosition":[36.5341,183.006,-58.4364],"tipVelocity":[96.1444,83.6092,-72.2716],"tool":false}],"r":[[-0.253148,0.280484,0.925875],[0.406014,-0.837882,0.364837],[0.878105,0.468276,0.0982278]],"s":592.138,"t":[-2116.33,-9100.12,-875.56],"timestamp":1401072341},
{"hands":[{"direction":[-0.0607081,0.704427,-0.706076],"id":2,"palmNormal":[-0.273915,-0.690509,-0.667863],"palmPosition":[37.2594,128.974,17.4874],"palmVelocity":[-17.6583,-88.3988,19.0684],"r":[[1,0,0],[0,1,0],[0,0,1]],"s":1,"sphereCenter":[35.8485,134.56,-9.65308],"sphereRadius":58.6941,"t":[-42.1693,28.0595,-59.0712]}],"id":140496,"pointables":[{"direction":[-0.27795,0.0399208,-0.959766],"handId":2,"id":6,"length":56.8568,"tipPosition":[38.2804,184.653,-59.489],"tipVelocity":[185.344,174.809,-111.722],"tool":false}],"r":[[-0.253148,0.280484,0.925875],[0.406014,-0.837882,0.364837],[0.878105,0.468276,0.0982278]],"s":592.138,"t":[-2115.17,-9099.06,-876.345],"timestamp":1401081763},
{"hands":[{"direction":[-0.0588054,0.702105,-0.708602],"id":2,"palmNormal":[-0.281711,-0.691243,-0.663665],"palmPosition":[37.193,127.884,18.2568],"palmVelocity":[-7.15336,-117.33,82.8982],"r":[[1,0,0],[0,1,0],[0,0,1]],"s":1,"sphereCenter":[35.8789,133.876,-9.27679],"sphereRadius":59.5537,"t":[-40.0565,29.7463,-59.9789]}],"id":140498,"pointables":[{"direction":[-0.260503,0.0678973,-0.963083],"handId":2,"id":6,"length":58.1493,"tipPosition":[41.3512,186.972,-60.5193],"tipVelocity":[330.841,249.761,-110.994],"tool":false}],"r":[[-0.253148,0.280484,0.925875],[0.406014,-0.837882,0.364837],[0.878105,0.468276,0.0982278]],"s":592.138,"t":[-2113.06,-9097.37,-877.253],"timestamp":1401091045},
{"hands":[{"direction":[-0.0506223,0.704226,-0.706876],"id":2,"palmNormal":[-0.287437,-0.686473,-0.666082],"palmPosition":[36.9396,127.207,18.4632],"palmVelocity":[-26.482,-70.8261,21.5707],"r":[[1,0,0],[0,1,0],[0,0,1]],"s":1,"sphereCenter":[35.214,132.517,-10.5477],"sphereRadius":60.6134,"t":[-36.6377,31.8202,-60.5931]}],"id":140500,"pointables":[{"direction":[-0.230933,0.10972,-0.966763],"handId":2,"id":6,"length":59.1847,"tipPosition":[46.0759,189.433,-60.8398],"tipVelocity":[493.799,257.226,-33.5041],"tool":false}],"r":[[-0.253148,0.280484,0.925875],[0.406014,-0.837882,0.364837],[0.878105,0.468276,0.0982278]],"s":592.138,"t":[-2109.64,-9095.3,-877.867],"timestamp":1401100613},
{"hands":[{"direction":[-0.0419142,0.705652,-0.705779],"id":2,"palmNormal":[-0.290451,-0.682878,-0.668566],"palmPosition":[36.7245,126.541,18.5569],"palmVelocity":[-15.4705,-47.8345,6.73563],"r":[[1,0,0],[0,1,0],[0,0,1]],"s":1,"sphereCenter":[33.9241,130.672,-13.3113],"sphereRadius":62.333,"t":[-31.9512,33.8725,-60.6895]}],"id":140502,"pointables":[{"direction":[-0.179493,0.170192,-0.968926],"handId":2,"id":6,"length":59.9286,"tipPosition":[52.0302,191.463,-60.4185],"tipVelocity":[428.091,145.984,30.2893],"tool":false}],"r":[[-0.253148,0.280484,0.925875],[0.406014,-0.837882,0.364837],[0.878105,0.468276,0.0982278]],"s":592.138,"t":[-2104.95,-9093.25,-877.963],"timestamp":1401114522},
{"hands":[{"direction":[-0.041443,0.705153,-0.706487],"id":2,"palmNormal":[-0.291208,-0.683539,-0.667777],"palmPosition":[35.8477,124.371,19.6643],"palmVelocity":[-92.44,-228.856,116.749],"r":[[0.999947,0.00852562,-0.00585225],[-0.00851858,0.999963,0.00122692],[0.00586249,-0.001177,0.999982]],"s":1.03007,"sphereCenter":[31.7557,127.822,-16.9263],"sphereRadius":65.1369,"t":[-29.6061,34.49,-59.2142]}],"id":140504,"pointables":[{"direction":[-0.0959178,0.249487,-0.963616],"handId":2,"id":6,"length":60.3089,"tipPosition":[59.0452,191.158,-58.6331],"tipVelocity":[739.59,-32.2172,188.236],"tool":false},{"direction":[-0.424746,0.0213395,-0.905061],"handId":2,"id":3,"length":47.3498,"tipPosition":[-44.0244,131.664,-4.19526],"tipVelocity":[-738.839,-140.109,454.231],"tool":false}],"r":[[-0.254902,0.270595,0.928334],[0.409104,-0.839712,0.357095],[0.876161,0.47081,0.103343]],"s":592.168,"t":[-2102.61,-9092.63,-876.488],"timestamp":1401124007},
{"hands":[{"direction":[-0.0382576,0.703535,-0.708359],"id":2,"palmNormal":[-0.293468,-0.684359,-0.666099],"palmPosition":[35.3533,122.666,20.1654],"palmVelocity":[-54.623,-188.357,55.3699],"r":[[0.999651,0.0225442,-0.0137571],[-0.0224877,0.999738,0.0042457],[0.0138492,-0.00393485,0.999896]],"s":1.06949,"sphereCenter":[29.4458,124.384,-21.4077],"sphereRadius":68.4983,"t":[-28.2323,34.0926,-56.9519]}],"id":140506,"pointables":[{"direction":[0.00179148,0.331531,-0.943443],"handId":2,"id":6,"length":60.7664,"tipPosition":[64.4207,189.241,-56.6685],"tipVelocity":[593.974,-211.817,217.085],"tool":false},{"direction":[-0.448657,-0.0280498,-0.893264],"handId":2,"id":3,"length":45.3353,"tipPosition":[-48.5946,130.757,-0.0610877],"tipVelocity":[-504.996,-100.26,456.815],"tool":false}],"r":[[-0.256204,0.25506,0.932365],[0.415079,-0.842072,0.344418],[0.872965,0.475247,0.109873]],"s":592.208,"t":[-2101.24,-9093.03,-874.226],"timestamp":1401133057},
{"hands":[{"direction":[-0.0313711,0.701162,-0.710896],"id":2,"palmNormal":[-0.294827,-0.685203,-0.664784],"palmPosition":[34.8906,121.114,20.3531],"palmVelocity":[-48.8241,-163.784,19.806],"r":[[0.999024,0.0390137,-0.0207338],[-0.0388326,0.999205,0.00906821],[0.0210711,-0.00825421,0.999744]],"s":1.10913,"sphereCenter":[27.1239,120.694,-27.0831],"sphereRadius":72.8775,"t":[-27.3443,33.1531,-54.4898]}],"id":140508,"pointables":[{"direction":[0.100223,0.395425,-0.913014],"handId":2,"id":6,"length":61.1418,"tipPosition":[68.1066,187.019,-55.306],"tipVelocity":[388.892,-234.367,143.754],"tool":false},{"direction":[-0.450731,-0.088996,-0.888213],"handId":2,"id":3,"length":43.1831,"tipPosition":[-51.4762,130.015,3.90011],"tipVelocity":[-304.033,-78.3049,417.936],"tool":false}],"r":[[-0.255602,0.237798,0.93708],[0.423151,-0.843985,0.329594],[0.869259,0.480771,0.1151]],"s":592.247,"t":[-2100.35,-9093.97,-871.764],"timestamp":1401142535},
{"hands":[{"direction":[-0.0364571,0.681282,-0.726571],"id":2,"palmNormal":[-0.295963,-0.701573,-0.64318],"palmPosition":[34.7488,117.618,23.5009],"palmVelocity":[-15.3039,-377.415,339.862],"r":[[0.998291,0.052206,-0.0262493],[-0.0518782,0.998569,0.0130162],[0.0268912,-0.0116322,0.999571]],"s":1.13704,"sphereCenter":[28.7791,124.635,-18.2925],"sphereRadius":74.4479,"t":[-27.7233,32.4518,-51.4999]}],"id":140510,"pointables":[{"direction":[-0.469771,-0.0322378,-0.8822],"handId":2,"id":3,"length":40.411,"tipPosition":[-53.1223,129.551,7.41795],"tipVelocity":[-177.726,-49.9958,379.815],"tool":false}],"r":[[-0.255017,0.223937,0.940648],[0.429589,-0.845293,0.317701],[0.866268,0.485111,0.119363]],"s":592.275,"t":[-2100.73,-9094.67,-868.774],"timestamp":1401151797},
{"hands":[{"direction":[-0.0436284,0.668159,-0.73715],"id":2,"palmNormal":[-0.297846,-0.713188,-0.627984],"palmPosition":[34.2759,114.15,26.2697],"palmVelocity":[-49.215,-360.956,288.147],"r":[[0.996989,0.0697812,-0.0338225],[-0.0691848,0.997432,0.0184956],[0.0350263,-0.0160999,0.999257]],"s":1.1505,"sphereCenter":[28.0019,124.078,-16.1986],"sphereRadius":74.4684,"t":[-28.4376,30.3809,-48.107]}],"id":140512,"pointables":[{"direction":[0.169202,0.460138,-0.871575],"handId":2,"id":6,"length":60.5485,"tipPosition":[67.1805,180.616,-50.1286],"tipVelocity":[-49.0774,-339.309,274.36],"tool":false},{"direction":[-0.404098,-0.189536,-0.894864],"handId":2,"id":3,"length":38.3868,"tipPosition":[-54.2951,129.073,9.83226],"tipVelocity":[-122.048,-49.7487,251.254],"tool":false}],"r":[[-0.254332,0.205278,0.94508],[0.438248,-0.846659,0.301838],[0.862122,0.490947,0.12537]],"s":592.289,"t":[-2101.44,-9096.74,-865.381],"timestamp":1401161406},
{"hands":[{"direction":[-0.0430116,0.662321,-0.742781],"id":2,"palmNormal":[-0.298001,-0.718475,-0.622345],"palmPosition":[33.7247,112.204,27.1363],"palmVelocity":[-59.6578,-210.619,93.796],"r":[[0.995768,0.0838984,-0.0374998],[-0.0830356,0.996257,0.0240047],[0.0393734,-0.0207893,0.999008]],"s":1.16544,"sphereCenter":[26.4486,122.914,-18.3025],"sphereRadius":75.5878,"t":[-28.441,29.1138,-45.9132]}],"id":140514,"pointables":[{"direction":[0.229066,0.506592,-0.8312],"handId":2,"id":6,"length":60.5938,"tipPosition":[68.6885,180.453,-50.5622],"tipVelocity":[163.229,-17.637,-46.9376],"tool":false},{"direction":[-0.411501,-0.097559,-0.906173],"handId":2,"id":3,"length":36.3124,"tipPosition":[-54.3883,128.31,12.255],"tipVelocity":[-10.0972,-82.6236,262.236],"tool":false}],"r":[[-0.251637,0.191375,0.948712],[0.446021,-0.847023,0.289166],[0.85892,0.495911,0.127785]],"s":592.304,"t":[-2101.44,-9098.01,-863.187],"timestamp":1401170645},
{"hands":[{"direction":[-0.0389833,0.654487,-0.749908],"id":2,"palmNormal":[-0.295913,-0.725023,-0.615979],"palmPosition":[33.1739,111.009,27.5428],"palmVelocity":[-58.6777,-127.337,43.3106],"r":[[0.994502,0.0964199,-0.0408651],[-0.0952836,0.995031,0.0289018],[0.0434487,-0.0248491,0.998747]],"s":1.17871,"sphereCenter":[25.3447,122.697,-18.8057],"sphereRadius":75.9993,"t":[-28.6411,28.2655,-44.6491]}],"id":140516,"pointables":[{"direction":[0.269464,0.546477,-0.792939],"handId":2,"id":6,"length":60.675,"tipPosition":[69.1239,179.825,-50.4183],"tipVelocity":[46.378,-66.9414,15.3273],"tool":false},{"direction":[-0.391788,-0.0133634,-0.919959],"handId":2,"id":3,"length":33.9981,"tipPosition":[-55.6172,128.079,12.7802],"tipVelocity":[-130.906,-24.5927,55.9394],"tool":false}],"r":[[-0.249287,0.178942,0.951754],[0.452853,-0.847172,0.277892],[0.856026,0.50028,0.130155]],"s":592.317,"t":[-2101.64,-9098.86,-861.923],"timestamp":1401180032},
{"hands":[{"direction":[-0.0440364,0.640137,-0.760841],"id":2,"palmNormal":[-0.294451,-0.73687,-0.601069],"palmPosition":[32.7806,108.715,29.9053],"palmVelocity":[-41.9886,-244.897,252.214],"r":[[0.993367,0.106437,-0.0435071],[-0.105058,0.993923,0.0328515],[0.0467394,-0.0280628,0.998513]],"s":1.18801,"sphereCenter":[26.7209,125.804,-11.4341],"sphereRadius":76.8653,"t":[-28.9843,27.7499,-43.6244]}],"id":140518,"pointables":[{"direction":[-0.298084,-0.181967,-0.937035],"handId":2,"id":3,"length":32.303,"tipPosition":[-56.1036,127.896,13.5654],"tipVelocity":[-51.9258,-19.524,83.8274],"tool":false}],"r":[[-0.247344,0.168979,0.954079],[0.45829,-0.847164,0.268855],[0.853693,0.503744,0.1321]],"s":592.326,"t":[-2101.99,-9099.37,-860.898],"timestamp":1401189399},
