[
{"hands":[{"direction":[-0.163185,0.727935,-0.665836],"id":1,"palmNormal":[-0.108337,-0.683969,-0.721183],"palmPosition":[44.4299,111.023,27.3897],"palmVelocity":[11.0015,4.4705,-28.9433],"r":[[1,0,0],[0,1,0],[0,0,1]],"s":1,"sphereCenter":[46.1785,137.212,12.5185],"sphereRadius":61.5195,"t":[3.30913,47.7455,-85.9486]}],"id":127870,"pointables":[{"direction":[-0.190438,0.130116,-0.973038],"handId":1,"id":9,"length":50.5815,"tipPosition":[45.2406,180.896,-43.2778],"tipVelocity":[7.45305,-47.3956,-4.50329],"tool":false}],"r":[[0.214514,0.555249,-0.803544],[-0.807634,0.563499,0.173772],[0.549283,0.611693,0.569316]],"s":520.814,"t":[-1758.9,-9381.17,-1156.25],"timestamp":1337479482},
{"hands":[{"direction":[-0.163568,0.727152,-0.666603],"id":1,"palmNormal":[-0.109111,-0.684877,-0.720222],"palmPosition":[44.436,110.782,27.246],"palmVelocity":[0.654711,-26.1829,-15.5755],"r":[[1,0,0],[0,1,0],[0,0,1]],"s":1,"sphereCenter":[46.2949,137.129,12.4694],"sphereRadius":61.5296,"t":[3.33199,47.4119,-86.2934]}],"id":127872,"pointables":[{"direction":[-0.191628,0.129803,-0.972846],"handId":1,"id":9,"length":50.9279,"tipPosition":[45.1933,180.535,-43.8308],"tipVelocity":[-5.12268,-39.1768,-59.9371],"tool":false}],"r":[[0.214514,0.555249,-0.803544],[-0.807634,0.563499,0.173772],[0.549283,0.611693,0.569316]],"s":520.814,"t":[-1758.88,-9381.5,-1156.6],"timestamp":1337488709},
{"hands":[{"direction":[-0.163867,0.726742,-0.666987],"id":1,"palmNormal":[-0.111075,-0.685416,-0.719414],"palmPosition":[44.4993,110.734,26.9441],"palmVelocity":[6.68793,-4.97914,-31.8694],"r":[[1,0,0],[0,1,0],[0,0,1]],"s":1,"sphereCenter":[46.4328,137.047,12.3501],"sphereRadius":61.5353,"t":[3.37426,47.0822,-86.5818]}],"id":127874,"pointables":[{"direction":[-0.192167,0.131305,-0.972538],"handId":1,"id":9,"length":51.2775,"tipPosition":[45.255,180.209,-44.0628],"tipVelocity":[6.51189,-34.3862,-24.4827],"tool":false}],"r":[[0.214514,0.555249,-0.803544],[-0.807634,0.563499,0.173772],[0.549283,0.611693,0.569316]],"s":520.814,"t":[-1758.83,-9381.83,-1156.88],"timestamp":1337498183},
{"hands":[{"direction":[-0.165594,0.725577,-0.667812],"id":1,"palmNormal":[-0.110411,-0.686588,-0.71841],"palmPosition":[44.5805,110.641,26.6734],"palmVelocity":[8.7558,-10.0665,-29.1886],"r":[[1,0,0],[0,1,0],[0,0,1]],"s":1,"sphereCenter":[46.541,136.839,12.1058],"sphereRadius":61.4841,"t":[3.4479,46.7216,-86.7504]}],"id":127876,"pointables":[{"direction":[-0.194125,0.129997,-0.972325],"handId":1,"id":9,"length":51.7709,"tipPosition":[45.36,179.818,-44.1117],"tipVelocity":[11.322,-42.1971,-5.27734],"tool":false}],"r":[[0.214514,0.555249,-0.803544],[-0.807634,0.563499,0.173772],[0.549283,0.611693,0.569316]],"s":520.814,"t":[-1758.76,-9382.19,-1157.05],"timestamp":1337507457},
{"hands":[{"direction":[-0.167826,0.72499,-0.667876],"id":1,"palmNormal":[-0.114053,-0.687296,-0.717114],"palmPosition":[44.6331,110.321,26.6887],"palmVelocity":[5.59585,-34.0618,1.62673],"r":[[1,0,0],[0,1,0],[0,0,1]],"s":1,"sphereCenter":[46.7427,136.238,11.7376],"sphereRadius":61.4314,"t":[3.51653,46.3858,-87.1119]}],"id":127878,"pointables":[{"direction":[-0.196367,0.128664,-0.972052],"handId":1,"id":9,"length":52.2435,"tipPosition":[45.4236,179.506,-44.666],"tipVelocity":[6.77684,-33.1459,-59.0284],"tool":false}],"r":[[0.214514,0.555249,-0.803544],[-0.807634,0.563499,0.173772],[0.549283,0.611693,0.569316]],"s":520.814,"t":[-1758.69,-9382.53,-1157.41],"timestamp":1337516846},
{"hands":[{"direction":[-0.167362,0.724435,-0.668603],"id":1,"palmNormal":[-0.115073,-0.687975,-0.71632],"palmPosition":[44.6276,110.303,26.3541],"palmVelocity":[-0.58073,-1.90921,-35.5564],"r":[[1,0,0],[0,1,0],[0,0,1]],"s":1,"sphereCenter":[46.8714,135.743,11.3679],"sphereRadius":61.3425,"t":[3.60916,46.1016,-87.3698]}],"id":127880,"pointables":[{"direction":[-0.198745,0.128311,-0.971615],"handId":1,"id":9,"length":52.7238,"tipPosition":[45.5403,179.274,-44.8204],"tipVelocity":[12.3949,-24.7104,-16.4199],"tool":false}],"r":[[0.214514,0.555249,-0.803544],[-0.807634,0.563499,0.173772],[0.549283,0.611693,0.569316]],"s":520.814,"t":[-1758.6,-9382.81,-1157.67],"timestamp":1337526255},
{"hands":[{"direction":[-0.166671,0.724965,-0.66821],"id":1,"palmNormal":[-0.119747,-0.687548,-0.715885],"palmPosition":[44.6823,110.109,26.2387],"palmVelocity":[3.91028,-13.8597,-8.25211],"r":[[1,0,0],[0,1,0],[0,0,1]],"s":1,"sphereCenter":[47.0213,135.147,10.971],"sphereRadius":61.289,"t":[3.69941,45.7712,-87.4914]}],"id":127882,"pointables":[{"direction":[-0.201587,0.126234,-0.971302],"handId":1,"id":9,"length":53.2848,"tipPosition":[45.6281,178.897,-44.8057],"tipVelocity":[6.27965,-26.9189,1.05423],"tool":false}],"r":[[0.214514,0.555249,-0.803544],[-0.807634,0.563499,0.173772],[0.549283,0.611693,0.569316]],"s":520.814,"t":[-1758.51,-9383.14,-1157.79],"timestamp":1337540247},
{"hands":[{"direction":[-0.166071,0.72383,-0.669582],"id":1,"palmNormal":[-0.121236,-0.688871,-0.714369],"palmPosition":[44.6355,109.929,25.9955],"palmVelocity":[-5.07382,-19.5038,-26.3617],"r":[[1,0,0],[0,1,0],[0,0,1]],"s":1,"sphereCenter":[47.1275,134.801,10.885],"sphereRadius":61.3265,"t":[3.75942,45.4114,-87.7267]}],"id":127884,"pointables":[{"direction":[-0.203143,0.123794,-0.971292],"handId":1,"id":9,"length":53.7671,"tipPosition":[45.6579,178.508,-45.1547],"tipVelocity":[3.22906,-42.1794,-37.8324],"tool":false}],"r":[[0.214514,0.555249,-0.803544],[-0.807634,0.563499,0.173772],[0.549283,0.611693,0.569316]],"s":520.814,"t":[-1758.45,-9383.5,-1158.03],"timestamp":1337549471},
{"hands":[{"direction":[-0.164325,0.722795,-0.671107],"id":1,"palmNormal":[-0.124101,-0.690112,-0.712652],"palmPosition":[44.6579,109.59,26.025],"palmVelocity":[2.38266,-36.1704,3.14612],"r":[[1,0,0],[0,1,0],[0,0,1]],"s":1,"sphereCenter":[47.2215,134.073,10.4011],"sphereRadius":61.2947,"t":[3.81388,45.0444,-87.8875]}],"id":127886,"pointables":[{"direction":[-0.205294,0.122156,-0.971047],"handId":1,"id":9,"length":54.2921,"tipPosition":[45.7068,178.134,-45.2409],"tipVelocity":[5.21132,-39.8937,-9.1942],"tool":false}],"r":[[0.214514,0.555249,-0.803544],[-0.807634,0.563499,0.173772],[0.549283,0.611693,0.569316]],"s":520.814,"t":[-1758.39,-9383.87,-1158.19],"timestamp":1337558855},
{"hands":[{"direction":[-0.16438,0.723157,-0.670719],"id":1,"palmNormal":[-0.127844,-0.68982,-0.712244],"palmPosition":[44.7363,109.254,26.0194],"palmVelocity":[8.47388,-36.3484,-0.60578],"r":[[1,0,0],[0,1,0],[0,0,1]],"s":1,"sphereCenter":[47.3529,133.325,9.94827],"sphereRadius":61.2064,"t":[3.86203,44.6309,-87.9523]}],"id":127888,"pointables":[{"direction":[-0.209562,0.120364,-0.970359],"handId":1,"id":9,"length":54.8233,"tipPosition":[45.7487,177.674,-45.2097],"tipVelocity":[4.51898,-49.6792,3.37747],"tool":false}],"r":[[0.214514,0.555249,-0.803544],[-0.807634,0.563499,0.173772],[0.549283,0.611693,0.569316]],"s":520.814,"t":[-1758.35,-9384.28,-1158.25],"timestamp":1337568112},
{"hands":[{"direction":[-0.165118,0.722977,-0.670743],"id":1,"palmNormal":[-0.129672,-0.690066,-0.711702],"palmPosition":[44.7325,109.115,25.7381],"palmVelocity":[-0.400969,-14.623,-29.7838],"r":[[1,0,0],[0,1,0],[0,0,1]],"s":1,"sphereCenter":[47.3938,132.729,9.58448],"sphereRadius":61.1016,"t":[3.88976,44.2079,-88.104]}],"id":127890,"pointables":[{"direction":[-0.213179,0.118136,-0.969845],"handId":1,"id":9,"length":55.3653,"tipPosition":[45.756,177.241,-45.4484],"tipVelocity":[0.774646,-45.7932,-25.2782],"tool":false}],"r":[[0.214514,0.555249,-0.803544],[-0.807634,0.563499,0.173772],[0.549283,0.611693,0.569316]],"s":520.814,"t":[-1758.32,-9384.71,-1158.41],"timestamp":1337577557},
{"hands":[{"direction":[-0.164593,0.722469,-0.671426],"id":1,"palmNormal":[-0.130972,-0.690679,-0.710896],"palmPosition":[44.7652,108.644,25.7878],"palmVelocity":[3.51242,-50.7121,5.33727],"r":[[1,0,0],[0,1,0],[0,0,1]],"s":1,"sphereCenter":[47.4576,132.345,9.37565],"sphereRadius":61.0895,"t":[3.93407,43.8132,-88.2797]}],"id":127892,"pointables":[{"direction":[-0.215993,0.114915,-0.969609],"handId":1,"id":9,"length":55.8954,"tipPosition":[45.8169,176.875,-45.6481],"tipVelocity":[6.5452,-39.3955,-21.4653],"tool":false}],"r":[[0.214514,0.555249,-0.803544],[-0.807634,0.563499,0.173772],[0.549283,0.611693,0.569316]],"s":520.814,"t":[-1758.27,-9385.1,-1158.58],"timestamp":1337586860},
{"hands":[{"direction":[-0.163788,0.722296,-0.671816],"id":1,"palmNormal":[-0.13361,-0.690948,-0.710144],"palmPosition":[44.7793,108.219,25.7907],"palmVelocity":[1.51119,-45.4614,0.318209],"r":[[1,0,0],[0,1,0],[0,0,1]],"s":1,"sphereCenter":[47.5442,131.998,9.17798],"sphereRadius":61.1391,"t":[4.00925,43.4385,-88.3698]}],"id":127894,"pointables":[{"direction":[-0.218483,0.110847,-0.969525],"handId":1,"id":9,"length":56.4018,"tipPosition":[45.9229,176.52,-45.6526],"tipVelocity":[11.3489,-37.9569,-0.481149],"tool":false}],"r":[[0.214514,0.555249,-0.803544],[-0.807634,0.563499,0.173772],[0.549283,0.611693,0.569316]],"s":520.814,"t":[-1758.2,-9385.48,-1158.67],"timestamp":1337596204},
{"hands":[{"direction":[-0.16193,0.722551,-0.671984],"id":1,"palmNormal":[-0.135115,-0.690747,-0.710081],"palmPosition":[44.8272,108.012,25.5806],"palmVelocity":[5.08696,-22.0149,-22.3567],"r":[[1,0,0],[0,1,0],[0,0,1]],"s":1,"sphereCenter":[47.5642,131.543,8.63082],"sphereRadius":61.0401,"t":[4.10886,43.0647,-88.4457]}],"id":127896,"pointables":[{"direction":[-0.220112,0.109275,-0.969335],"handId":1,"id":9,"length":56.8691,"tipPosition":[46.047,176.147,-45.7142],"tipVelocity":[13.1968,-39.6656,-6.54956],"tool":false}],"r":[[0.214514,0.555249,-0.803544],[-0.807634,0.563499,0.173772],[0.549283,0.611693,0.569316]],"s":520.814,"t":[-1758.1,-9385.85,-1158.75],"timestamp":1337605604},
{"hands":[{"direction":[-0.161498,0.722604,-0.672043],"id":1,"palmNormal":[-0.137337,-0.690754,-0.709657],"palmPosition":[44.855,107.932,25.265],"palmVelocity":[2.97292,-8.52671,-33.6477],"r":[[1,0,0],[0,1,0],[0,0,1]],"s":1,"sphereCenter":[47.6047,131.074,8.28207],"sphereRadius":61.0109,"t":[4.23594,42.6744,-88.4506]}],"id":127898,"pointables":[{"direction":[-0.222349,0.108903,-0.968866],"handId":1,"id":9,"length":57.2071,"tipPosition":[46.2015,175.741,-45.6482],"tipVelocity":[16.4796,-43.3675,7.03575],"tool":false}],"r":[[0.214514,0.555249,-0.803544],[-0.807634,0.563499,0.173772],[0.549283,0.611693,0.569316]],"s":520.814,"t":[-1757.97,-9386.24,-1158.75],"timestamp":1337614982},
{"hands":[{"direction":[-0.159609,0.723166,-0.671879],"id":1,"palmNormal":[-0.14137,-0.690198,-0.709356],"palmPosition":[44.8471,107.653,25.1052],"palmVelocity":[-0.856496,-29.9255,-17.1758],"r":[[1,0,0],[0,1,0],[0,0,1]],"s":1,"sphereCenter":[47.6326,130.618,7.95909],"sphereRadius":60.9811,"t":[4.35049,42.3039,-88.6773]}],"id":127900,"pointables":[{"direction":[-0.224236,0.1086,-0.968465],"handId":1,"id":9,"length":57.617,"tipPosition":[46.3035,175.39,-46.0967],"tipVelocity":[10.9609,-37.6928,-48.1854],"tool":false}],"r":[[0.214514,0.555249,-0.803544],[-0.807634,0.563499,0.173772],[0.549283,0.611693,0.569316]],"s":520.814,"t":[-1757.86,-9386.61,-1158.98],"timestamp":1337624290},
{"hands":[{"direction":[-0.158904,0.723392,-0.671812],"id":1,"palmNormal":[-0.142371,-0.690006,-0.709377],"palmPosition":[44.867,107.606,24.7305],"palmVelocity":[1.43781,-3.38062,-26.981],"r":[[1,0,0],[0,1,0],[0,0,1]],"s":1,"sphereCenter":[47.594,129.96,7.16261],"sphereRadius":60.8044,"t":[4.44457,41.952,-89.1475]}],"id":127902,"pointables":[{"direction":[-0.225244,0.110351,-0.968033],"handId":1,"id":9,"length":57.8878,"tipPosition":[46.3771,175.057,-46.8104],"tipVelocity":[5.30052,-24.0031,-51.3965],"tool":false}],"r":[[0.214514,0.555249,-0.803544],[-0.807634,0.563499,0.173772],[0.549283,0.611693,0.569316]],"s":520.814,"t":[-1757.76,-9386.96,-1159.45],"timestamp":1337638176},
{"hands":[{"direction":[-0.154644,0.727231,-0.668421],"id":1,"palmNormal":[-0.149755,-0.685568,-0.71179],"palmPosition":[44.9926,107.431,24.6533],"palmVelocity":[13.2484,-18.5209,-8.14669],"r":[[1,0,0],[0,1,0],[0,0,1]],"s":1,"sphereCenter":[47.6417,129.204,6.38283],"sphereRadius":60.6603,"t":[4.59608,41.5538,-89.4049]}],"id":127904,"pointables":[{"direction":[-0.226164,0.109658,-0.967897],"handId":1,"id":9,"length":58.2048,"tipPosition":[46.5861,174.612,-46.8549],"tipVelocity":[22.037,-46.8736,-4.68861],"tool":false}],"r":[[0.214514,0.555249,-0.803544],[-0.807634,0.563499,0.173772],[0.549283,0.611693,0.569316]],"s":520.814,"t":[-1757.61,-9387.36,-1159.71],"timestamp":1337647658},
{"hands":[{"direction":[-0.153942,0.726604,-0.669294],"id":1,"palmNormal":[-0.150885,-0.686347,-0.710867],"palmPosition":[44.9645,107.326,24.2133],"palmVelocity":[-3.08772,-11.5259,-48.2422],"r":[[1,0,0],[0,1,0],[0,0,1]],"s":1,"sphereCenter":[47.5672,128.842,5.83986],"sphereRadius":60.5087,"t":[4.77506,41.2347,-89.8036]}],"id":127906,"pointables":[{"direction":[-0.225812,0.111563,-0.967762],"handId":1,"id":9,"length":58.5432,"tipPosition":[46.7925,174.372,-47.3951],"tipVelocity":[22.6361,-26.305,-59.2318],"tool":false}],"r":[[0.214514,0.555249,-0.803544],[-0.807634,0.563499,0.173772],[0.549283,0.611693,0.569316]],"s":520.814,"t":[-1757.43,-9387.68,-1160.11],"timestamp":1337656778},
{"hands":[{"direction":[-0.137571,0.735321,-0.661071],"id":1,"palmNormal":[-0.166444,-0.673365,-0.717578],"palmPosition":[45.1727,107.559,23.9552],"palmVelocity":[21.7827,24.357,-27.0059],"r":[[1,0,0],[0,1,0],[0,0,1]],"s":1,"sphereCenter":[47.7073,127.839,4.82847],"sphereRadius":60.3141,"t":[5.05986,41.0795,-90.1179]}],"id":127908,"pointables":[{"direction":[-0.226331,0.116127,-0.967103],"handId":1,"id":9,"length":59.0171,"tipPosition":[47.1831,174.381,-47.6248],"tipVelocity":[40.8718,0.888804,-24.0354],"tool":false}],"r":[[0.214514,0.555249,-0.803544],[-0.807634,0.563499,0.173772],[0.549283,0.611693,0.569316]],"s":520.814,"t":[-1757.15,-9387.84,-1160.42],"timestamp":1337666335},
{"hands":[{"direction":[-0.131214,0.740167,-0.656792],"id":1,"palmNormal":[-0.176624,-0.667292,-0.720421],"palmPosition":[45.3172,107.681,23.6169],"palmVelocity":[15.2347,12.8741,-35.6613],"r":[[1,0,0],[0,1,0],[0,0,1]],"s":1,"sphereCenter":[47.7678,127.129,3.82975],"sphereRadius":60.138,"t":[5.47454,41.1486,-90.5127]}],"id":127910,"pointables":[{"direction":[-0.225096,0.12444,-0.966357],"handId":1,"id":9,"length":59.5991,"tipPosition":[47.7277,174.674,-48.1001],"tipVelocity":[57.4014,30.937,-50.107],"tool":false}],"r":[[0.214514,0.555249,-0.803544],[-0.807634,0.563499,0.173772],[0.549283,0.611693,0.569316]],"s":520.814,"t":[-1756.73,-9387.77,-1160.81],"timestamp":1337675822},
{"hands":[{"direction":[-0.123261,0.74518,-0.652375],"id":1,"palmNormal":[-0.187694,-0.660496,-0.723397],"palmPosition":[45.3832,108.069,23.003],"palmVelocity":[7.33079,43.0837,-68.1326],"r":[[1,0,0],[0,1,0],[0,0,1]],"s":1,"sphereCenter":[47.8274,126.469,2.96264],"sphereRadius":60.0128,"t":[6.0548,41.2974,-90.9272]}],"id":127912,"pointables":[{"direction":[-0.222074,0.133023,-0.965913],"handId":1,"id":9,"length":60.0212,"tipPosition":[48.4735,174.903,-48.5345],"tipVelocity":[82.7787,25.3681,-48.2086],"tool":false}],"r":[[0.214514,0.555249,-0.803544],[-0.807634,0.563499,0.173772],[0.549283,0.611693,0.569316]],"s":520.814,"t":[-1756.15,-9387.62,-1161.23],"timestamp":1337684832},
{"hands":[{"direction":[-0.113239,0.749801,-0.648477],"id":1,"palmNormal":[-0.201148,-0.653222,-0.72566],"palmPosition":[45.4365,108.102,22.6172],"palmVelocity":[5.56765,3.48984,-40.3038],"r":[[1,0,0],[0,1,0],[0,0,1]],"s":1,"sphereCenter":[47.9217,125.825,1.74616],"sphereRadius":59.8044,"t":[6.78379,41.5006,-91.6536]}],"id":127914,"pointables":[{"direction":[-0.217265,0.142119,-0.965711],"handId":1,"id":9,"length":60.4686,"tipPosition":[49.3513,175.16,-49.5725],"tipVelocity":[91.697,26.9114,-108.447],"tool":false}],"r":[[0.214514,0.555249,-0.803544],[-0.807634,0.563499,0.173772],[0.549283,0.611693,0.569316]],"s":520.814,"t":[-1755.42,-9387.41,-1161.96],"timestamp":1337694404},
{"hands":[{"direction":[-0.10426,0.755846,-0.642487],"id":1,"palmNormal":[-0.215609,-0.643871,-0.728898],"palmPosition":[45.4721,108.249,22.0384],"palmVelocity":[3.76803,15.5214,-61.3581],"r":[[1,0,0],[0,1,0],[0,0,1]],"s":1,"sphereCenter":[47.985,125.172,0.5313],"sphereRadius":59.6254,"t":[7.73941,41.9331,-92.8849]}],"id":127916,"pointables":[{"direction":[-0.207866,0.156102,-0.965621],"handId":1,"id":9,"length":60.926,"tipPosition":[50.5335,175.822,-51.3088],"tipVelocity":[125.318,70.1326,-184.045],"tool":false}],"r":[[0.214514,0.555249,-0.803544],[-0.807634,0.563499,0.173772],[0.549283,0.611693,0.569316]],"s":520.814,"t":[-1754.47,-9386.98,-1163.19],"timestamp":1337703838},
{"hands":[{"direction":[-0.0973763,0.757794,-0.641445],"id":1,"palmNormal":[-0.228191,-0.640074,-0.728219],"palmPosition":[45.4482,107.856,21.9036],"palmVelocity":[-2.55591,-42.0742,-14.4482],"r":[[1,0,0],[0,1,0],[0,0,1]],"s":1,"sphereCenter":[48.1813,123.988,0.990171],"sphereRadius":60.4332,"t":[8.98001,42.592,-94.3883]}],"id":127918,"pointables":[{"direction":[-0.194765,0.174664,-0.965173],"handId":1,"id":9,"length":61.4783,"tipPosition":[52.0591,176.707,-53.0844],"tipVelocity":[163.549,94.9192,-190.349],"tool":false}],"r":[[0.214514,0.555249,-0.803544],[-0.807634,0.563499,0.173772],[0.549283,0.611693,0.569316]],"s":520.814,"t":[-1753.23,-9386.32,-1164.69],"timestamp":1337713166},
{"hands":[{"direction":[-0.0899921,0.76021,-0.639751],"id":1,"palmNormal":[-0.239846,-0.635516,-0.728373],"palmPosition":[45.3518,107.582,21.5513],"palmVelocity":[-10.7026,-30.4357,-39.1156],"r":[[1,0,0],[0,1,0],[0,0,1]],"s":1,"sphereCenter":[48.0303,122.754,0.570275],"sphereRadius":60.9431,"t":[10.5662,43.4293,-95.6987]}],"id":127920,"pointables":[{"direction":[-0.178297,0.199624,-0.963515],"handId":1,"id":9,"length":62.0428,"tipPosition":[53.9909,177.723,-54.2017],"tipVelocity":[214.473,112.766,-124.053],"tool":false}],"r":[[0.214514,0.555249,-0.803544],[-0.807634,0.563499,0.173772],[0.549283,0.611693,0.569316]],"s":520.814,"t":[-1751.64,-9385.49,-1166],"timestamp":1337722173},
{"hands":[{"direction":[-0.0833914,0.762332,-0.638271],"id":1,"palmNormal":[-0.250115,-0.631496,-0.728502],"palmPosition":[45.133,107.137,21.2878],"palmVelocity":[-23.1771,-47.1576,-27.8968],"r":[[1,0,0],[0,1,0],[0,0,1]],"s":1,"sphereCenter":[47.4694,121.151,-0.764508],"sphereRadius":61.5289,"t":[12.5723,44.3156,-96.4826]}],"id":127922,"pointables":[{"direction":[-0.157539,0.23238,-0.959782],"handId":1,"id":9,"length":62.6433,"tipPosition":[56.4168,178.658,-54.4592],"tipVelocity":[256.906,99.0473,-27.2665],"tool":false}],"r":[[0.214514,0.555249,-0.803544],[-0.807634,0.563499,0.173772],[0.549283,0.611693,0.569316]],"s":520.814,"t":[-1749.64,-9384.6,-1166.78],"timestamp":1337731616},
{"hands":[{"direction":[-0.0746839,0.763108,-0.638405],"id":1,"palmNormal":[-0.2599,-0.628412,-0.727892],"palmPosition":[44.949,106.445,21.1755],"palmVelocity":[-13.1787,-49.5341,-8.05043],"r":[[0.999972,0.00631829,-0.00398712],[-0.00631744,0.99998,0.000223748],[0.00398845,-0.000198553,0.999992]],"s":1.01739,"sphereCenter":[46.5799,119.525,-2.92523],"sphereRadius":62.3513,"t":[13.097,44.7643,-96.3196]}],"id":127924,"pointables":[{"direction":[-0.127217,0.273638,-0.953382],"handId":1,"id":9,"length":63.2253,"tipPosition":[59.4222,179.382,-53.9],"tipVelocity":[215.287,51.8321,40.0624],"tool":false},{"direction":[-0.316468,-0.0111471,-0.948538],"handId":1,"id":3,"length":49.5983,"tipPosition":[-23.256,108.4,-6.95831],"tipVelocity":[-352.329,-50.2272,118.976],"tool":false}],"r":[[0.207215,0.556394,-0.804666],[-0.80888,0.560075,0.178969],[0.550251,0.613793,0.566112]],"s":520.831,"t":[-1749.11,-9384.15,-1166.62],"timestamp":1337745576},
{"hands":[{"direction":[-0.0671041,0.762871,-0.639614],"id":1,"palmNormal":[-0.263943,-0.627703,-0.727611],"palmPosition":[44.5836,105.263,21.2667],"palmVelocity":[-39.1094,-126.543,9.76724],"r":[[0.999718,0.0202819,-0.0123614],[-0.0202691,0.999794,0.00115956],[0.0123824,-0.000908679,0.999923]],"s":1.0481,"sphereCenter":[44.8764,116.786,-7.04145],"sphereRadius":64.2937,"t":[12.7644,44.2639,-94.2148]}],"id":127926,"pointables":[{"direction":[-0.0822494,0.338775,-0.937265],"handId":1,"id":9,"length":63.5181,"tipPosition":[63.3179,178.005,-50.2304],"tipVelocity":[416.92,-147.408,392.716],"tool":false},{"direction":[-0.376146,0.00152208,-0.926559],"handId":1,"id":3,"length":48.5078,"tipPosition":[-29.5319,106.878,-2.53493],"tipVelocity":[-671.648,-162.873,473.392],"tool":false}],"r":[[0.191282,0.559079,-0.806748],[-0.811276,0.5527,0.190668],[0.552488,0.618023,0.559289]],"s":520.862,"t":[-1749.44,-9384.65,-1164.52],"timestamp":1337754920},
{"hands":[{"direction":[-0.0597823,0.761533,-0.64199],"id":1,"palmNormal":[-0.266221,-0.628444,-0.726681],"palmPosition":[44.105,103.821,21.3598],"palmVelocity":[-50.8567,-153.231,9.89631],"r":[[0.99891,0.039651,-0.0246247],[-0.0396265,0.999213,0.001484],[0.0246642,-0.000506597,0.999696]],"s":1.0969,"sphereCenter":[42.6275,113.4,-12.2078],"sphereRadius":67.2511,"t":[14.4882,43.3918,-91.5544]}],"id":127928,"pointables":[{"direction":[-0.161906,0.0603562,-0.984959],"handId":1,"id":12,"length":31.3234,"tipPosition":[30.2473,165.9,-51.6519],"tipVelocity":[745.643,744.346,-77.0938],"tool":false},{"direction":[-0.0254988,0.409778,-0.911829],"handId":1,"id":9,"length":63.5145,"tipPosition":[67.0983,176.021,-47.0145],"tipVelocity":[401.736,-210.829,341.756],"tool":false},{"direction":[-0.418069,0.0146698,-0.908297],"handId":1,"id":3,"length":46.9255,"tipPosition":[-34.9146,105.635,1.74114],"tipVelocity":[-572.025,-132.164,454.418],"tool":false}],"r":[[0.168727,0.562148,-0.809643],[-0.814857,0.541708,0.206303],[0.554562,0.624934,0.549471]],"s":520.911,"t":[-1747.72,-9385.52,-1161.86],"timestamp":1337764330},
{"hands":[{"direction":[-0.0550719,0.757557,-0.647127],"id":1,"palmNormal":[-0.265782,-0.632833,-0.723376],"palmPosition":[43.4142,101.934,21.5659],"palmVelocity":[-72.1553,-197.115,21.5222],"r":[[0.997335,0.0619839,-0.0384883],[-0.0619554,0.998077,0.00193464],[0.0385343,0.000455077,0.999257]],"s":1.15249,"sphereCenter":[40.0834,109.821,-18.0187],"sphereRadius":71.0844,"t":[17.3018,42.5955,-89.7118]}],"id":127930,"pointables":[{"direction":[-0.099116,0.202518,-0.97425],"handId":1,"id":12,"length":33.5476,"tipPosition":[36.2696,170.999,-51.3081],"tipVelocity":[629.028,532.641,35.9126],"tool":false},{"direction":[0.0416476,0.471793,-0.880725],"handId":1,"id":9,"length":63.6938,"tipPosition":[71.0016,174.655,-45.9896],"tipVelocity":[407.706,-142.687,107.046],"tool":false},{"direction":[-0.485554,0.0567187,-0.872365],"handId":1,"id":3,"length":42.3856,"tipPosition":[-39.7588,104.914,4.56055],"tipVelocity":[-505.966,-75.2763,294.487],"tool":false}],"r":[[0.142735,0.565464,-0.812328],[-0.818549,0.528837,0.224297],[0.556422,0.632915,0.538344]],"s":520.966,"t":[-1744.91,-9386.32,-1160.01],"timestamp":1337773904},
{"hands":[{"direction":[-0.0512691,0.746572,-0.658921],"id":1,"palmNormal":[-0.265617,-0.643663,-0.713128],"palmPosition":[42.7588,99.3278,22.3935],"palmVelocity":[-72.8049,-289.49,91.9308],"r":[[0.994526,0.0894177,-0.054058],[-0.0892414,0.995994,0.00567021],[0.0543484,-0.000814958,0.998522]],"s":1.20725,"sphereCenter":[38.1841,108.277,-19.388],"sphereRadius":72.5266,"t":[20.0468,41.2734,-88.5469]}],"id":127932,"pointables":[{"direction":[-0.0116069,0.303534,-0.95275],"handId":1,"id":12,"length":35.4195,"tipPosition":[49.9691,169.152,-51.0562],"tipVelocity":[1521.83,-205.258,27.9736],"tool":false},{"direction":[0.107197,0.522684,-0.84576],"handId":1,"id":9,"length":63.731,"tipPosition":[73.6781,172.607,-45.5024],"tipVelocity":[297.317,-227.416,54.1221],"tool":false},{"direction":[-0.486238,0.00440346,-0.873815],"handId":1,"id":3,"length":38.5323,"tipPosition":[-43.0535,104.624,7.34998],"tipVelocity":[-366.005,-32.1851,309.867],"tool":false}],"r":[[0.111406,0.569887,-0.814136],[-0.820741,0.514682,0.247963],[0.560332,0.64057,0.525069]],"s":521.021,"t":[-1742.16,-9387.64,-1158.85],"timestamp":1337782906},
{"hands":[{"direction":[-0.0469336,0.733994,-0.671833],"id":1,"palmNormal":[-0.267319,-0.654989,-0.701186],"palmPosition":[42.3737,96.7388,23.3423],"palmVelocity":[-40.121,-269.717,98.8444],"r":[[0.991609,0.112492,-0.0636908],[-0.112071,0.993648,0.0101539],[0.0644284,-0.00293079,0.997918]],"s":1.25226,"sphereCenter":[36.3969,107.086,-20.6197],"sphereRadius":73.7712,"t":[20.7243,40.6211,-86.3282]}],"id":127934,"pointables":[{"direction":[0.0400834,0.400516,-0.915413],"handId":1,"id":12,"length":37.0449,"tipPosition":[48.579,172.818,-47.7836],"tipVelocity":[-144.812,381.956,340.938],"tool":false},{"direction":[0.167375,0.560313,-0.811193],"handId":1,"id":9,"length":63.7712,"tipPosition":[75.5197,170.838,-46.3779],"tipVelocity":[191.851,-184.339,-91.2091],"tool":false},{"direction":[-0.450724,-0.00628932,-0.892641],"handId":1,"id":3,"length":35.9469,"tipPosition":[-44.4698,104.641,11.1556],"tipVelocity":[-147.541,1.80819,396.46],"tool":false}],"r":[[0.0868312,0.575451,-0.813214],[-0.821352,0.503304,0.268451],[0.563774,0.644625,0.51635]],"s":521.066,"t":[-1741.48,-9388.29,-1156.63],"timestamp":1337792505},
{"hands":[{"direction":[-0.0391288,0.724865,-0.681531],"id":1,"palmNormal":[-0.270332,-0.662264,-0.693125],"palmPosition":[41.9692,94.7205,23.8142],"palmVelocity":[-43.6237,-217.668,50.9026],"r":[[0.988536,0.134238,-0.06911],[-0.133494,0.990932,0.0153014],[0.0705373,-0.0059002,0.997492]],"s":1.2878,"sphereCenter":[34.7597,106.308,-21.0524],"sphereRadius":74.6276,"t":[21.0169,39.9301,-84.5206]}],"id":127936,"pointables":[{"direction":[0.213619,0.589356,-0.779119],"handId":1,"id":9,"length":63.661,"tipPosition":[75.7295,167.695,-46.1618],"tipVelocity":[22.6245,-338.927,23.314],"tool":false},{"direction":[0.0846498,0.475185,-0.875805],"handId":1,"id":12,"length":38.4856,"tipPosition":[48.1846,175.453,-45.0207],"tipVelocity":[-42.5444,284.177,297.978],"tool":false},{"direction":[0.161387,0.370148,-0.914847],"handId":1,"id":14,"length":28.5454,"tipPosition":[97.0546,154.913,-39.8467],"tipVelocity":[80.0845,-214.307,-61.5936],"tool":false},{"direction":[-0.436974,0.11078,-0.892626],"handId":1,"id":3,"length":33.587,"tipPosition":[-45.6254,105.17,13.732],"tipVelocity":[-124.635,56.9491,277.864],"tool":false}],"r":[[0.0656025,0.582751,-0.809999],[-0.82098,0.492919,0.288137],[0.567176,0.64609,0.510763]],"s":521.101,"t":[-1741.19,-9388.99,-1154.82],"timestamp":1337801777},
{"hands":[{"direction":[-0.0277196,0.713938,-0.692284],"id":1,"palmNormal":[-0.273986,-0.669764,-0.684284],"palmPosition":[42.0374,92.8828,24.1864],"palmVelocity":[7.1802,-193.55,39.1997],"r":[[0.98556,0.154007,-0.0703735],[-0.152882,0.988019,0.0211272],[0.072784,-0.0100633,0.997297]],"s":1.3157,"sphereCenter":[33.0556,105.16,-22.8328],"sphereRadius":75.7266,"t":[21.1056,39.259,-83.1002]}],"id":127938,"pointables":[{"direction":[0.248804,0.607043,-0.754716],"handId":1,"id":9,"length":63.5101,"tipPosition":[75.6446,164.8,-46.193],"tipVelocity":[-8.93204,-304.9,-3.28932],"tool":false},{"direction":[0.11827,0.539054,-0.833926],"handId":1,"id":12,"length":39.7386,"tipPosition":[48.039,176.914,-42.9227],"tipVelocity":[-15.3349,153.891,220.964],"tool":false},{"direction":[0.195426,0.398026,-0.896317],"handId":1,"id":14,"length":29.8229,"tipPosition":[97.7038,153.307,-40.8616],"tipVelocity":[68.3769,-169.229,-106.89],"tool":false},{"direction":[-0.449188,0.145098,-0.881576],"handId":1,"id":3,"length":31.1835,"tipPosition":[-46.0844,105.474,16.372],"tipVelocity":[-48.3446,32.0472,278.051],"tool":false}],"r":[[0.0482671,0.591534,-0.804834],[-0.81963,0.483974,0.306555],[0.570856,0.64487,0.508199]],"s":521.129,"t":[-1741.1,-9389.66,-1153.4],"timestamp":1337811272},
{"hands":[{"direction":[-0.0233194,0.706642,-0.700047],"id":1,"palmNormal":[-0.277096,-0.675714,-0.677311],"palmPosition":[41.3827,91.2011,24.6674],"palmVelocity":[-70.7262,-181.665,51.9543],"r":[[0.981742,0.175534,-0.0732875],[-0.173931,0.984367,0.027753],[0.0770133,-0.0144993,0.996925]],"s":1.3311,"sphereCenter":[33.2521,106.594,-17.3909],"sphereRadius":75.8316,"t":[20.7309,36.9623,-81.5053]}],"id":127940,"pointables":[{"direction":[0.142755,0.578886,-0.802815],"handId":1,"id":12,"length":40.9124,"tipPosition":[47.8474,177.278,-41.5956],"tipVelocity":[-20.6994,39.3134,143.362],"tool":false},{"direction":[0.261965,0.616137,-0.742798],"handId":1,"id":9,"length":61.8902,"tipPosition":[72.6652,156.592,-41.3639],"tipVelocity":[-321.862,-886.731,521.673],"tool":false},{"direction":[0.227599,0.443335,-0.866979],"handId":1,"id":14,"length":30.0966,"tipPosition":[96.6653,149.513,-38.6503],"tipVelocity":[-112.189,-409.804,238.882],"tool":false},{"direction":[-0.308202,0.224875,-0.924361],"handId":1,"id":3,"length":29.1956,"tipPosition":[-46.7219,106.072,16.9839],"tipVelocity":[-68.8601,64.6703,66.0911],"tool":false}],"r":[[0.0284293,0.599811,-0.799637],[-0.817594,0.47419,0.326624],[0.575093,0.644493,0.503882]],"s":521.145,"t":[-1741.48,-9391.95,-1151.81],"timestamp":1337820529},
{"hands":[{"direction":[-0.0151694,0.697524,-0.708981],"id":1,"palmNormal":[-0.282106,-0.681559,-0.669316],"palmPosition":[41.4717,89.7091,25.2363],"palmVelocity":[9.77274,-163.827,62.4738],"r":[[0.978531,0.192941,-0.0724636],[-0.190909,0.981017,0.0340516],[0.0776579,-0.0194866,0.99679]],"s":1.34623,"sphereCenter":[32.5134,106.683,-16.7229],"sphereRadius":75.7654,"t":[20.6407,35.6578,-80.9154]}],"id":127942,"pointables":[{"direction":[0.286842,0.631121,-0.7207],"handId":1,"id":9,"length":61.6754,"tipPosition":[74.3187,158.119,-44.5413],"tipVelocity":[181.569,167.67,-348.901],"tool":false},{"direction":[0.163286,0.603233,-0.780672],"handId":1,"id":12,"length":42.1694,"tipPosition":[47.6999,177.484,-41.3456],"tipVelocity":[-16.1893,22.6558,27.4502],"tool":false},{"direction":[0.252527,0.458476,-0.852074],"handId":1,"id":14,"length":31.2382,"tipPosition":[97.2012,148.682,-39.7304],"tipVelocity":[58.8454,-91.2842,-118.596],"tool":false},{"direction":[-0.213974,0.174398,-0.961145],"handId":1,"id":3,"length":27.7132,"tipPosition":[-46.7315,106.242,18.5811],"tipVelocity":[-1.05553,18.6029,175.385],"tool":false}],"r":[[0.0141027,0.6084,-0.793505],[-0.815115,0.466627,0.343288],[0.579127,0.641957,0.502497]],"s":521.16,"t":[-1741.57,-9393.26,-1151.22],"timestamp":1337829636},
{"hands":[{"direction":[-0.00838616,0.691819,-0.714935],"id":1,"palmNormal":[-0.286172,-0.68507,-0.66436],"palmPosition":[41.2342,88.6335,25.5464],"palmVelocity":[-16.5583,-74.992,21.6183],"r":[[0.97551,0.208384,-0.0703954],[-0.205947,0.977731,0.0403475],[0.0772355,-0.0248617,0.996703]],"s":1.35621,"sphereCenter":[32.1312,107.032,-14.5414],"sphereRadius":75.5947,"t":[20.4365,34.4872,-80.2955]}],"id":127944,"pointables":[{"direction":[0.301198,0.651487,-0.696307],"handId":1,"id":9,"length":60.7403,"tipPosition":[73.6015,155.969,-43.9636],"tipVelocity":[-50.0051,-149.896,40.2805],"tool":false},{"direction":[0.177092,0.6221,-0.762647],"handId":1,"id":12,"length":43.3952,"tipPosition":[47.2285,176.895,-40.6235],"tipVelocity":[-32.8641,-41.0652,50.3468],"tool":false},{"direction":[0.274383,0.484228,-0.830805],"handId":1,"id":14,"length":32.0331,"tipPosition":[97.0363,147.198,-39.5053],"tipVelocity":[-11.495,-103.454,15.6949],"tool":false},{"direction":[-0.0663034,0.0738407,-0.995064],"handId":1,"id":3,"length":26.5624,"tipPosition":[-46.6434,106.429,19.8871],"tipVelocity":[6.14212,13.0204,91.0584],"tool":false}],"r":[[0.00208885,0.61674,-0.787164],[-0.812268,0.460186,0.358398],[0.583281,0.63864,0.501919]],"s":521.17,"t":[-1741.77,-9394.43,-1150.6],"timestamp":1337843979},
{"hands":[{"direction":[-0.00374349,0.683993,-0.722564],"id":1,"palmNormal":[-0.290038,-0.690556,-0.657031],"palmPosition":[40.9302,87.7277,25.8502],"palmVelocity":[-33.363,-99.4354,33.3451],"r":[[0.973086,0.220605,-0.0666046],[-0.217877,0.974898,0.045861],[0.0750499,-0.0301151,0.996725]],"s":1.36452,"sphereCenter":[31.8681,108.057,-12.4746],"sphereRadius":75.4425,"t":[20.2485,33.7415,-79.9993]}],"id":127946,"pointables":[{"direction":[0.314938,0.665646,-0.676557],"handId":1,"id":9,"length":60.2925,"tipPosition":[74.2603,156.844,-45.668],"tipVelocity":[72.3144,96.0901,-187.09],"tool":false},{"direction":[0.292213,0.498591,-0.8161],"handId":1,"id":14,"length":33.1499,"tipPosition":[97.2366,146.537,-40.2008],"tipVelocity":[21.9913,-72.5497,-76.3493],"tool":false},{"direction":[0.191103,0.63025,-0.752506],"handId":1,"id":12,"length":44.9063,"tipPosition":[46.6844,176.07,-39.9832],"tipVelocity":[-59.732,-90.5442,70.2851],"tool":false},{"direction":[0.139714,-0.00643608,-0.990171],"handId":1,"id":3,"length":25.5482,"tipPosition":[-46.4724,106.447,20.9168],"tipVelocity":[18.7681,2.07081,113.028],"tool":false}],"r":[[-0.00624763,0.624644,-0.780885],[-0.809551,0.455251,0.370641],[0.587017,0.634481,0.502837]],"s":521.178,"t":[-1741.96,-9395.17,-1150.3],"timestamp":1337853089},
{"hands":[{"direction":[0.00482762,0.677342,-0.728802],"id":1,"palmNormal":[-0.29271,-0.694437,-0.652102],"palmPosition":[40.8978,87.2137,25.9698],"palmVelocity":[-3.37476,-53.4956,12.4531],"r":[[0.970906,0.231167,-0.0624716],[-0.228198,0.972269,0.0511841],[0.0725713,-0.0354391,0.996733]],"s":1.36978,"sphereCenter":[31.6899,108.821,-10.3986],"sphereRadius":75.2729,"t":[20.0552,33.0254,-79.8764]}],"id":127948,"pointables":[{"direction":[0.320956,0.676464,-0.66286],"handId":1,"id":9,"length":59.4466,"tipPosition":[73.7306,155.678,-45.5322],"tipVelocity":[-55.1297,-121.376,14.1353],"tool":false},{"direction":[0.30713,0.516306,-0.799437],"handId":1,"id":14,"length":34.0992,"tipPosition":[97.2349,145.845,-40.4371],"tipVelocity":[-0.183022,-72.0729,-24.5932],"tool":false},{"direction":[0.199403,0.633061,-0.747979],"handId":1,"id":12,"length":46.3584,"tipPosition":[46.2892,175.39,-39.9964],"tipVelocity":[-41.1401,-70.8146,-1.3751],"tool":false},{"direction":[0.255176,-0.0323959,-0.966352],"handId":1,"id":3,"length":24.6184,"tipPosition":[-46.4058,106.673,21.5904],"tipVelocity":[6.93149,23.4734,70.1138],"tool":false}],"r":[[-0.0130003,0.631949,-0.774901],[-0.806752,0.451219,0.381514],[0.590748,0.630112,0.50396]],"s":521.183,"t":[-1742.15,-9395.89,-1150.18],"timestamp":1337862696},
{"hands":[{"direction":[0.0123753,0.670345,-0.735208],"id":1,"palmNormal":[-0.295523,-0.698597,-0.646642],"palmPosition":[41.0425,86.9585,26.1461],"palmVelocity":[16.117,-28.4318,19.6287],"r":[[0.969072,0.239894,-0.0578856],[-0.236761,0.969948,0.0560765],[0.0695985,-0.0406371,0.996747]],"s":1.3742,"sphereCenter":[31.6456,109.671,-8.7792],"sphereRadius":75.0734,"t":[19.9099,32.6601,-80.0341]}],"id":127950,"pointables":[{"direction":[0.326813,0.681141,-0.655164],"handId":1,"id":9,"length":58.7953,"tipPosition":[73.9377,156.068,-46.6372],"tipVelocity":[23.0544,43.4533,-123.065],"tool":false},{"direction":[0.314032,0.519301,-0.794803],"handId":1,"id":14,"length":35.2039,"tipPosition":[97.3405,145.468,-41.0149],"tipVelocity":[11.7627,-41.9715,-64.3525],"tool":false},{"direction":[0.204871,0.636615,-0.743471],"handId":1,"id":12,"length":47.8537,"tipPosition":[45.9887,174.988,-40.2954],"tipVelocity":[-33.4657,-44.7459,-33.303],"tool":false},{"direction":[0.347787,-0.0790866,-0.934232],"handId":1,"id":3,"length":23.8057,"tipPosition":[-46.372,107.021,22.0349],"tipVelocity":[3.764,38.7145,49.5062],"tool":false}],"r":[[-0.017947,0.638683,-0.769261],[-0.804058,0.448084,0.390783],[0.59428,0.625544,0.505496]],"s":521.188,"t":[-1742.3,-9396.26,-1150.34],"timestamp":1337871675},
{"hands":[{"direction":[0.0176842,0.663181,-0.741741],"id":1,"palmNormal":[-0.297849,-0.703362,-0.640564],"palmPosition":[41.0996,86.4299,26.5699],"palmVelocity":[5.99086,-55.4445,44.4572],"r":[[0.967468,0.247327,-0.0532397],[-0.244085,0.967853,0.0606921],[0.066539,-0.0457226,0.996736]],"s":1.37731,"sphereCenter":[31.4462,110.303,-7.46274],"sphereRadius":74.9482,"t":[19.8128,32.3137,-80.3439]}],"id":127952,"pointables":[{"direction":[0.329973,0.682237,-0.652434],"handId":1,"id":9,"length":58.2327,"tipPosition":[73.7949,155.799,-47.2298],"tipVelocity":[-14.9777,-28.3112,-62.1651],"tool":false},{"direction":[0.318655,0.521625,-0.791433],"handId":1,"id":14,"length":36.2125,"tipPosition":[97.4042,145.083,-41.519],"tipVelocity":[6.68119,-40.3691,-52.8813],"tool":false},{"direction":[0.207061,0.641472,-0.738674],"handId":1,"id":12,"length":49.201,"tipPosition":[45.6687,174.502,-40.715],"tipVelocity":[-33.5647,-51.0406,-44.0137],"tool":false},{"direction":[0.391194,-0.09122,-0.915776],"handId":1,"id":3,"length":23.085,"tipPosition":[-46.3267,107.345,22.3055],"tipVelocity":[4.74929,34.0587,28.3887],"tool":false}],"r":[[-0.0217633,0.644846,-0.764003],[-0.801428,0.445605,0.398936],[0.597695,0.620975,0.5071]],"s":521.191,"t":[-1742.39,-9396.6,-1150.65],"timestamp":1337881208},
{"hands":[{"direction":[0.018625,0.654836,-0.749224],"id":1,"palmNormal":[-0.301141,-0.709426,-0.632121],"palmPosition":[41.1966,85.7284,27.2237],"palmVelocity":[10.4703,-75.7149,70.5696],"r":[[0.965974,0.253887,-0.0493492],[-0.250562,0.965927,0.0648334],[0.064128,-0.0502624,0.996675]],"s":1.37865,"sphereCenter":[31.6609,111.308,-5.49695],"sphereRadius":74.9758,"t":[19.6981,31.934,-80.6978]}],"id":127954,"pointables":[{"direction":[0.331845,0.684628,-0.648971],"handId":1,"id":9,"length":57.5254,"tipPosition":[73.6152,155.335,-47.5404],"tipVelocity":[-19.3952,-50.0231,-33.5238],"tool":false},{"direction":[0.323364,0.523789,-0.788087],"handId":1,"id":14,"length":37.21,"tipPosition":[97.5153,144.72,-42.0042],"tipVelocity":[11.993,-39.1505,-52.371],"tool":false},{"direction":[0.210556,0.641906,-0.737308],"handId":1,"id":12,"length":50.3405,"tipPosition":[45.2834,173.616,-40.8822],"tipVelocity":[-41.5882,-95.5968,-18.0498],"tool":false},{"direction":[0.462539,-0.19424,-0.86506],"handId":1,"id":3,"length":22.4409,"tipPosition":[-46.4118,107.697,21.9583],"tipVelocity":[-9.18582,37.9931,-37.4758],"tool":false}],"r":[[-0.025265,0.65011,-0.75942],[-0.799008,0.44341,0.406169],[0.600789,0.617045,0.508241]],"s":521.192,"t":[-1742.51,-9396.98,-1151],"timestamp":1337890473},
{"hands":[{"direction":[0.0151631,0.651524,-0.75275],"id":1,"palmNormal":[-0.30386,-0.712816,-0.627311],"palmPosition":[40.943,85.3118,27.2489],"palmVelocity":[-27.1346,-44.5771,2.69842],"r":[[0.96476,0.259232,-0.0451259],[-0.255864,0.964245,0.0690318],[0.0614077,-0.0550531,0.996593]],"s":1.38004,"sphereCenter":[32.5338,112.675,-0.802712],"sphereRadius":75.327,"t":[19.6774,31.703,-81.0301]}],"id":127956,"pointables":[{"direction":[0.211932,0.643566,-0.735465],"handId":1,"id":12,"length":49.6829,"tipPosition":[45.286,173.399,-41.6377],"tipVelocity":[0.283405,-23.2022,-80.8309],"tool":false},{"direction":[0.383601,-0.200118,-0.901556],"handId":1,"id":3,"length":20.4786,"tipPosition":[-46.2679,107.75,22.0922],"tipVelocity":[15.4046,5.61951,14.3242],"tool":false}],"r":[[-0.0275399,0.655046,-0.755087],[-0.7965,0.442048,0.412532],[0.604012,0.612787,0.50957]],"s":521.194,"t":[-1742.53,-9397.21,-1151.33],"timestamp":1337899819},
