[
{"hands":[{"direction":[-0.28445,0.646287,-0.693154],"id":10,"palmNormal":[-0.302446,-0.741499,-0.578912],"palmPosition":[41.1752,133.057,72.7655],"palmVelocity":[36.5298,79.5281,-37.1177],"r":[[0.811644,-0.00674053,0.584113],[0.455063,0.634261,-0.625005],[-0.366267,0.77309,0.517862]],"s":0.286123,"sphereCenter":[24.1291,82.1796,33.3503],"sphereRadius":82.3794,"t":[-8.24532,-4.33191,45.2237]}],"id":24736,"pointables":[{"direction":[-0.361766,-0.0145167,-0.932156],"handId":10,"id":2,"length":75.3664,"tipPosition":[31.1831,161.047,2.49746],"tipVelocity":[13.6011,16.6629,-0.0436477],"tool":false},{"direction":[-0.388547,-0.0251787,-0.921085],"handId":10,"id":3,"length":77.5065,"tipPosition":[3.56551,162.175,5.55944],"tipVelocity":[13.9445,20.7412,-0.332353],"tool":false},{"direction":[-0.330603,0.278656,-0.901694],"handId":10,"id":4,"length":57.4025,"tipPosition":[58.1304,156.44,16.0283],"tipVelocity":[8.98938,10.833,-3.47801],"tool":false},{"direction":[-0.405701,-0.182093,-0.895683],"handId":10,"id":1,"length":66.5002,"tipPosition":[-19.298,150.731,28.8304],"tipVelocity":[12.1886,28.1241,2.26501],"tool":false},{"direction":[-0.682151,0.53102,-0.502681],"handId":7,"id":6,"length":34.4965,"tipPosition":[-21.1471,109.696,85.9907],"tipVelocity":[-18.3229,34.7783,-16.7216],"tool":false}],"r":[[-0.12281,0.0189048,0.99225],[-0.734756,-0.67382,-0.0781019],[0.667122,-0.738653,0.0966421]],"s":1.56642,"t":[-392.729,-1715.99,915.504],"timestamp":271369153},
{"hands":[{"direction":[-0.291904,0.661069,-0.674457],"id":10,"palmNormal":[-0.291778,-0.725482,-0.602162],"palmPosition":[40.8365,131.969,73.3396],"palmVelocity":[-37.3921,-120.084,63.3811],"r":[[0.812231,-0.00643336,0.583301],[0.454237,0.63435,-0.625515],[-0.365993,0.773019,0.51816]],"s":0.285922,"sphereCenter":[24.5046,83.0512,33.4199],"sphereRadius":81.7286,"t":[-8.1417,-4.11988,45.2032]}],"id":24737,"pointables":[{"direction":[-0.361511,-0.0136032,-0.932269],"handId":10,"id":2,"length":75.4523,"tipPosition":[31.3439,161.29,2.4556],"tipVelocity":[17.7546,26.7626,-4.62194],"tool":false},{"direction":[-0.388333,-0.0247284,-0.921187],"handId":10,"id":3,"length":77.4479,"tipPosition":[3.72238,162.318,5.51644],"tipVelocity":[17.3208,15.8742,-4.74845],"tool":false},{"direction":[-0.330323,0.27898,-0.901697],"handId":10,"id":4,"length":57.4043,"tipPosition":[58.2259,156.518,15.9684],"tipVelocity":[10.5428,8.63886,-6.6106],"tool":false},{"direction":[-0.405892,-0.180409,-0.895938],"handId":10,"id":1,"length":66.4615,"tipPosition":[-19.1763,151.041,28.8119],"tipVelocity":[13.4363,34.2241,-2.04188],"tool":false},{"direction":[-0.681868,0.532953,-0.501016],"handId":10,"id":6,"length":34.6888,"tipPosition":[-21.2829,110.012,85.8551],"tipVelocity":[-15.0007,34.8564,-14.9773],"tool":false}],"r":[[-0.123906,0.0188726,0.992115],[-0.734637,-0.673854,-0.0789308],[0.66705,-0.738624,0.0973588]],"s":1.56619,"t":[-392.625,-1715.77,915.482],"timestamp":271378210},
{"hands":[{"direction":[-0.28621,0.651973,-0.686344],"id":10,"palmNormal":[-0.299888,-0.735324,-0.587043],"palmPosition":[41.2145,132.836,72.9044],"palmVelocity":[40.1178,92.0119,-46.1925],"r":[[0.812849,-0.00596936,0.582443],[0.453272,0.634485,-0.626077],[-0.365814,0.772912,0.518447]],"s":0.285673,"sphereCenter":[24.265,82.6223,33.1894],"sphereRadius":82.263,"t":[-8.0099,-3.90179,45.1687]}],"id":24738,"pointables":[{"direction":[-0.361342,-0.0126581,-0.932348],"handId":10,"id":2,"length":75.4549,"tipPosition":[31.5294,161.556,2.41265],"tipVelocity":[19.688,28.2801,-4.55866],"tool":false},{"direction":[-0.388135,-0.0235884,-0.921301],"handId":10,"id":3,"length":77.4634,"tipPosition":[3.91691,162.5,5.46262],"tipVelocity":[20.6481,19.3081,-5.71246],"tool":false},{"direction":[-0.329861,0.279971,-0.901559],"handId":10,"id":4,"length":57.4058,"tipPosition":[58.3604,156.668,15.9063],"tipVelocity":[14.275,15.9654,-6.59712],"tool":false},{"direction":[-0.406138,-0.178572,-0.896194],"handId":10,"id":1,"length":66.4129,"tipPosition":[-19.0289,151.382,28.7775],"tipVelocity":[15.6463,36.211,-3.64919],"tool":false},{"direction":[-0.682498,0.531949,-0.501226],"handId":7,"id":6,"length":34.7486,"tipPosition":[-21.1669,110.14,85.8606],"tipVelocity":[12.3193,13.605,0.585719],"tool":false}],"r":[[-0.124861,0.0188002,0.991996],[-0.734561,-0.673848,-0.079687],[0.666956,-0.738631,0.0979469]],"s":1.5662,"t":[-392.499,-1715.57,915.449],"timestamp":271387631},
{"hands":[{"direction":[-0.281291,0.643696,-0.696978],"id":10,"palmNormal":[-0.307187,-0.743981,-0.573514],"palmPosition":[41.5444,133.571,72.5015],"palmVelocity":[36.6586,81.6695,-44.7588],"r":[[0.813824,-0.00581873,0.581082],[0.452123,0.634532,-0.62686],[-0.365068,0.772874,0.519029]],"s":0.285778,"sphereCenter":[24.0466,82.226,32.963],"sphereRadius":82.7688,"t":[-7.83932,-3.73859,45.1295]}],"id":24739,"pointables":[{"direction":[-0.360999,-0.010875,-0.932503],"handId":10,"id":2,"length":75.4524,"tipPosition":[31.7372,161.873,2.3712],"tipVelocity":[23.0847,35.2308,-4.60478],"tool":false},{"direction":[-0.387863,-0.0226623,-0.921438],"handId":10,"id":3,"length":77.4796,"tipPosition":[4.1319,162.74,5.41609],"tipVelocity":[23.8851,26.5985,-5.16922],"tool":false},{"direction":[-0.329467,0.281094,-0.901353],"handId":10,"id":4,"length":57.4034,"tipPosition":[58.5713,156.645,16.1255],"tipVelocity":[23.433,-2.53593,24.3555],"tool":false},{"direction":[-0.406324,-0.177234,-0.896376],"handId":10,"id":1,"length":66.3875,"tipPosition":[-18.8716,151.621,28.6753],"tipVelocity":[17.479,26.4772,-11.3625],"tool":false},{"direction":[-0.683165,0.531325,-0.500978],"handId":7,"id":6,"length":34.8186,"tipPosition":[-21.06,110.274,85.8293],"tipVelocity":[11.8777,14.8394,-3.48007],"tool":false}],"r":[[-0.126011,0.0188704,0.991849],[-0.734551,-0.673761,-0.0805032],[0.66675,-0.738708,0.0987623]],"s":1.56641,"t":[-392.332,-1715.36,915.412],"timestamp":271396632},
{"hands":[{"direction":[-0.276984,0.637157,-0.705758],"id":10,"palmNormal":[-0.313336,-0.750929,-0.562781],"palmPosition":[41.8256,134.166,72.099],"palmVelocity":[30.8961,65.362,-44.2384],"r":[[0.814867,-0.00592992,0.579617],[0.451083,0.634468,-0.627674],[-0.364027,0.772927,0.519682]],"s":0.285884,"sphereCenter":[23.8886,82.0024,32.7128],"sphereRadius":83.1256,"t":[-7.66051,-3.55374,45.0796]}],"id":24740,"pointables":[{"direction":[-0.360772,-0.00943051,-0.932606],"handId":10,"id":2,"length":75.4454,"tipPosition":[31.9253,162.155,2.33096],"tipVelocity":[20.6758,31.0114,-4.42214],"tool":false},{"direction":[-0.387712,-0.021208,-0.921536],"handId":10,"id":3,"length":77.3998,"tipPosition":[4.34536,163.077,5.33546],"tipVelocity":[23.4602,37.1185,-8.86138],"tool":false},{"direction":[-0.328859,0.282822,-0.901035],"handId":10,"id":4,"length":57.399,"tipPosition":[58.7572,156.776,16.1739],"tipVelocity":[20.4346,14.378,5.3163],"tool":false},{"direction":[-0.406407,-0.175687,-0.896643],"handId":10,"id":1,"length":66.3528,"tipPosition":[-18.706,151.822,28.5167],"tipVelocity":[18.1979,22.0826,-17.4294],"tool":false},{"direction":[-0.683873,0.530271,-0.50113],"handId":7,"id":6,"length":34.8878,"tipPosition":[-20.9576,110.422,85.768],"tipVelocity":[11.2453,16.3276,-6.73268],"tool":false}],"r":[[-0.127158,0.0190604,0.991699],[-0.734627,-0.673589,-0.0812489],[0.666449,-0.73886,0.0996543]],"s":1.56673,"t":[-392.155,-1715.15,915.363],"timestamp":271405731},
{"hands":[{"direction":[-0.283982,0.653399,-0.685896],"id":10,"palmNormal":[-0.302876,-0.733581,-0.587772],"palmPosition":[41.4262,133.034,72.5941],"palmVelocity":[-43.4353,-123.109,53.8494],"r":[[0.816071,-0.00622199,0.577918],[0.449989,0.634333,-0.628595],[-0.362681,0.773035,0.52046]],"s":0.285941,"sphereCenter":[24.2832,82.9587,32.6865],"sphereRadius":82.4239,"t":[-7.48662,-3.27436,45.0092]}],"id":24741,"pointables":[{"direction":[-0.36037,-0.00734823,-0.93278],"handId":10,"id":2,"length":75.4233,"tipPosition":[32.1495,162.583,2.24968],"tipVelocity":[24.3849,46.51,-8.84018],"tool":false},{"direction":[-0.387397,-0.0191445,-0.921714],"handId":10,"id":3,"length":77.3976,"tipPosition":[4.57686,163.555,5.24435],"tipVelocity":[25.1766,51.9132,-9.90884],"tool":false},{"direction":[-0.328707,0.283774,-0.900791],"handId":10,"id":4,"length":57.3811,"tipPosition":[58.8809,156.896,16.1241],"tipVelocity":[13.4428,12.9993,-5.41619],"tool":false},{"direction":[-0.406365,-0.174088,-0.896973],"handId":10,"id":1,"length":66.2996,"tipPosition":[-18.537,152.039,28.2884],"tipVelocity":[18.3773,23.6312,-24.8249],"tool":false},{"direction":[-0.683637,0.531889,-0.499734],"handId":10,"id":6,"length":34.9603,"tipPosition":[-21.113,110.796,85.5388],"tipVelocity":[-16.8945,40.6668,-24.9273],"tool":false}],"r":[[-0.128724,0.0193819,0.991491],[-0.734713,-0.673376,-0.0822232],[0.666053,-0.739046,0.10092]],"s":1.56694,"t":[-391.983,-1714.85,915.293],"timestamp":271414926},
{"hands":[{"direction":[-0.27959,0.644976,-0.696482],"id":10,"palmNormal":[-0.309879,-0.74247,-0.574072],"palmPosition":[41.749,133.883,72.0414],"palmVelocity":[34.4116,90.4837,-58.9278],"r":[[0.81728,-0.00695601,0.576199],[0.449199,0.634006,-0.629489],[-0.360935,0.773297,0.521285]],"s":0.286355,"sphereCenter":[24.1126,82.7226,32.3514],"sphereRadius":82.8305,"t":[-7.31667,-2.94835,44.8302]}],"id":24742,"pointables":[{"direction":[-0.359903,-0.00466103,-0.932978],"handId":10,"id":2,"length":75.3919,"tipPosition":[32.4125,163.107,2.13814],"tipVelocity":[28.0409,55.8165,-11.8907],"tool":false},{"direction":[-0.3871,-0.0168413,-0.921884],"handId":10,"id":3,"length":77.388,"tipPosition":[4.72651,164.083,4.79073],"tipVelocity":[15.9543,56.3681,-48.36],"tool":false},{"direction":[-0.328047,0.285966,-0.900338],"handId":10,"id":4,"length":57.3621,"tipPosition":[59.0142,157.117,16.0027],"tipVelocity":[14.2211,23.635,-12.937],"tool":false},{"direction":[-0.406381,-0.171886,-0.89739],"handId":10,"id":1,"length":66.2423,"tipPosition":[-18.3547,152.248,27.979],"tipVelocity":[19.4426,22.2569,-32.9828],"tool":false},{"direction":[-0.68341,0.533005,-0.498855],"handId":7,"id":6,"length":35.0108,"tipPosition":[-21.2452,111.156,85.2804],"tipVelocity":[-14.0918,38.3231,-27.5465],"tool":false}],"r":[[-0.130505,0.0199075,0.991248],[-0.73483,-0.673125,-0.0832272],[0.665577,-0.739261,0.102475]],"s":1.56745,"t":[-391.822,-1714.53,915.128],"timestamp":271424306},
{"hands":[{"direction":[-0.2878,0.660205,-0.676867],"id":10,"palmNormal":[-0.296328,-0.725527,-0.599199],"palmPosition":[41.4529,132.516,72.8163],"palmVelocity":[-32.7338,-151.184,85.6915],"r":[[0.818217,-0.00783758,0.574856],[0.448858,0.633499,-0.630242],[-0.359231,0.773704,0.521858]],"s":0.287364,"sphereCenter":[24.644,83.3312,32.2196],"sphereRadius":82.4941,"t":[-7.13405,-2.58479,44.596]}],"id":24743,"pointables":[{"direction":[-0.359191,-0.00210715,-0.933262],"handId":10,"id":2,"length":75.4528,"tipPosition":[32.7182,163.824,1.85859],"tipVelocity":[33.8039,79.2993,-30.9138],"tool":false},{"direction":[-0.386413,-0.0135638,-0.922226],"handId":10,"id":3,"length":77.3803,"tipPosition":[4.92181,164.695,4.30026],"tipVelocity":[21.5959,67.673,-54.2372],"tool":false},{"direction":[-0.326852,0.288862,-0.899848],"handId":10,"id":4,"length":57.3473,"tipPosition":[59.1426,157.519,15.7134],"tipVelocity":[14.1914,44.3559,-31.9937],"tool":false},{"direction":[-0.405982,-0.170556,-0.897825],"handId":10,"id":1,"length":66.1876,"tipPosition":[-18.1527,152.454,27.5434],"tipVelocity":[22.3351,22.8416,-48.1744],"tool":false},{"direction":[-0.683446,0.531897,-0.499988],"handId":10,"id":6,"length":34.9471,"tipPosition":[-21.1665,111.347,85.0935],"tipVelocity":[8.70208,21.1658,-20.6757],"tool":false}],"r":[[-0.131902,0.020624,0.991048],[-0.735161,-0.672687,-0.0838461],[0.664936,-0.73964,0.103891]],"s":1.56854,"t":[-391.643,-1714.17,914.902],"timestamp":271433349},
{"hands":[{"direction":[-0.294175,0.673395,-0.660429],"id":10,"palmNormal":[-0.285955,-0.71165,-0.619855],"palmPosition":[41.1952,131.715,73.2416],"palmVelocity":[-28.417,-88.3294,46.8903],"r":[[0.819226,-0.0090311,0.573399],[0.448704,0.632749,-0.631106],[-0.357118,0.774305,0.522417]],"s":0.288383,"sphereCenter":[25.0754,84.0035,32.0287],"sphereRadius":82.1367,"t":[-6.91701,-2.1654,44.302]}],"id":24744,"pointables":[{"direction":[-0.35865,0.001136,-0.933471],"handId":10,"id":2,"length":75.5008,"tipPosition":[33.1047,164.621,1.70786],"tipVelocity":[42.6159,87.8864,-16.6198],"tool":false},{"direction":[-0.385866,-0.00959455,-0.922505],"handId":10,"id":3,"length":77.3787,"tipPosition":[5.21229,165.489,3.9464],"tipVelocity":[32.0301,87.5313,-39.019],"tool":false},{"direction":[-0.325621,0.292033,-0.899271],"handId":10,"id":4,"length":57.3335,"tipPosition":[59.2861,157.994,15.4167],"tipVelocity":[15.8223,52.3995,-32.7216],"tool":false},{"direction":[-0.405416,-0.169557,-0.89827],"handId":10,"id":1,"length":66.1257,"tipPosition":[-17.9012,152.688,27.1089],"tipVelocity":[27.7259,25.791,-47.9092],"tool":false},{"direction":[-0.682626,0.532717,-0.500234],"handId":10,"id":6,"length":35.1203,"tipPosition":[-21.321,111.742,84.6811],"tipVelocity":[-17.0413,43.5555,-45.4715],"tool":false}],"r":[[-0.1335,0.0216604,0.990812],[-0.735716,-0.672006,-0.0844379],[0.664003,-0.740228,0.105649]],"s":1.56961,"t":[-391.429,-1713.75,914.611],"timestamp":271442418},
{"hands":[{"direction":[-0.299152,0.685273,-0.645962],"id":10,"palmNormal":[-0.277709,-0.699484,-0.63761],"palmPosition":[40.976,131.221,73.445],"palmVelocity":[-24.3175,-54.805,22.5712],"r":[[0.820415,-0.0107776,0.571667],[0.448793,0.631624,-0.632167],[-0.354265,0.7752,0.523031]],"s":0.289486,"sphereCenter":[25.4629,84.7174,31.7626],"sphereRadius":81.7905,"t":[-6.66357,-1.69534,44.0395]}],"id":24745,"pointables":[{"direction":[-0.357888,0.00469165,-0.933753],"handId":10,"id":2,"length":75.538,"tipPosition":[33.5806,165.544,1.61171],"tipVelocity":[52.7847,102.445,-10.666],"tool":false},{"direction":[-0.385066,-0.00485,-0.922876],"handId":10,"id":3,"length":77.4429,"tipPosition":[5.58532,166.381,3.7153],"tipVelocity":[41.379,98.8982,-25.6347],"tool":false},{"direction":[-0.323941,0.296452,-0.898431],"handId":10,"id":4,"length":57.2947,"tipPosition":[59.5759,158.514,15.4216],"tipVelocity":[32.1516,57.7628,0.550359],"tool":false},{"direction":[-0.404605,-0.167803,-0.898964],"handId":10,"id":1,"length":66.0413,"tipPosition":[-17.618,152.984,26.5979],"tipVelocity":[31.4186,32.7635,-56.6824],"tool":false},{"direction":[-0.681812,0.533688,-0.50031],"handId":10,"id":6,"length":35.2996,"tipPosition":[-21.4307,112.121,84.2279],"tipVelocity":[-12.1632,42.0141,-50.2734],"tool":false}],"r":[[-0.135494,0.0232438,0.990506],[-0.736601,-0.670962,-0.0850163],[0.662616,-0.741127,0.108033]],"s":1.57074,"t":[-391.176,-1713.28,914.351],"timestamp":271451433},
{"hands":[{"direction":[-0.304355,0.696477,-0.631608],"id":10,"palmNormal":[-0.268895,-0.687312,-0.654779],"palmPosition":[40.9001,130.42,73.9057],"palmVelocity":[-8.19937,-86.4346,49.7463],"r":[[0.821629,-0.0130723,0.569872],[0.449319,0.630048,-0.633366],[-0.350767,0.776446,0.523539]],"s":0.290553,"sphereCenter":[25.9126,85.1758,31.3896],"sphereRadius":81.703,"t":[-6.36312,-1.103,43.8379]}],"id":24746,"pointables":[{"direction":[-0.356869,0.00956565,-0.934106],"handId":10,"id":2,"length":75.5482,"tipPosition":[34.1101,166.58,1.53436],"tipVelocity":[57.1798,111.794,-8.35242],"tool":false},{"direction":[-0.384004,0.0000751177,-0.923332],"handId":10,"id":3,"length":77.4085,"tipPosition":[6.0351,167.336,3.57468],"tipVelocity":[48.5678,103.196,-15.184],"tool":false},{"direction":[-0.322229,0.301437,-0.897387],"handId":10,"id":4,"length":57.2372,"tipPosition":[59.8685,159.229,15.3318],"tipVelocity":[31.5933,77.1666,-9.7011],"tool":false},{"direction":[-0.403548,-0.166165,-0.899743],"handId":10,"id":1,"length":66.0544,"tipPosition":[-17.2705,153.271,26.075],"tipVelocity":[37.5185,31.015,-56.4672],"tool":false},{"direction":[-0.681181,0.534079,-0.500752],"handId":10,"id":6,"length":35.4785,"tipPosition":[-21.4936,112.466,83.7253],"tipVelocity":[-6.79906,37.2093,-54.2687],"tool":false}],"r":[[-0.137612,0.0253809,0.990161],[-0.737908,-0.669477,-0.0853935],[0.660723,-0.742399,0.110857]],"s":1.57184,"t":[-390.876,-1712.68,914.15],"timestamp":271460694},
{"hands":[{"direction":[-0.309021,0.706175,-0.619144],"id":10,"palmNormal":[-0.261134,-0.677009,-0.669466],"palmPosition":[40.8832,129.756,74.3007],"palmVelocity":[-1.83723,-72.2181,42.9483],"r":[[0.822843,-0.0160628,0.568041],[0.45039,0.627976,-0.634661],[-0.346522,0.778067,0.52396]],"s":0.291885,"sphereCenter":[26.4003,85.6227,30.9522],"sphereRadius":81.674,"t":[-6.0296,-0.330541,43.512]}],"id":24747,"pointables":[{"direction":[-0.355588,0.0151097,-0.934521],"handId":10,"id":2,"length":75.556,"tipPosition":[34.7068,167.793,1.51665],"tipVelocity":[64.8793,131.897,-1.92514],"tool":false},{"direction":[-0.383153,0.00596129,-0.923665],"handId":10,"id":3,"length":77.4536,"tipPosition":[6.40171,168.455,3.1245],"tipVelocity":[39.8612,121.666,-48.949],"tool":false},{"direction":[-0.32006,0.308057,-0.895914],"handId":10,"id":4,"length":57.2417,"tipPosition":[60.224,160.182,15.2216],"tipVelocity":[38.6527,103.573,-11.9848],"tool":false},{"direction":[-0.402262,-0.164969,-0.900539],"handId":10,"id":1,"length":66.0584,"tipPosition":[-16.8605,153.564,25.5488],"tipVelocity":[44.5881,31.8457,-57.2097],"tool":false},{"direction":[-0.680581,0.534263,-0.501372],"handId":10,"id":6,"length":35.7045,"tipPosition":[-21.6101,112.859,83.0734],"tipVelocity":[-12.6687,42.7819,-70.8769],"tool":false}],"r":[[-0.139821,0.0282188,0.989775],[-0.739681,-0.667509,-0.0854606],[0.658272,-0.744067,0.114205]],"s":1.57319,"t":[-390.543,-1711.91,913.825],"timestamp":271469891},
{"hands":[{"direction":[-0.31248,0.714888,-0.608323],"id":10,"palmNormal":[-0.254033,-0.667919,-0.682403],"palmPosition":[40.9175,129.235,74.5857],"palmVelocity":[3.80444,-57.7422,31.5643],"r":[[0.82401,-0.0197993,0.566228],[0.452116,0.625291,-0.636083],[-0.341464,0.78014,0.524198]],"s":0.293505,"sphereCenter":[26.8931,86.0715,30.4062],"sphereRadius":81.698,"t":[-5.63911,0.547709,43.2339]}],"id":24748,"pointables":[{"direction":[-0.354092,0.0212527,-0.934969],"handId":10,"id":2,"length":75.5486,"tipPosition":[35.3295,169.088,1.55751],"tipVelocity":[68.9791,143.453,4.52548],"tool":false},{"direction":[-0.382138,0.0129224,-0.924015],"handId":10,"id":3,"length":77.4924,"tipPosition":[6.84916,169.697,2.89408],"tipVelocity":[49.5687,137.514,-25.5255],"tool":false},{"direction":[-0.317709,0.315526,-0.89415],"handId":10,"id":4,"length":57.2375,"tipPosition":[60.7146,161.166,15.4092],"tipVelocity":[54.3506,109.011,20.7893],"tool":false},{"direction":[-0.400943,-0.16368,-0.901362],"handId":10,"id":1,"length":66.054,"tipPosition":[-16.4136,153.863,25.0452],"tipVelocity":[49.5034,33.1234,-55.7928],"tool":false},{"direction":[-0.680091,0.532885,-0.503498],"handId":10,"id":6,"length":35.9149,"tipPosition":[-21.5648,113.153,82.4668],"tipVelocity":[5.02249,32.5662,-67.2059],"tool":false}],"r":[[-0.142045,0.0318096,0.989349],[-0.742022,-0.664945,-0.0851561],[0.655154,-0.746215,0.118056]],"s":1.57482,"t":[-390.153,-1711.03,913.547],"timestamp":271478918},
{"hands":[{"direction":[-0.314329,0.722921,-0.599004],"id":10,"palmNormal":[-0.248953,-0.659919,-0.693394],"palmPosition":[40.9407,129.114,74.5783],"palmVelocity":[2.52579,-13.1655,-0.798344],"r":[[0.824942,-0.0241434,0.564702],[0.454619,0.621988,-0.637536],[-0.335846,0.782654,0.52408]],"s":0.295303,"sphereCenter":[27.3417,86.5997,29.7495],"sphereRadius":81.7295,"t":[-5.21116,1.59366,43.0203]}],"id":24749,"pointables":[{"direction":[-0.352063,0.0291253,-0.935523],"handId":10,"id":2,"length":75.4948,"tipPosition":[35.9098,170.613,1.40854],"tipVelocity":[63.0949,165.808,-16.1974],"tool":false},{"direction":[-0.380927,0.0203357,-0.924381],"handId":10,"id":3,"length":77.5129,"tipPosition":[7.34744,171.007,2.88059],"tipVelocity":[54.1775,142.514,-1.46723],"tool":false},{"direction":[-0.315343,0.323254,-0.892225],"handId":10,"id":4,"length":57.2004,"tipPosition":[61.18,162.379,15.3981],"tipVelocity":[50.6035,131.962,-1.2105],"tool":false},{"direction":[-0.399218,-0.161725,-0.90248],"handId":10,"id":1,"length":66.0427,"tipPosition":[-15.9915,154.182,24.4082],"tipVelocity":[45.9004,34.6915,-69.258],"tool":false},{"direction":[-0.679591,0.532382,-0.504703],"handId":10,"id":6,"length":36.1464,"tipPosition":[-21.4985,113.469,81.8192],"tipVelocity":[7.20952,34.3718,-70.4057],"tool":false}],"r":[[-0.143948,0.0360315,0.988929],[-0.744943,-0.661777,-0.0843219],[0.651413,-0.748834,0.122103]],"s":1.57662,"t":[-389.725,-1709.99,913.333],"timestamp":271488115},
{"hands":[{"direction":[-0.316469,0.730517,-0.589694],"id":10,"palmNormal":[-0.243753,-0.651881,-0.704001],"palmPosition":[41.0108,128.884,74.6447],"palmVelocity":[7.6638,-25.1046,7.25804],"r":[[0.825638,-0.0291427,0.563447],[0.457874,0.61812,-0.638967],[-0.329657,0.785543,0.523687]],"s":0.297728,"sphereCenter":[27.8246,87.0608,28.9861],"sphereRadius":81.8684,"t":[-4.77817,2.70909,42.7585]}],"id":24750,"pointables":[{"direction":[-0.349979,0.0375354,-0.936005],"handId":10,"id":2,"length":75.439,"tipPosition":[36.5143,172.132,1.41633],"tipVelocity":[66.109,166.15,0.851911],"tool":false},{"direction":[-0.379555,0.0285891,-0.924727],"handId":10,"id":3,"length":77.5192,"tipPosition":[7.74778,172.329,2.57051],"tipVelocity":[43.7826,144.527,-33.9103],"tool":false},{"direction":[-0.312586,0.332511,-0.88979],"handId":10,"id":4,"length":57.143,"tipPosition":[61.7756,163.564,15.7638],"tipVelocity":[65.1336,129.582,39.994],"tool":false},{"direction":[-0.397604,-0.159503,-0.903587],"handId":10,"id":1,"length":66.0265,"tipPosition":[-15.5534,154.578,23.8735],"tipVelocity":[47.9047,43.3726,-58.4772],"tool":false},{"direction":[-0.680323,0.53041,-0.505793],"handId":10,"id":6,"length":36.2636,"tipPosition":[-21.2421,113.653,81.2554],"tipVelocity":[28.0371,20.0936,-61.6635],"tool":false}],"r":[[-0.14554,0.0409301,0.988505],[-0.748387,-0.658056,-0.0829391],[0.647097,-0.751856,0.126405]],"s":1.57905,"t":[-389.292,-1708.87,913.071],"timestamp":271497259},
{"hands":[{"direction":[-0.31656,0.737634,-0.581958],"id":10,"palmNormal":[-0.240244,-0.6448,-0.712993],"palmPosition":[41.0599,129.166,74.346],"palmVelocity":[5.37643,30.9516,-32.733],"r":[[0.826178,-0.0346516,0.562343],[0.461672,0.613738,-0.640456],[-0.322939,0.788749,0.523055]],"s":0.300038,"sphereCenter":[28.2699,87.7577,28.2307],"sphereRadius":81.8463,"t":[-4.31171,3.91312,42.5426]}],"id":24751,"pointables":[{"direction":[-0.348025,0.0466577,-0.936324],"handId":10,"id":2,"length":75.4252,"tipPosition":[37.1389,173.751,1.52071],"tipVelocity":[68.4525,177.433,11.439],"tool":false},{"direction":[-0.377721,0.0372037,-0.925172],"handId":10,"id":3,"length":77.4954,"tipPosition":[8.18165,173.622,2.40055],"tipVelocity":[47.5472,141.658,-18.6258],"tool":false},{"direction":[-0.30946,0.34252,-0.887082],"handId":10,"id":4,"length":57.0528,"tipPosition":[62.2755,164.928,15.8717],"tipVelocity":[54.7863,149.467,11.8268],"tool":false},{"direction":[-0.396764,-0.157676,-0.904277],"handId":10,"id":1,"length":65.9555,"tipPosition":[-15.0308,154.94,23.597],"tipVelocity":[57.2695,39.6584,-30.3026],"tool":false},{"direction":[-0.680254,0.529266,-0.507082],"handId":10,"id":6,"length":36.4273,"tipPosition":[-21.2157,114.025,80.4654],"tipVelocity":[2.89167,40.8144,-86.5737],"tool":false}],"r":[[-0.146951,0.0463514,0.988057],[-0.752267,-0.653835,-0.0812104],[0.642262,-0.755216,0.130951]],"s":1.58137,"t":[-388.825,-1707.67,912.856],"timestamp":271506384},
{"hands":[{"direction":[-0.317753,0.743825,-0.574568],"id":10,"palmNormal":[-0.23577,-0.638305,-0.721448],"palmPosition":[41.187,129.009,74.3868],"palmVelocity":[13.7578,-17.0747,4.41415],"r":[[0.826681,-0.0407104,0.561197],[0.465836,0.608925,-0.642034],[-0.315589,0.792183,0.52235]],"s":0.302213,"sphereCenter":[28.723,88.5962,27.5099],"sphereRadius":81.7274,"t":[-3.8557,5.16798,42.393]}],"id":24752,"pointables":[{"direction":[-0.345818,0.0575823,-0.936533],"handId":10,"id":2,"length":75.4294,"tipPosition":[37.7423,175.284,1.67633],"tipVelocity":[65.305,165.991,16.8438],"tool":false},{"direction":[-0.376149,0.0464916,-0.925392],"handId":10,"id":3,"length":77.4897,"tipPosition":[8.62721,174.927,2.31717],"tipVelocity":[48.226,141.323,-9.02494],"tool":false},{"direction":[-0.305988,0.353373,-0.884024],"handId":10,"id":4,"length":56.9839,"tipPosition":[62.749,166.259,16.0374],"tipVelocity":[51.2486,144.039,17.9336],"tool":false},{"direction":[-0.394959,-0.155123,-0.905508],"handId":10,"id":1,"length":65.9322,"tipPosition":[-14.6531,155.278,22.9803],"tipVelocity":[40.8848,36.5491,-66.743],"tool":false},{"direction":[-0.679933,0.528564,-0.508243],"handId":10,"id":6,"length":36.6512,"tipPosition":[-21.1911,114.428,79.645],"tipVelocity":[2.66809,43.6138,-88.7992],"tool":false}],"r":[[-0.148406,0.0523231,0.987541],[-0.756481,-0.649192,-0.0792861],[0.636956,-0.758823,0.135925]],"s":1.58355,"t":[-388.369,-1706.41,912.706],"timestamp":271515623},
{"hands":[{"direction":[-0.318667,0.749868,-0.567238],"id":10,"palmNormal":[-0.23182,-0.6317,-0.72953],"palmPosition":[41.3018,128.966,74.3289],"palmVelocity":[12.5273,-4.69254,-6.31348],"r":[[0.827053,-0.047169,0.560141],[0.47036,0.603716,-0.643652],[-0.307806,0.795803,0.521491]],"s":0.304644,"sphereCenter":[29.1613,89.4814,26.7752],"sphereRadius":81.5866,"t":[-3.40032,6.33832,42.2929]}],"id":24753,"pointables":[{"direction":[-0.343846,0.067064,-0.936628],"handId":10,"id":2,"length":75.4631,"tipPosition":[38.3019,176.738,1.82123],"tipVelocity":[61.0465,158.553,15.8074],"tool":false},{"direction":[-0.374642,0.0561133,-0.92547],"handId":10,"id":3,"length":77.5028,"tipPosition":[9.08196,176.225,2.26671],"tipVelocity":[49.6066,141.557,-5.50456],"tool":false},{"direction":[-0.303066,0.364874,-0.880351],"handId":10,"id":4,"length":56.8716,"tipPosition":[63.3202,167.345,16.66],"tipVelocity":[62.3108,118.45,67.9176],"tool":false},{"direction":[-0.393549,-0.152904,-0.906499],"handId":10,"id":1,"length":65.9101,"tipPosition":[-14.2358,155.616,22.56],"tipVelocity":[45.5238,36.885,-45.8501],"tool":false},{"direction":[-0.680651,0.526613,-0.509307],"handId":10,"id":6,"length":36.7751,"tipPosition":[-20.8973,114.616,79.0411],"tipVelocity":[32.0505,20.4526,-65.8797],"tool":false}],"r":[[-0.149732,0.0587031,0.986982],[-0.760989,-0.644163,-0.0771339],[0.63125,-0.762632,0.141124]],"s":1.58598,"t":[-387.914,-1705.24,912.606],"timestamp":271524790},
{"hands":[{"direction":[-0.316874,0.755498,-0.561882],"id":10,"palmNormal":[-0.229947,-0.62632,-0.735842],"palmPosition":[41.3832,129.4,73.9037],"palmVelocity":[8.69347,46.3252,-45.3999],"r":[[0.827472,-0.0541498,0.55889],[0.475014,0.598263,-0.645324],[-0.299419,0.799468,0.520768]],"s":0.307155,"sphereCenter":[29.5906,90.3993,26.0191],"sphereRadius":81.4609,"t":[-2.95854,7.55266,42.1961]}],"id":24754,"pointables":[{"direction":[-0.341448,0.0793135,-0.936548],"handId":10,"id":2,"length":75.4933,"tipPosition":[38.8316,178.186,1.92703],"tipVelocity":[56.5642,154.585,11.2964],"tool":false},{"direction":[-0.372704,0.0657378,-0.925619],"handId":10,"id":3,"length":77.536,"tipPosition":[9.51014,177.483,2.17321],"tipVelocity":[45.7216,134.366,-9.98374],"tool":false},{"direction":[-0.299536,0.376572,-0.876625],"handId":10,"id":4,"length":56.8163,"tipPosition":[63.8594,168.642,17.0709],"tipVelocity":[57.576,138.541,43.8789],"tool":false},{"direction":[-0.391715,-0.150443,-0.907704],"handId":10,"id":1,"length":65.8594,"tipPosition":[-13.9537,155.849,21.8306],"tipVelocity":[30.118,24.8663,-77.8835],"tool":false},{"direction":[-0.68029,0.525634,-0.510797],"handId":10,"id":6,"length":37.0065,"tipPosition":[-20.9099,115.047,78.2105],"tipVelocity":[-1.34146,46.0003,-88.6928],"tool":false}],"r":[[-0.151265,0.0655956,0.986314],[-0.765635,-0.638896,-0.0749305],[0.625237,-0.766492,0.146865]],"s":1.58849,"t":[-387.472,-1704.03,912.509],"timestamp":271534155},
{"hands":[{"direction":[-0.318039,0.760245,-0.555812],"id":10,"palmNormal":[-0.226311,-0.621034,-0.742321],"palmPosition":[41.5355,129.258,73.9092],"palmVelocity":[17.093,-15.8344,0.616576],"r":[[0.827904,-0.0613645,0.557503],[0.479675,0.5926,-0.647099],[-0.290668,0.803156,0.520051]],"s":0.309615,"sphereCenter":[30.0198,91.3983,25.3353],"sphereRadius":81.265,"t":[-2.5101,8.75598,42.1497]}],"id":24755,"pointables":[{"direction":[-0.339019,0.0913885,-0.93633],"handId":10,"id":2,"length":75.5029,"tipPosition":[39.3537,179.562,2.10002],"tipVelocity":[58.6268,154.612,19.4272],"tool":false},{"direction":[-0.370691,0.0768475,-0.925571],"handId":10,"id":3,"length":77.5555,"tipPosition":[9.96524,178.832,2.17707],"tipVelocity":[51.1062,151.424,0.433464],"tool":false},{"direction":[-0.296056,0.388326,-0.87267],"handId":10,"id":4,"length":56.7352,"tipPosition":[64.3153,169.835,17.3808],"tipVelocity":[51.1951,133.892,34.7994],"tool":false},{"direction":[-0.389763,-0.148347,-0.908888],"handId":10,"id":1,"length":65.8788,"tipPosition":[-13.6574,156.077,21.2194],"tipVelocity":[33.2717,25.5987,-68.6381],"tool":false},{"direction":[-0.679881,0.52478,-0.512218],"handId":10,"id":6,"length":37.2443,"tipPosition":[-20.913,115.463,77.4099],"tipVelocity":[-0.352915,46.7957,-89.9024],"tool":false}],"r":[[-0.152921,0.0727161,0.985559],[-0.770373,-0.633424,-0.0727977],[0.618983,-0.770381,0.152883]],"s":1.59095,"t":[-387.024,-1702.82,912.463],"timestamp":271543060},
{"hands":[{"direction":[-0.318637,0.764333,-0.550878],"id":10,"palmNormal":[-0.223222,-0.616748,-0.74769],"palmPosition":[41.692,129.139,73.8898],"palmVelocity":[17.2955,-13.1523,-2.14675],"r":[[0.828174,-0.0687058,0.556243],[0.484469,0.586775,-0.648834],[-0.281811,0.80683,0.519238]],"s":0.312541,"sphereCenter":[30.4329,92.3762,24.6098],"sphereRadius":81.1136,"t":[-2.10172,10.0092,41.9898]}],"id":24756,"pointables":[{"direction":[-0.368763,0.0882276,-0.925327],"handId":10,"id":3,"length":77.5567,"tipPosition":[10.3336,180.325,1.90378],"tipVelocity":[40.6994,164.997,-30.1975],"tool":false},{"direction":[-0.336399,0.104452,-0.935909],"handId":10,"id":2,"length":75.4754,"tipPosition":[39.8724,180.917,2.31089],"tipVelocity":[57.3169,149.633,23.2997],"tool":false},{"direction":[-0.292183,0.400502,-0.868463],"handId":10,"id":4,"length":56.6337,"tipPosition":[64.7452,171.138,17.5148],"tipVelocity":[47.5056,143.992,14.8052],"tool":false},{"direction":[-0.388036,-0.145646,-0.910063],"handId":10,"id":1,"length":65.8755,"tipPosition":[-13.402,156.252,20.6228],"tipVelocity":[28.226,19.3093,-65.9253],"tool":false},{"direction":[-0.679605,0.523488,-0.513904],"handId":10,"id":6,"length":37.352,"tipPosition":[-20.8871,115.808,76.6622],"tipVelocity":[2.86497,38.0414,-82.6182],"tool":false}],"r":[[-0.154385,0.0799737,0.984769],[-0.77518,-0.627789,-0.0705443],[0.612585,-0.774264,0.158916]],"s":1.59388,"t":[-386.615,-1701.57,912.303],"timestamp":271552110},
{"hands":[{"direction":[-0.318446,0.768324,-0.54637],"id":10,"palmNormal":[-0.220681,-0.612575,-0.752647],"palmPosition":[41.8059,129.171,73.7457],"palmVelocity":[12.2406,3.41546,-15.4824],"r":[[0.82854,-0.0760841,0.554736],[0.489053,0.580786,-0.65078],[-0.272669,0.810493,0.518413]],"s":0.31578,"sphereCenter":[30.8337,93.3679,23.9327],"sphereRadius":80.9378,"t":[-1.67733,11.065,41.9012]}],"id":24757,"pointables":[{"direction":[-0.366794,0.100475,-0.92486],"handId":10,"id":3,"length":77.5402,"tipPosition":[10.7739,181.799,1.88639],"tipVelocity":[47.3325,158.483,-1.86993],"tool":false},{"direction":[-0.334118,0.117055,-0.935235],"handId":10,"id":2,"length":75.3496,"tipPosition":[40.4023,182.257,2.60997],"tipVelocity":[56.9548,144.053,32.1459],"tool":false},{"direction":[-0.288228,0.41325,-0.863799],"handId":10,"id":4,"length":56.5137,"tipPosition":[65.2094,171.996,17.9107],"tipVelocity":[49.8865,92.2597,42.5477],"tool":false},{"direction":[-0.386109,-0.14371,-0.91119],"handId":10,"id":1,"length":65.8729,"tipPosition":[-13.2028,156.416,20.0275],"tipVelocity":[21.407,17.7201,-63.9847],"tool":false},{"direction":[-0.679301,0.522212,-0.515602],"handId":10,"id":6,"length":37.4632,"tipPosition":[-20.8541,116.131,75.9796],"tipVelocity":[3.54506,34.799,-73.367],"tool":false}],"r":[[-0.1561,0.087255,0.98388],[-0.780009,-0.621997,-0.0685928],[0.605985,-0.778143,0.165153]],"s":1.59712,"t":[-386.191,-1700.52,912.214],"timestamp":271561414},
{"hands":[{"direction":[-0.315694,0.772957,-0.542192],"id":10,"palmNormal":[-0.220523,-0.607945,-0.757138],"palmPosition":[41.8583,129.555,73.3002],"palmVelocity":[5.76491,42.1635,-48.9877],"r":[[0.828978,-0.083161,0.553064],[0.493297,0.574694,-0.652982],[-0.26354,0.814132,0.517432]],"s":0.319601,"sphereCenter":[31.1657,94.4836,23.3157],"sphereRadius":80.6489,"t":[-1.25965,11.8979,41.7819]}],"id":24758,"pointables":[{"direction":[-0.36508,0.115078,-0.923837],"handId":10,"id":3,"length":77.5247,"tipPosition":[11.1937,183.493,1.73639],"tipVelocity":[46.1542,186.223,-16.4922],"tool":false},{"direction":[-0.331232,0.131965,-0.934275],"handId":10,"id":2,"length":75.2677,"tipPosition":[40.9738,183.663,3.00447],"tipVelocity":[62.8393,154.568,43.3754],"tool":false},{"direction":[-0.284831,0.424064,-0.859675],"handId":10,"id":4,"length":56.3715,"tipPosition":[65.6204,172.606,18.0163],"tipVelocity":[45.1893,67.0644,11.6095],"tool":false},{"direction":[-0.384289,-0.141823,-0.912255],"handId":10,"id":1,"length":65.8771,"tipPosition":[-13.0269,156.596,19.5125],"tipVelocity":[19.3411,19.7415,-56.6195],"tool":false},{"direction":[-0.678984,0.520303,-0.517943],"handId":10,"id":6,"length":37.6995,"tipPosition":[-20.8146,116.422,75.3692],"tipVelocity":[4.33892,31.976,-67.1139],"tool":false}],"r":[[-0.157972,0.0942262,0.982938],[-0.784801,-0.616109,-0.0670672],[0.599277,-0.782005,0.171277]],"s":1.60094,"t":[-385.773,-1699.68,912.095],"timestamp":271570509},
{"hands":[{"direction":[-0.314745,0.776607,-0.538315],"id":10,"palmNormal":[-0.218897,-0.60413,-0.761285],"palmPosition":[41.9947,129.384,73.284],"palmVelocity":[14.7327,-18.3985,-1.74958],"r":[[0.829641,-0.0894591,0.551083],[0.496824,0.568576,-0.655657],[-0.254678,0.817752,0.51616]],"s":0.323666,"sphereCenter":[31.4435,95.7437,22.8317],"sphereRadius":80.2334,"t":[-0.788154,12.4721,41.6509]}],"id":24759,"pointables":[{"direction":[-0.36303,0.131104,-0.922508],"handId":10,"id":3,"length":77.5175,"tipPosition":[11.8022,185.236,2.10821],"tipVelocity":[65.7014,188.179,40.149],"tool":false},{"direction":[-0.327955,0.146319,-0.933293],"handId":10,"id":2,"length":75.1995,"tipPosition":[41.4991,184.969,3.3267],"tipVelocity":[56.7209,141.015,34.7945],"tool":false},{"direction":[-0.28024,0.435183,-0.855617],"handId":10,"id":4,"length":56.2479,"tipPosition":[66.19,172.75,17.8737],"tipVelocity":[61.505,15.5727,-15.3963],"tool":false},{"direction":[-0.382757,-0.139489,-0.913258],"handId":10,"id":1,"length":65.8835,"tipPosition":[-12.8766,156.789,19.1005],"tipVelocity":[16.2318,20.8834,-44.4954],"tool":false},{"direction":[-0.678699,0.518702,-0.519919],"handId":10,"id":6,"length":37.927,"tipPosition":[-20.7674,116.738,74.8035],"tipVelocity":[5.09625,34.0799,-61.0787],"tool":false}],"r":[[-0.160185,0.1004,0.981968],[-0.789459,-0.610203,-0.0663918],[0.592534,-0.785858,0.177007]],"s":1.60501,"t":[-385.302,-1699.11,911.964],"timestamp":271579770},
{"hands":[{"direction":[-0.312515,0.780188,-0.535147],"id":10,"palmNormal":[-0.218401,-0.600655,-0.764752],"palmPosition":[42.1292,129.175,73.2847],"palmVelocity":[14.7177,-22.9217,0.0781557],"r":[[0.830682,-0.0945225,0.548664],[0.499267,0.562569,-0.658976],[-0.246373,0.821329,0.514508]],"s":0.328683,"sphereCenter":[31.6217,97.1166,22.4543],"sphereRadius":79.7044,"t":[-0.31279,12.9322,41.4401]}],"id":24760,"pointables":[{"direction":[-0.360481,0.148547,-0.920862],"handId":10,"id":3,"length":77.5316,"tipPosition":[12.4817,187.257,2.54056],"tipVelocity":[74.4033,221.329,47.339],"tool":false},{"direction":[-0.324101,0.161954,-0.932056],"handId":10,"id":2,"length":75.1487,"tipPosition":[41.9783,186.364,3.37616],"tipVelocity":[52.4729,152.773,5.41504],"tool":false},{"direction":[-0.27497,0.444427,-0.85257],"handId":10,"id":4,"length":56.197,"tipPosition":[67.1215,172.339,17.4964],"tipVelocity":[101.996,-45.0176,-41.3081],"tool":false},{"direction":[-0.381302,-0.13643,-0.914328],"handId":10,"id":1,"length":65.8143,"tipPosition":[-12.7835,157.131,18.8098],"tipVelocity":[10.1904,37.403,-31.8305],"tool":false},{"direction":[-0.67863,0.517316,-0.521389],"handId":10,"id":6,"length":38.208,"tipPosition":[-20.6985,117.084,74.2551],"tipVelocity":[7.54807,37.8767,-60.0522],"tool":false}],"r":[[-0.162913,0.105312,0.981004],[-0.793851,-0.604416,-0.0669486],[0.585884,-0.789678,0.182069]],"s":1.61002,"t":[-384.827,-1698.65,911.753],"timestamp":271588903},
{"hands":[{"direction":[-0.30895,0.783651,-0.532768],"id":10,"palmNormal":[-0.219497,-0.597635,-0.767331],"palmPosition":[42.2323,129.11,73.144],"palmVelocity":[11.1502,-7.03057,-15.2115],"r":[[0.832382,-0.0977926,0.545507],[0.500058,0.556871,-0.663202],[-0.23892,0.824822,0.512431]],"s":0.334995,"sphereCenter":[31.6793,98.5925,22.136],"sphereRadius":79.0812,"t":[0.250717,13.4565,41.268]}],"id":24761,"pointables":[{"direction":[-0.357447,0.167782,-0.918739],"handId":10,"id":3,"length":77.5694,"tipPosition":[13.168,189.518,2.79667],"tipVelocity":[74.2054,244.395,27.6904],"tool":false},{"direction":[-0.319695,0.179346,-0.930393],"handId":10,"id":2,"length":75.1166,"tipPosition":[42.63,187.562,3.75357],"tipVelocity":[70.4565,129.563,40.8056],"tool":false},{"direction":[-0.267373,0.451682,-0.851173],"handId":10,"id":4,"length":56.1361,"tipPosition":[68.4217,171.237,16.4828],"tipVelocity":[140.58,-119.174,-109.593],"tool":false},{"direction":[-0.380481,-0.132356,-0.915268],"handId":10,"id":1,"length":65.7585,"tipPosition":[-12.7407,157.719,18.6764],"tipVelocity":[4.63474,63.6219,-14.4134],"tool":false},{"direction":[-0.678511,0.515922,-0.522923],"handId":10,"id":6,"length":38.3741,"tipPosition":[-20.6025,117.484,73.7228],"tipVelocity":[10.3809,43.3112,-57.5482],"tool":false}],"r":[[-0.166541,0.108383,0.98006],[-0.797782,-0.598946,-0.0693309],[0.579489,-0.793421,0.186215]],"s":1.61634,"t":[-384.263,-1698.12,911.581],"timestamp":271598152},
{"hands":[{"direction":[-0.301719,0.787737,-0.53115],"id":10,"palmNormal":[-0.223707,-0.59418,-0.769186],"palmPosition":[42.2463,129.585,72.5341],"palmVelocity":[1.55213,52.7421,-67.7514],"r":[[0.835088,-0.0985974,0.541208],[0.498481,0.551756,-0.668642],[-0.232688,0.828157,0.509914]],"s":0.343015,"sphereCenter":[31.6387,99.9918,22.0082],"sphereRadius":78.4625,"t":[0.911951,14.1702,41.1778]}],"id":24762,"pointables":[{"direction":[-0.354043,0.189956,-0.915735],"handId":10,"id":3,"length":77.6343,"tipPosition":[13.927,191.916,3.1011],"tipVelocity":[84.3102,266.383,33.8183],"tool":false},{"direction":[-0.314695,0.197466,-0.928426],"handId":10,"id":2,"length":75.1317,"tipPosition":[43.4108,188.634,3.93023],"tipVelocity":[86.7365,119.082,19.6251],"tool":false},{"direction":[-0.257479,0.455243,-0.852325],"handId":10,"id":4,"length":56.0494,"tipPosition":[70.0599,169.07,14.9099],"tipVelocity":[181.982,-240.693,-174.722],"tool":false},{"direction":[-0.380514,-0.126785,-0.916043],"handId":10,"id":1,"length":65.7333,"tipPosition":[-12.7757,158.623,18.6682],"tipVelocity":[-3.88979,100.331,-0.916959],"tool":false},{"direction":[-0.678228,0.514915,-0.52428],"handId":10,"id":6,"length":38.545,"tipPosition":[-20.5262,117.915,73.1961],"tipVelocity":[8.47275,47.8936,-58.5139],"tool":false}],"r":[[-0.171566,0.108914,0.979134],[-0.80098,-0.594066,-0.0742691],[0.573581,-0.797009,0.189159]],"s":1.62436,"t":[-383.602,-1697.41,911.491],"timestamp":271607154},
