[
{"hands":[{"direction":[-0.306077,0.73897,-0.598799],"id":1,"palmNormal":[-0.128534,-0.654353,-0.744137],"palmPosition":[33.6738,101.86,55.5013],"palmVelocity":[8.07764,17.0298,4.64215],"r":[[0.943562,-0.218646,-0.248767],[0.174334,0.966524,-0.188255],[0.281601,0.134261,0.950092]],"s":0.909138,"sphereCenter":[28.326,75.4071,30.3319],"sphereRadius":60.2595,"t":[-1.84731,-38.2209,52.7775]}],"id":10322,"pointables":[{"direction":[-0.339124,-0.236495,-0.91053],"handId":1,"id":11,"length":74.9121,"tipPosition":[35.3839,118.641,-14.3082],"tipVelocity":[18.1552,52.9646,9.75469],"tool":false},{"direction":[-0.349275,-0.301326,-0.887248],"handId":1,"id":8,"length":79.5305,"tipPosition":[9.75759,121.654,-13.4841],"tipVelocity":[7.06856,33.3974,-20.7052],"tool":false},{"direction":[-0.292812,0.0405847,-0.955308],"handId":1,"id":7,"length":57.6388,"tipPosition":[60.7479,116.565,-0.170202],"tipVelocity":[16.8841,77.8266,11.1254],"tool":false},{"direction":[-0.323378,-0.323874,-0.889119],"handId":1,"id":6,"length":69.5893,"tipPosition":[-11.4127,119.874,5.03061],"tipVelocity":[15.8379,-92.8065,4.05425],"tool":false},{"direction":[-0.488477,0.295096,-0.821163],"handId":1,"id":9,"length":25.4488,"tipPosition":[-17.7569,96.4445,47.1477],"tipVelocity":[-4.87684,4.87429,7.01813],"tool":false}],"r":[[0.706559,-0.453159,-0.543526],[0.0115061,0.775324,-0.631459],[0.70756,0.43991,0.553026]],"s":2.9511,"t":[-118.46,-1451.96,557.543],"timestamp":138879820},
{"hands":[{"direction":[-0.295093,0.739225,-0.603255],"id":1,"palmNormal":[-0.140161,-0.656402,-0.739562],"palmPosition":[33.7734,102.188,55.5158],"palmVelocity":[10.6361,35.079,1.54637],"r":[[0.942258,-0.2233,-0.249574],[0.178349,0.965372,-0.190391],[0.283446,0.134886,0.949455]],"s":0.910062,"sphereCenter":[28.4272,75.5048,30.1692],"sphereRadius":60.202,"t":[-1.68491,-37.8882,52.8871]}],"id":10323,"pointables":[{"direction":[-0.338641,-0.233693,-0.911433],"handId":1,"id":11,"length":74.9292,"tipPosition":[35.6011,119.112,-14.0536],"tipVelocity":[23.1967,50.2223,27.1885],"tool":false},{"direction":[-0.349138,-0.299264,-0.888],"handId":1,"id":8,"length":79.5503,"tipPosition":[9.91271,122.028,-13.4063],"tipVelocity":[16.5657,39.9853,8.30372],"tool":false},{"direction":[-0.291742,0.0459963,-0.95539],"handId":1,"id":7,"length":57.6038,"tipPosition":[60.9875,117.181,0.229006],"tipVelocity":[25.5864,65.8648,42.6322],"tool":false},{"direction":[-0.322689,-0.32706,-0.888202],"handId":1,"id":6,"length":69.6096,"tipPosition":[-11.1926,118.937,5.1898],"tipVelocity":[23.5067,-100.065,16.9999],"tool":false},{"direction":[-0.490095,0.296799,-0.819583],"handId":1,"id":9,"length":26.6157,"tipPosition":[-17.8949,96.7314,47.2302],"tipVelocity":[-14.7407,30.6339,8.80667],"tool":false}],"r":[[0.705254,-0.457472,-0.541604],[0.0139912,0.772781,-0.634519],[0.708816,0.43992,0.551407]],"s":2.95203,"t":[-118.298,-1451.63,557.653],"timestamp":138889184},
{"hands":[{"direction":[-0.28648,0.73986,-0.606339],"id":1,"palmNormal":[-0.149513,-0.657699,-0.736289],"palmPosition":[33.8886,102.338,55.6842],"palmVelocity":[12.8661,16.7697,18.8159],"r":[[0.94083,-0.228519,-0.250236],[0.182872,0.964043,-0.192819],[0.285301,0.135649,0.94879]],"s":0.91084,"sphereCenter":[28.5898,75.501,30.0415],"sphereRadius":60.224,"t":[-1.51874,-37.5317,52.9817]}],"id":10324,"pointables":[{"direction":[-0.338014,-0.23094,-0.912367],"handId":1,"id":11,"length":74.9494,"tipPosition":[35.7651,119.584,-14.0655],"tipVelocity":[18.324,52.7357,-1.32571],"tool":false},{"direction":[-0.348793,-0.297153,-0.888844],"handId":1,"id":8,"length":79.5717,"tipPosition":[10.1101,122.408,-13.2777],"tipVelocity":[22.0466,42.474,14.3613],"tool":false},{"direction":[-0.290502,0.0516957,-0.955477],"handId":1,"id":7,"length":57.5592,"tipPosition":[61.1575,117.808,0.381874],"tipVelocity":[18.9857,70.0169,17.0765],"tool":false},{"direction":[-0.321389,-0.331427,-0.887054],"handId":1,"id":6,"length":69.6098,"tipPosition":[-10.9887,117.862,5.26937],"tipVelocity":[22.7764,-120.098,8.88925],"tool":false},{"direction":[-0.491434,0.298146,-0.818292],"handId":1,"id":9,"length":27.8031,"tipPosition":[-17.9485,96.8933,47.2786],"tipVelocity":[-5.98748,18.092,5.40989],"tool":false}],"r":[[0.70394,-0.462223,-0.539276],[0.016781,0.769878,-0.63797],[0.710061,0.440043,0.549705]],"s":2.95281,"t":[-118.132,-1451.27,557.747],"timestamp":138898136},
{"hands":[{"direction":[-0.277593,0.739446,-0.61063],"id":1,"palmNormal":[-0.158351,-0.659993,-0.732124],"palmPosition":[33.9767,102.626,55.652],"palmVelocity":[9.77681,31.898,-3.57754],"r":[[0.939271,-0.234338,-0.250708],[0.187905,0.962499,-0.195673],[0.28716,0.136681,0.948081]],"s":0.911695,"sphereCenter":[28.761,75.5488,29.8551],"sphereRadius":60.2055,"t":[-1.33707,-37.1542,53.0834]}],"id":10325,"pointables":[{"direction":[-0.337197,-0.227896,-0.913434],"handId":1,"id":11,"length":74.9249,"tipPosition":[35.9788,120.094,-14.0008],"tipVelocity":[23.712,56.5544,7.1742],"tool":false},{"direction":[-0.34834,-0.294838,-0.889792],"handId":1,"id":8,"length":79.583,"tipPosition":[10.3072,122.807,-13.1689],"tipVelocity":[21.8717,44.2102,12.0709],"tool":false},{"direction":[-0.289218,0.0576904,-0.955523],"handId":1,"id":7,"length":57.5321,"tipPosition":[61.3456,118.435,0.541397],"tipVelocity":[20.8725,69.5838,17.6972],"tool":false},{"direction":[-0.320192,-0.336704,-0.885499],"handId":1,"id":6,"length":69.6068,"tipPosition":[-10.7704,116.75,5.40327],"tipVelocity":[24.2223,-123.367,14.854],"tool":false},{"direction":[-0.492812,0.299222,-0.817069],"handId":1,"id":9,"length":28.9785,"tipPosition":[-17.9347,96.9518,47.3287],"tipVelocity":[1.53586,6.48836,5.56101],"tool":false}],"r":[[0.702635,-0.467423,-0.536488],[0.019813,0.766531,-0.641902],[0.711274,0.440393,0.547853]],"s":2.95366,"t":[-117.95,-1450.89,557.849],"timestamp":138907150},
{"hands":[{"direction":[-0.271852,0.740244,-0.612332],"id":1,"palmNormal":[-0.164112,-0.660562,-0.730436],"palmPosition":[34.0831,102.738,55.786],"palmVelocity":[11.4591,12.0852,14.4312],"r":[[0.937599,-0.240712,-0.25093],[0.19344,0.960751,-0.198843],[0.288945,0.137895,0.947363]],"s":0.913078,"sphereCenter":[28.9922,75.5234,29.711],"sphereRadius":60.2521,"t":[-1.15238,-36.8155,53.1719]}],"id":10326,"pointables":[{"direction":[-0.336152,-0.22461,-0.914632],"handId":1,"id":11,"length":74.8548,"tipPosition":[36.2092,120.596,-13.9428],"tipVelocity":[24.8084,54.0941,6.25164],"tool":false},{"direction":[-0.347772,-0.292475,-0.890793],"handId":1,"id":8,"length":79.5783,"tipPosition":[10.4448,123.107,-13.3083],"tipVelocity":[14.8161,32.2778,-15.0009],"tool":false},{"direction":[-0.287703,0.0638332,-0.95559],"handId":1,"id":7,"length":57.5325,"tipPosition":[61.5436,119.048,0.677629],"tipVelocity":[21.3193,65.954,14.6691],"tool":false},{"direction":[-0.319155,-0.342148,-0.883784],"handId":1,"id":6,"length":69.6216,"tipPosition":[-10.5827,115.635,5.49029],"tipVelocity":[20.2121,-119.993,9.37058],"tool":false},{"direction":[-0.494078,0.300059,-0.815997],"handId":1,"id":9,"length":30.0298,"tipPosition":[-17.8591,96.9413,47.4042],"tipVelocity":[8.1313,-1.13319,8.12754],"tool":false}],"r":[[0.701383,-0.47301,-0.53322],[0.0231346,0.762793,-0.646229],[0.712409,0.440918,0.545953]],"s":2.95504,"t":[-117.765,-1450.55,557.937],"timestamp":138916437},
{"hands":[{"direction":[-0.26456,0.737047,-0.618984],"id":1,"palmNormal":[-0.171949,-0.665501,-0.723738],"palmPosition":[34.1478,103.158,55.5704],"palmVelocity":[7.04245,45.7518,-23.488],"r":[[0.935803,-0.247341,-0.251189],[0.199145,0.958869,-0.202267],[0.290886,0.139259,0.946569]],"s":0.914735,"sphereCenter":[29.1968,75.7082,29.5159],"sphereRadius":60.1388,"t":[-0.966928,-36.4915,53.2419]}],"id":10327,"pointables":[{"direction":[-0.335039,-0.221287,-0.91585],"handId":1,"id":11,"length":74.8517,"tipPosition":[36.4379,121.062,-13.8915],"tipVelocity":[24.9111,50.8304,5.58376],"tool":false},{"direction":[-0.34713,-0.289723,-0.891942],"handId":1,"id":8,"length":79.5765,"tipPosition":[10.605,123.416,-13.3716],"tipVelocity":[17.4535,33.7128,-6.90282],"tool":false},{"direction":[-0.286096,0.0702924,-0.955619],"handId":1,"id":7,"length":57.514,"tipPosition":[61.7508,119.61,0.869201],"tipVelocity":[22.5673,61.2669,20.873],"tool":false},{"direction":[-0.318103,-0.347962,-0.881892],"handId":1,"id":6,"length":69.6451,"tipPosition":[-10.3965,114.64,5.66014],"tipVelocity":[20.2904,-108.508,18.506],"tool":false},{"direction":[-0.49537,0.300784,-0.814947],"handId":1,"id":9,"length":31.0949,"tipPosition":[-17.8589,96.9355,47.3457],"tipVelocity":[0.0260127,-0.625128,-6.36837],"tool":false}],"r":[[0.700016,-0.478823,-0.529817],[0.0264848,0.758806,-0.650778],[0.713636,0.441523,0.543858]],"s":2.9567,"t":[-117.58,-1450.23,558.007],"timestamp":138925615},
{"hands":[{"direction":[-0.263812,0.739309,-0.616881],"id":1,"palmNormal":[-0.170413,-0.663238,-0.726414],"palmPosition":[34.2403,103.115,55.5954],"palmVelocity":[9.98214,-4.65676,2.69178],"r":[[0.933926,-0.254101,-0.251426],[0.204913,0.956877,-0.205904],[0.292904,0.140779,0.945721]],"s":0.916578,"sphereCenter":[29.4543,75.4633,29.2607],"sphereRadius":60.3268,"t":[-0.79106,-36.17,53.3065]}],"id":10328,"pointables":[{"direction":[-0.333882,-0.217805,-0.917106],"handId":1,"id":11,"length":74.7944,"tipPosition":[36.6584,121.515,-13.8322],"tipVelocity":[23.7737,48.8382,6.39436],"tool":false},{"direction":[-0.346628,-0.286529,-0.893168],"handId":1,"id":8,"length":79.6182,"tipPosition":[10.7713,123.735,-13.3828],"tipVelocity":[17.9297,34.3953,-1.20726],"tool":false},{"direction":[-0.284712,0.0764633,-0.955559],"handId":1,"id":7,"length":57.4586,"tipPosition":[61.9399,120.15,0.991563],"tipVelocity":[20.3998,58.2226,13.194],"tool":false},{"direction":[-0.317068,-0.35399,-0.879863],"handId":1,"id":6,"length":69.6535,"tipPosition":[-10.2517,113.733,5.73319],"tipVelocity":[15.6117,-97.7894,7.87744],"tool":false},{"direction":[-0.496724,0.299888,-0.814452],"handId":1,"id":9,"length":31.8864,"tipPosition":[-17.8314,96.9007,47.294],"tipVelocity":[2.96203,-3.75444,-5.58142],"tool":false}],"r":[[0.698597,-0.484732,-0.526305],[0.029789,0.754627,-0.655478],[0.714895,0.442237,0.54162]],"s":2.95854,"t":[-117.404,-1449.91,558.072],"timestamp":138934889},
{"hands":[{"direction":[-0.260028,0.740312,-0.617499],"id":1,"palmNormal":[-0.173647,-0.663124,-0.725983],"palmPosition":[34.3537,103.079,55.783],"palmVelocity":[12.5152,-3.92115,20.719],"r":[[0.931929,-0.260812,-0.251965],[0.210548,0.954844,-0.209627],[0.29526,0.142306,0.944759]],"s":0.91863,"sphereCenter":[29.7232,75.3467,29.1316],"sphereRadius":60.435,"t":[-0.628246,-35.899,53.3314]}],"id":10329,"pointables":[{"direction":[-0.332679,-0.214258,-0.918378],"handId":1,"id":11,"length":74.8081,"tipPosition":[36.8497,121.892,-13.8181],"tipVelocity":[21.1264,41.5757,1.5532],"tool":false},{"direction":[-0.345979,-0.283734,-0.894312],"handId":1,"id":8,"length":79.566,"tipPosition":[10.921,123.955,-13.3975],"tipVelocity":[16.5388,24.3444,-1.6273],"tool":false},{"direction":[-0.283347,0.0825064,-0.955462],"handId":1,"id":7,"length":57.4415,"tipPosition":[62.1536,120.576,1.27686],"tipVelocity":[23.5986,46.9849,31.5075],"tool":false},{"direction":[-0.316008,-0.360002,-0.877802],"handId":1,"id":6,"length":69.6363,"tipPosition":[-10.1714,112.911,5.62538],"tipVelocity":[8.86787,-90.7729,-11.9062],"tool":false},{"direction":[-0.49786,0.300455,-0.813549],"handId":1,"id":9,"length":32.703,"tipPosition":[-17.8022,96.8334,47.2215],"tipVelocity":[3.23204,-7.44,-8.0087],"tool":false}],"r":[[0.696921,-0.490693,-0.522992],[0.0329386,0.750399,-0.660163],[0.716391,0.442855,0.539132]],"s":2.9606,"t":[-117.241,-1449.64,558.097],"timestamp":138943944},
{"hands":[{"direction":[-0.261465,0.741421,-0.615806],"id":1,"palmNormal":[-0.170502,-0.661754,-0.728148],"palmPosition":[34.3666,102.929,55.7718],"palmVelocity":[1.43724,-16.7123,-1.25288],"r":[[0.930083,-0.267076,-0.252223],[0.215796,0.952872,-0.21323],[0.297285,0.143893,0.943884]],"s":0.920424,"sphereCenter":[29.9737,75.1106,28.8789],"sphereRadius":60.6209,"t":[-0.45887,-35.6653,53.3964]}],"id":10330,"pointables":[{"direction":[-0.331527,-0.210888,-0.919574],"handId":1,"id":11,"length":74.8589,"tipPosition":[37.0524,122.179,-13.6809],"tipVelocity":[22.5866,31.9493,15.2917],"tool":false},{"direction":[-0.345428,-0.280939,-0.895407],"handId":1,"id":8,"length":79.5552,"tipPosition":[11.097,124.152,-13.2925],"tipVelocity":[19.599,21.8881,11.6996],"tool":false},{"direction":[-0.282135,0.0881603,-0.955316],"handId":1,"id":7,"length":57.4038,"tipPosition":[62.296,120.936,1.35812],"tipVelocity":[15.8551,40.1209,9.0521],"tool":false},{"direction":[-0.314863,-0.365469,-0.875953],"handId":1,"id":6,"length":69.5876,"tipPosition":[-9.99372,112.453,5.8686],"tipVelocity":[19.7902,-50.9664,27.0935],"tool":false},{"direction":[-0.499082,0.298942,-0.813358],"handId":1,"id":9,"length":33.1283,"tipPosition":[-17.7047,96.7502,47.2606],"tipVelocity":[10.8548,-9.26316,4.35819],"tool":false}],"r":[[0.695495,-0.496166,-0.519717],[0.0358071,0.74634,-0.664601],[0.717638,0.443617,0.536841]],"s":2.96239,"t":[-117.072,-1449.4,558.162],"timestamp":138952921},
{"hands":[{"direction":[-0.264768,0.742238,-0.613561],"id":1,"palmNormal":[-0.16566,-0.660134,-0.730801],"palmPosition":[34.4116,102.632,55.9057],"palmVelocity":[4.92022,-32.5594,14.6472],"r":[[0.928462,-0.272822,-0.252045],[0.220678,0.951016,-0.216497],[0.298763,0.145388,0.943188]],"s":0.922288,"sphereCenter":[30.2418,74.7372,28.6287],"sphereRadius":60.9089,"t":[-0.320026,-35.5004,53.4272]}],"id":10331,"pointables":[{"direction":[-0.330461,-0.20804,-0.920606],"handId":1,"id":11,"length":74.8603,"tipPosition":[37.1006,122.321,-13.9808],"tipVelocity":[5.26737,15.5454,-32.798],"tool":false},{"direction":[-0.34494,-0.278169,-0.896459],"handId":1,"id":8,"length":79.5541,"tipPosition":[11.2053,124.248,-13.3805],"tipVelocity":[11.8436,10.5023,-9.61646],"tool":false},{"direction":[-0.280709,0.0939317,-0.955186],"handId":1,"id":7,"length":57.3807,"tipPosition":[62.4217,121.213,1.38182],"tipVelocity":[13.7453,30.3513,2.59087],"tool":false},{"direction":[-0.313964,-0.370654,-0.874095],"handId":1,"id":6,"length":69.5507,"tipPosition":[-9.86922,112.026,5.94919],"tipVelocity":[13.6141,-46.7109,8.81211],"tool":false},{"direction":[-0.499982,0.296783,-0.813596],"handId":1,"id":9,"length":33.4968,"tipPosition":[-17.5995,96.6515,47.2571],"tipVelocity":[11.5046,-10.7906,-0.376033],"tool":false}],"r":[[0.694454,-0.501039,-0.516424],[0.0385203,0.742576,-0.668653],[0.718505,0.444456,0.534985]],"s":2.96425,"t":[-116.933,-1449.24,558.193],"timestamp":138962066},
{"hands":[{"direction":[-0.264882,0.743771,-0.611861],"id":1,"palmNormal":[-0.163682,-0.658431,-0.732947],"palmPosition":[34.4575,102.594,55.7767],"palmVelocity":[5.05424,-4.08806,-14.2001],"r":[[0.926996,-0.277929,-0.25186],[0.225002,0.949325,-0.219443],[0.300087,0.146754,0.942556]],"s":0.923872,"sphereCenter":[30.4468,74.6101,28.3842],"sphereRadius":61.0008,"t":[-0.20447,-35.3719,53.433]}],"id":10332,"pointables":[{"direction":[-0.329377,-0.205115,-0.92165],"handId":1,"id":11,"length":74.8383,"tipPosition":[37.1905,122.432,-14.1053],"tipVelocity":[9.89995,12.2719,-13.7026],"tool":false},{"direction":[-0.344442,-0.275602,-0.897443],"handId":1,"id":8,"length":79.5259,"tipPosition":[11.3362,124.34,-13.3995],"tipVelocity":[14.4093,10.1295,-2.09831],"tool":false},{"direction":[-0.279511,0.0988773,-0.955038],"handId":1,"id":7,"length":57.3268,"tipPosition":[62.5312,121.375,1.37441],"tipVelocity":[12.0583,17.8172,-0.815126],"tool":false},{"direction":[-0.313087,-0.375654,-0.872273],"handId":1,"id":6,"length":69.5457,"tipPosition":[-9.77695,111.649,5.95291],"tipVelocity":[10.155,-41.4898,0.409572],"tool":false},{"direction":[-0.500961,0.295727,-0.813378],"handId":1,"id":9,"length":33.7964,"tipPosition":[-17.5554,96.5955,47.151],"tipVelocity":[4.85618,-6.16252,-11.6834],"tool":false}],"r":[[0.69352,-0.505356,-0.513464],[0.0408999,0.73918,-0.672265],[0.719276,0.445229,0.533305]],"s":2.96584,"t":[-116.818,-1449.11,558.198],"timestamp":138971152},
{"hands":[{"direction":[-0.267133,0.744363,-0.610328],"id":1,"palmNormal":[-0.160473,-0.657386,-0.734724],"palmPosition":[34.4897,102.386,55.8095],"palmVelocity":[3.38229,-21.8285,3.44627],"r":[[0.925692,-0.282431,-0.251647],[0.228803,0.947801,-0.222087],[0.301236,0.148006,0.941993]],"s":0.925235,"sphereCenter":[30.6697,74.3568,28.1659],"sphereRadius":61.1896,"t":[-0.105863,-35.2682,53.3917]}],"id":10333,"pointables":[{"direction":[-0.328434,-0.202599,-0.922543],"handId":1,"id":11,"length":74.858,"tipPosition":[37.2845,122.518,-14.207],"tipVelocity":[9.86536,8.98661,-10.6694],"tool":false},{"direction":[-0.343934,-0.273255,-0.898355],"handId":1,"id":8,"length":79.4717,"tipPosition":[11.4587,124.419,-13.4406],"tipVelocity":[12.8507,8.2964,-4.31625],"tool":false},{"direction":[-0.278504,0.10326,-0.954868],"handId":1,"id":7,"length":57.286,"tipPosition":[62.6129,121.476,1.28696],"tipVelocity":[8.56957,10.5527,-9.17687],"tool":false},{"direction":[-0.31216,-0.380437,-0.870531],"handId":1,"id":6,"length":69.4891,"tipPosition":[-9.72293,111.309,5.86445],"tipVelocity":[5.66921,-35.7111,-9.28336],"tool":false},{"direction":[-0.502012,0.294396,-0.813212],"handId":1,"id":9,"length":34.028,"tipPosition":[-17.4974,96.5272,47.0561],"tipVelocity":[6.08119,-7.16673,-9.95488],"tool":false}],"r":[[0.692711,-0.50914,-0.510811],[0.0429657,0.736139,-0.675465],[0.719934,0.445955,0.531807]],"s":2.9672,"t":[-116.719,-1449.01,558.157],"timestamp":138980681},
{"hands":[{"direction":[-0.267856,0.745248,-0.609109],"id":1,"palmNormal":[-0.158246,-0.656291,-0.736327],"palmPosition":[34.5153,102.378,55.6772],"palmVelocity":[2.88577,-0.993878,-14.9186],"r":[[0.924524,-0.286339,-0.251527],[0.232063,0.946448,-0.22446],[0.302329,0.149149,0.941463]],"s":0.926636,"sphereCenter":[30.8584,74.2418,27.9534],"sphereRadius":61.2702,"t":[-0.00650297,-35.181,53.3638]}],"id":10334,"pointables":[{"direction":[-0.327457,-0.199781,-0.923504],"handId":1,"id":11,"length":74.8875,"tipPosition":[37.3822,122.601,-14.2853],"tipVelocity":[11.0095,9.35449,-8.82758],"tool":false},{"direction":[-0.343409,-0.271324,-0.89914],"handId":1,"id":8,"length":79.4391,"tipPosition":[11.571,124.508,-13.4794],"tipVelocity":[12.6633,10.0538,-4.37315],"tool":false},{"direction":[-0.277292,0.107703,-0.95473],"handId":1,"id":7,"length":57.2607,"tipPosition":[62.7742,121.546,1.45682],"tipVelocity":[18.1877,7.96856,19.1534],"tool":false},{"direction":[-0.31121,-0.384935,-0.868892],"handId":1,"id":6,"length":69.4641,"tipPosition":[-9.6324,111.133,5.9487],"tipVelocity":[10.2082,-19.8578,9.50039],"tool":false},{"direction":[-0.503066,0.293703,-0.812812],"handId":1,"id":9,"length":34.2247,"tipPosition":[-17.3973,96.4436,47.0416],"tipVelocity":[11.2892,-9.42692,-1.64243],"tool":false}],"r":[[0.691945,-0.512443,-0.508541],[0.0446879,0.733449,-0.678274],[0.720566,0.446603,0.530407]],"s":2.9686,"t":[-116.62,-1448.92,558.129],"timestamp":138989549},
{"hands":[{"direction":[-0.268124,0.746169,-0.608026],"id":1,"palmNormal":[-0.156278,-0.655208,-0.737843],"palmPosition":[34.5286,102.423,55.4754],"palmVelocity":[1.43069,4.87237,-21.7155],"r":[[0.923483,-0.289866,-0.251312],[0.235004,0.945201,-0.226647],[0.303238,0.150245,0.940996]],"s":0.927946,"sphereCenter":[31.0222,74.1644,27.7168],"sphereRadius":61.3225,"t":[0.085229,-35.0814,53.3279]}],"id":10335,"pointables":[{"direction":[-0.326481,-0.197103,-0.924424],"handId":1,"id":11,"length":74.9144,"tipPosition":[37.5057,122.724,-14.329],"tipVelocity":[13.2914,13.2918,-4.70487],"tool":false},{"direction":[-0.342961,-0.268948,-0.900025],"handId":1,"id":8,"length":79.4347,"tipPosition":[11.683,124.62,-13.5008],"tipVelocity":[12.0529,12.0504,-2.29443],"tool":false},{"direction":[-0.276351,0.111873,-0.954523],"handId":1,"id":7,"length":57.2489,"tipPosition":[62.8583,121.709,1.36699],"tipVelocity":[9.05024,17.45,-9.66611],"tool":false},{"direction":[-0.310554,-0.388811,-0.8674],"handId":1,"id":6,"length":69.4276,"tipPosition":[-9.58709,110.917,5.88255],"tipVelocity":[4.87636,-23.1906,-7.11802],"tool":false},{"direction":[-0.503726,0.291884,-0.813058],"handId":1,"id":9,"length":34.4058,"tipPosition":[-17.3225,96.3891,47.0162],"tipVelocity":[8.04909,-5.86681,-2.73142],"tool":false}],"r":[[0.691318,-0.515386,-0.506415],[0.0462206,0.73098,-0.680832],[0.72107,0.447265,0.529161]],"s":2.96991,"t":[-116.528,-1448.82,558.093],"timestamp":138998842},
{"hands":[{"direction":[-0.268016,0.746751,-0.607513],"id":1,"palmNormal":[-0.155349,-0.654702,-0.738632],"palmPosition":[34.541,102.575,55.1796],"palmVelocity":[1.3727,16.8094,-32.6172],"r":[[0.922384,-0.293197,-0.251483],[0.237716,0.944022,-0.228721],[0.304466,0.151187,0.940448]],"s":0.929435,"sphereCenter":[31.1727,74.166,27.4774],"sphereRadius":61.3244,"t":[0.151511,-35.0124,53.2761]}],"id":10336,"pointables":[{"direction":[-0.325469,-0.194275,-0.925379],"handId":1,"id":11,"length":74.9108,"tipPosition":[37.671,122.903,-14.2562],"tipVelocity":[18.2247,19.7132,8.02619],"tool":false},{"direction":[-0.342401,-0.267089,-0.900791],"handId":1,"id":8,"length":79.4321,"tipPosition":[11.7235,124.658,-13.6704],"tipVelocity":[4.46957,4.22615,-18.7102],"tool":false},{"direction":[-0.275224,0.116438,-0.954303],"handId":1,"id":7,"length":57.1951,"tipPosition":[63.0114,121.912,1.534],"tipVelocity":[16.8793,22.4721,18.4157],"tool":false},{"direction":[-0.309839,-0.392316,-0.866076],"handId":1,"id":6,"length":69.3774,"tipPosition":[-9.54625,110.715,5.79029],"tipVelocity":[4.50241,-22.2771,-10.1735],"tool":false},{"direction":[-0.504582,0.291003,-0.812844],"handId":1,"id":9,"length":34.6401,"tipPosition":[-17.2931,96.3549,46.9484],"tipVelocity":[3.2459,-3.77675,-7.47292],"tool":false}],"r":[[0.690441,-0.518289,-0.504645],[0.0476062,0.728656,-0.683223],[0.72182,0.447701,0.527768]],"s":2.9714,"t":[-116.462,-1448.75,558.042],"timestamp":139007911},
{"hands":[{"direction":[-0.268837,0.74791,-0.605831],"id":1,"palmNormal":[-0.15365,-0.653167,-0.740438],"palmPosition":[34.5759,102.451,55.1619],"palmVelocity":[3.74494,-13.3282,-1.90834],"r":[[0.921199,-0.29647,-0.25199],[0.24029,0.942851,-0.230851],[0.306029,0.152109,0.939792]],"s":0.930889,"sphereCenter":[31.3458,74.0292,27.2776],"sphereRadius":61.4357,"t":[0.217591,-34.9397,53.2371]}],"id":10337,"pointables":[{"direction":[-0.324453,-0.191755,-0.926262],"handId":1,"id":11,"length":74.8537,"tipPosition":[37.8381,123.095,-14.1502],"tipVelocity":[17.9553,20.6647,11.3939],"tool":false},{"direction":[-0.341915,-0.265056,-0.901576],"handId":1,"id":8,"length":79.3719,"tipPosition":[11.7894,124.735,-13.6968],"tipVelocity":[7.079,8.21966,-2.83259],"tool":false},{"direction":[-0.273911,0.121446,-0.954057],"handId":1,"id":7,"length":57.1355,"tipPosition":[63.1477,122.177,1.68628],"tipVelocity":[14.6519,28.4642,16.3632],"tool":false},{"direction":[-0.309054,-0.395678,-0.864827],"handId":1,"id":6,"length":69.2934,"tipPosition":[-9.53394,110.53,5.61418],"tipVelocity":[1.32312,-19.8854,-18.9244],"tool":false},{"direction":[-0.505462,0.290532,-0.812465],"handId":1,"id":9,"length":34.7642,"tipPosition":[-17.2592,96.2801,46.872],"tipVelocity":[3.64472,-8.02882,-8.21054],"tool":false}],"r":[[0.68932,-0.521255,-0.503121],[0.0488442,0.72634,-0.685598],[0.722808,0.448022,0.526141]],"s":2.97286,"t":[-116.395,-1448.68,558.002],"timestamp":139017217},
{"hands":[{"direction":[-0.269748,0.748401,-0.604935],"id":1,"palmNormal":[-0.151569,-0.652406,-0.741629],"palmPosition":[34.6082,102.413,55.0924],"palmVelocity":[3.46989,-4.16514,-7.46573],"r":[[0.92001,-0.29969,-0.252522],[0.242802,0.941683,-0.232981],[0.307618,0.153032,0.939123]],"s":0.932347,"sphereCenter":[31.526,73.9254,27.0874],"sphereRadius":61.5282,"t":[0.283049,-34.8904,53.2237]}],"id":10338,"pointables":[{"direction":[-0.323494,-0.189313,-0.927099],"handId":1,"id":11,"length":74.8975,"tipPosition":[37.9549,123.273,-14.1221],"tipVelocity":[12.5563,19.0425,3.0148],"tool":false},{"direction":[-0.341552,-0.262958,-0.902327],"handId":1,"id":8,"length":79.3281,"tipPosition":[11.8151,124.761,-13.7493],"tipVelocity":[2.75959,2.77656,-5.64389],"tool":false},{"direction":[-0.272699,0.126188,-0.953788],"handId":1,"id":7,"length":57.0928,"tipPosition":[63.292,122.472,1.87166],"tipVelocity":[15.5016,31.6766,19.9162],"tool":false},{"direction":[-0.308395,-0.398524,-0.863754],"handId":1,"id":6,"length":69.2716,"tipPosition":[-9.47014,110.444,5.62654],"tipVelocity":[6.85423,-9.27433,1.3283],"tool":false},{"direction":[-0.506055,0.289448,-0.812483],"handId":1,"id":9,"length":34.8826,"tipPosition":[-17.1943,96.1741,46.8353],"tipVelocity":[6.96575,-11.3883,-3.93852],"tool":false}],"r":[[0.688181,-0.524182,-0.501637],[0.0500283,0.724037,-0.687945],[0.723812,0.448335,0.524493]],"s":2.97431,"t":[-116.33,-1448.63,557.989],"timestamp":139026525},
{"hands":[{"direction":[-0.270639,0.749093,-0.603777],"id":1,"palmNormal":[-0.150025,-0.651424,-0.742893],"palmPosition":[34.65,102.276,55.1313],"palmVelocity":[4.76142,-15.5789,4.42464],"r":[[0.918801,-0.302895,-0.253099],[0.245259,0.940495,-0.235195],[0.309278,0.154022,0.938416]],"s":0.933573,"sphereCenter":[31.7027,73.7785,26.9188],"sphereRadius":61.6577,"t":[0.337594,-34.8286,53.2374]}],"id":10339,"pointables":[{"direction":[-0.322472,-0.186909,-0.927942],"handId":1,"id":11,"length":74.8683,"tipPosition":[38.0727,123.468,-14.0434],"tipVelocity":[13.4015,22.186,8.958],"tool":false},{"direction":[-0.341083,-0.261176,-0.903022],"handId":1,"id":8,"length":79.3016,"tipPosition":[11.8587,124.835,-13.7057],"tipVelocity":[4.96722,8.46624,4.96768],"tool":false},{"direction":[-0.271538,0.130941,-0.953479],"handId":1,"id":7,"length":57.0266,"tipPosition":[63.3659,122.775,1.91232],"tipVelocity":[8.40823,34.4915,4.62862],"tool":false},{"direction":[-0.307601,-0.40127,-0.862765],"handId":1,"id":6,"length":69.202,"tipPosition":[-9.46381,110.307,5.5029],"tipVelocity":[0.721234,-15.6164,-14.0762],"tool":false},{"direction":[-0.506678,0.288841,-0.81231],"handId":1,"id":9,"length":34.9988,"tipPosition":[-17.1699,96.0742,46.7404],"tipVelocity":[2.78639,-11.3831,-10.8032],"tool":false}],"r":[[0.687002,-0.527109,-0.500185],[0.051124,0.721693,-0.690322],[0.724855,0.448681,0.522752]],"s":2.97554,"t":[-116.275,-1448.57,558.003],"timestamp":139035309},
{"hands":[{"direction":[-0.270553,0.749051,-0.60397],"id":1,"palmNormal":[-0.149056,-0.651595,-0.743035],"palmPosition":[34.6382,102.393,54.8729],"palmVelocity":[-1.27311,12.5756,-27.7383],"r":[[0.917639,-0.305978,-0.253605],[0.247592,0.939323,-0.237425],[0.310864,0.15508,0.937717]],"s":0.934777,"sphereCenter":[31.8426,73.832,26.7169],"sphereRadius":61.6336,"t":[0.379226,-34.7406,53.2446]}],"id":10340,"pointables":[{"direction":[-0.321648,-0.184602,-0.92869],"handId":1,"id":11,"length":74.8727,"tipPosition":[38.1346,123.627,-14.0425],"tipVelocity":[6.65044,17.1408,0.0940137],"tool":false},{"direction":[-0.340676,-0.259154,-0.903758],"handId":1,"id":8,"length":79.3043,"tipPosition":[11.8668,124.949,-13.7338],"tipVelocity":[0.868265,12.2568,-3.01339],"tool":false},{"direction":[-0.270344,0.135759,-0.953144],"handId":1,"id":7,"length":56.961,"tipPosition":[63.4474,123.051,2.00703],"tipVelocity":[8.75036,29.6689,10.1694],"tool":false},{"direction":[-0.306731,-0.403786,-0.861901],"handId":1,"id":6,"length":69.1345,"tipPosition":[-9.44769,110.282,5.52746],"tipVelocity":[1.72999,-2.5969,2.63764],"tool":false},{"direction":[-0.50731,0.288398,-0.812073],"handId":1,"id":9,"length":35.0392,"tipPosition":[-17.1411,95.9495,46.662],"tipVelocity":[3.08338,-13.3818,-8.42477],"tool":false}],"r":[[0.685893,-0.529905,-0.49875],[0.0521033,0.719378,-0.692662],[0.725835,0.449105,0.521026]],"s":2.97674,"t":[-116.234,-1448.48,558.01],"timestamp":139044623},
{"hands":[{"direction":[-0.272504,0.74932,-0.602816],"id":1,"palmNormal":[-0.145897,-0.650678,-0.74449],"palmPosition":[34.6529,102.279,54.8349],"palmVelocity":[1.6552,-12.804,-4.2531],"r":[[0.916562,-0.308814,-0.254064],[0.24969,0.938212,-0.239612],[0.312361,0.156182,0.937037]],"s":0.93591,"sphereCenter":[31.993,73.6619,26.4969],"sphereRadius":61.7816,"t":[0.419166,-34.6266,53.2586]}],"id":10341,"pointables":[{"direction":[-0.320693,-0.182115,-0.929511],"handId":1,"id":11,"length":74.8409,"tipPosition":[38.186,123.767,-13.9996],"tipVelocity":[5.75248,15.6682,4.80418],"tool":false},{"direction":[-0.340263,-0.256826,-0.904578],"handId":1,"id":8,"length":79.2725,"tipPosition":[11.905,125.134,-13.7131],"tipVelocity":[4.28212,20.63,2.31267],"tool":false},{"direction":[-0.269,0.140499,-0.952837],"handId":1,"id":7,"length":56.9198,"tipPosition":[63.5106,123.287,2.03867],"tipVelocity":[7.08344,26.3643,3.54219],"tool":false},{"direction":[-0.306214,-0.405616,-0.861225],"handId":1,"id":6,"length":69.0976,"tipPosition":[-9.47766,110.306,5.49705],"tipVelocity":[-3.35501,2.60083,-3.40431],"tool":false},{"direction":[-0.507808,0.287443,-0.812101],"handId":1,"id":9,"length":35.0609,"tipPosition":[-17.1252,95.8626,46.6126],"tipVelocity":[1.78699,-9.7285,-5.53372],"tool":false}],"r":[[0.684868,-0.532474,-0.497421],[0.0528976,0.717174,-0.694883],[0.726745,0.449591,0.519336]],"s":2.97788,"t":[-116.194,-1448.37,558.024],"timestamp":139053555},
{"hands":[{"direction":[-0.2736,0.749957,-0.601591],"id":1,"palmNormal":[-0.144196,-0.649625,-0.745798],"palmPosition":[34.6493,102.334,54.6585],"palmVelocity":[-0.386694,5.89761,-18.7642],"r":[[0.915659,-0.311226,-0.254376],[0.251415,0.937221,-0.241676],[0.313622,0.157339,0.936422]],"s":0.937093,"sphereCenter":[32.0883,73.6569,26.3043],"sphereRadius":61.8051,"t":[0.444464,-34.5295,53.256]}],"id":10342,"pointables":[{"direction":[-0.319963,-0.179736,-0.930225],"handId":1,"id":11,"length":74.8118,"tipPosition":[38.1966,123.877,-14.0186],"tipVelocity":[1.1334,11.7162,-2.02302],"tool":false},{"direction":[-0.339808,-0.254157,-0.905503],"handId":1,"id":8,"length":79.2452,"tipPosition":[11.9298,125.403,-13.7941],"tipVelocity":[2.63331,28.6148,-8.61631],"tool":false},{"direction":[-0.268009,0.144541,-0.952512],"handId":1,"id":7,"length":56.9124,"tipPosition":[63.5123,123.361,2.01948],"tipVelocity":[0.174425,7.85684,-2.04112],"tool":false},{"direction":[-0.305853,-0.406931,-0.860733],"handId":1,"id":6,"length":69.0385,"tipPosition":[-9.53985,110.386,5.45708],"tipVelocity":[-6.61426,8.52856,-4.25203],"tool":false},{"direction":[-0.5084,0.287929,-0.811558],"handId":1,"id":9,"length":35.0912,"tipPosition":[-17.084,95.7555,46.605],"tipVelocity":[4.37475,-11.3889,-0.802834],"tool":false}],"r":[[0.684047,-0.534631,-0.496236],[0.0534225,0.71519,-0.696885],[0.727479,0.450192,0.517785]],"s":2.97906,"t":[-116.169,-1448.27,558.021],"timestamp":139062957},
{"hands":[{"direction":[-0.27361,0.749996,-0.601616],"id":1,"palmNormal":[-0.143753,-0.649691,-0.745904],"palmPosition":[34.6254,102.512,54.3539],"palmVelocity":[-2.64252,19.7218,-33.666],"r":[[0.914954,-0.312983,-0.254755],[0.252523,0.936441,-0.243538],[0.314787,0.158494,0.935836]],"s":0.938418,"sphereCenter":[32.1382,73.7792,26.1],"sphereRadius":61.7417,"t":[0.458419,-34.4235,53.2497]}],"id":10343,"pointables":[{"direction":[-0.319256,-0.17735,-0.930926],"handId":1,"id":11,"length":74.7431,"tipPosition":[38.1992,123.992,-14.0593],"tipVelocity":[0.288652,12.7183,-4.49086],"tool":false},{"direction":[-0.339336,-0.251232,-0.906495],"handId":1,"id":8,"length":79.2391,"tipPosition":[11.995,125.807,-13.8668],"tipVelocity":[7.20248,44.6782,-8.03723],"tool":false},{"direction":[-0.267068,0.147996,-0.952246],"handId":1,"id":7,"length":56.8782,"tipPosition":[63.5586,123.298,2.08029],"tipVelocity":[5.1218,-6.89255,6.72259],"tool":false},{"direction":[-0.305348,-0.408023,-0.860395],"handId":1,"id":6,"length":68.9921,"tipPosition":[-9.60582,110.56,5.48219],"tipVelocity":[-7.2929,19.2166,2.7757],"tool":false},{"direction":[-0.509126,0.288462,-0.810913],"handId":1,"id":9,"length":34.6673,"tipPosition":[-17.0856,95.7208,46.5952],"tipVelocity":[-0.168592,-3.8424,-1.08525],"tool":false}],"r":[[0.683332,-0.536253,-0.495469],[0.0535019,0.71358,-0.698528],[0.728144,0.450818,0.516303]],"s":2.98038,"t":[-116.155,-1448.16,558.015],"timestamp":139072003},
{"hands":[{"direction":[-0.275177,0.749757,-0.601249],"id":1,"palmNormal":[-0.141739,-0.649604,-0.746414],"palmPosition":[34.6399,102.335,54.4379],"palmVelocity":[1.5999,-19.499,9.23717],"r":[[0.914502,-0.313977,-0.255155],[0.2529,0.935896,-0.245235],[0.315796,0.159739,0.935284]],"s":0.93998,"sphereCenter":[32.1965,73.6538,25.9394],"sphereRadius":61.8819,"t":[0.476087,-34.2787,53.2074]}],"id":10344,"pointables":[{"direction":[-0.318619,-0.174789,-0.931628],"handId":1,"id":11,"length":74.7131,"tipPosition":[38.2206,124.176,-14.1103],"tipVelocity":[2.35245,20.1932,-5.61377],"tool":false},{"direction":[-0.338783,-0.247464,-0.907738],"handId":1,"id":8,"length":79.218,"tipPosition":[12.1121,126.424,-13.9601],"tipVelocity":[12.8881,67.945,-10.2666],"tool":false},{"direction":[-0.266082,0.150891,-0.952067],"handId":1,"id":7,"length":56.8404,"tipPosition":[63.5909,123.089,1.95918],"tipVelocity":[3.55417,-23.0563,-13.3259],"tool":false},{"direction":[-0.305118,-0.408518,-0.860242],"handId":1,"id":6,"length":68.9401,"tipPosition":[-9.71179,110.75,5.40368],"tipVelocity":[-11.6591,20.9998,-8.63729],"tool":false},{"direction":[-0.509279,0.287431,-0.811183],"handId":1,"id":9,"length":34.1976,"tipPosition":[-17.0988,95.7198,46.5853],"tipVelocity":[-1.46102,-0.110519,-1.09084],"tool":false}],"r":[[0.682791,-0.537232,-0.495154],[0.0530165,0.71237,-0.699799],[0.728687,0.451565,0.514882]],"s":2.98195,"t":[-116.137,-1448.02,557.973],"timestamp":139081092},
{"hands":[{"direction":[-0.275116,0.750291,-0.600669],"id":1,"palmNormal":[-0.140929,-0.648956,-0.747186],"palmPosition":[34.6376,102.342,54.3578],"palmVelocity":[-0.259603,0.741509,-8.68414],"r":[[0.91435,-0.314013,-0.255655],[0.252309,0.935636,-0.24683],[0.316708,0.161185,0.934728]],"s":0.942036,"sphereCenter":[32.1878,73.7282,25.7548],"sphereRadius":61.8851,"t":[0.505172,-34.0636,53.1599]}],"id":10345,"pointables":[{"direction":[-0.317934,-0.171883,-0.932402],"handId":1,"id":11,"length":74.689,"tipPosition":[38.2611,124.461,-14.1629],"tipVelocity":[4.38948,30.9225,-5.69713],"tool":false},{"direction":[-0.338207,-0.242251,-0.909357],"handId":1,"id":8,"length":79.2049,"tipPosition":[12.2916,127.284,-14.0737],"tipVelocity":[19.4596,93.1325,-12.3092],"tool":false},{"direction":[-0.264804,0.152614,-0.952149],"handId":1,"id":7,"length":56.8286,"tipPosition":[63.7346,122.633,1.86011],"tipVelocity":[15.5748,-49.4213,-10.7367],"tool":false},{"direction":[-0.305324,-0.408336,-0.860255],"handId":1,"id":6,"length":68.9371,"tipPosition":[-9.8096,111.057,5.36929],"tipVelocity":[-10.6002,33.1776,-3.72691],"tool":false},{"direction":[-0.509618,0.287322,-0.811009],"handId":1,"id":9,"length":33.7643,"tipPosition":[-17.0716,95.7178,46.5891],"tipVelocity":[2.95729,-0.213194,0.410216],"tool":false}],"r":[[0.682415,-0.537431,-0.495458],[0.0517283,0.71162,-0.700658],[0.729132,0.45251,0.51342]],"s":2.984,"t":[-116.108,-1447.8,557.925],"timestamp":139090319},
{"hands":[{"direction":[-0.274212,0.751041,-0.600191],"id":1,"palmNormal":[-0.140359,-0.648185,-0.748012],"palmPosition":[34.621,102.463,54.1486],"palmVelocity":[-1.74076,12.695,-22.0076],"r":[[0.91469,-0.312852,-0.255863],[0.250582,0.935708,-0.248311],[0.317098,0.163012,0.934278]],"s":0.944824,"sphereCenter":[32.1237,73.9555,25.5356],"sphereRadius":61.7937,"t":[0.572249,-33.7465,53.1092]}],"id":10346,"pointables":[{"direction":[-0.316911,-0.167734,-0.933505],"handId":1,"id":11,"length":74.7211,"tipPosition":[38.3662,124.88,-14.2168],"tipVelocity":[11.0564,44.0987,-5.67594],"tool":false},{"direction":[-0.337353,-0.235552,-0.911432],"handId":1,"id":8,"length":79.1936,"tipPosition":[12.5656,128.493,-14.1802],"tipVelocity":[28.8306,127.258,-11.204],"tool":false},{"direction":[-0.262731,0.153364,-0.952603],"handId":1,"id":7,"length":56.7871,"tipPosition":[63.9478,121.974,1.40909],"tipVelocity":[22.4289,-69.2922,-47.4605],"tool":false},{"direction":[-0.305673,-0.407372,-0.860588],"handId":1,"id":6,"length":68.8924,"tipPosition":[-9.90723,111.507,5.37571],"tipVelocity":[-10.2744,47.3447,0.674832],"tool":false},{"direction":[-0.509801,0.287022,-0.811],"handId":1,"id":9,"length":33.3552,"tipPosition":[-16.9853,95.7613,46.6715],"tipVelocity":[9.07533,4.58081,8.67262],"tool":false}],"r":[[0.682552,-0.536513,-0.496263],[0.0494956,0.711409,-0.701034],[0.72916,0.453929,0.512128]],"s":2.98679,"t":[-116.041,-1447.49,557.875],"timestamp":139099822},
{"hands":[{"direction":[-0.278901,0.746582,-0.603309],"id":1,"palmNormal":[-0.131152,-0.651398,-0.746464],"palmPosition":[34.5412,102.209,54.0532],"palmVelocity":[-9.20922,-29.232,-11.0102],"r":[[0.915318,-0.310636,-0.256316],[0.247603,0.936007,-0.250167],[0.317625,0.165518,0.933659]],"s":0.948634,"sphereCenter":[32.0596,73.8924,25.3404],"sphereRadius":61.9758,"t":[0.687974,-33.3485,52.9867]}],"id":10347,"pointables":[{"direction":[-0.33591,-0.227206,-0.91408],"handId":1,"id":8,"length":79.1991,"tipPosition":[12.8808,130.031,-14.3516],"tipVelocity":[36.3718,177.522,-19.7827],"tool":false},{"direction":[-0.315653,-0.163175,-0.934739],"handId":1,"id":11,"length":74.701,"tipPosition":[38.5306,125.512,-14.2867],"tipVelocity":[18.9676,72.9268,-8.06587],"tool":false},{"direction":[-0.260101,0.152439,-0.953473],"handId":1,"id":7,"length":56.7682,"tipPosition":[64.2949,121.04,0.918329],"tipVelocity":[40.0577,-107.839,-56.6307],"tool":false},{"direction":[-0.305391,-0.405538,-0.861554],"handId":1,"id":6,"length":68.8197,"tipPosition":[-10.1016,111.986,5.10017],"tipVelocity":[-22.4321,55.2766,-31.7953],"tool":false},{"direction":[-0.505186,0.28212,-0.815595],"handId":1,"id":9,"length":32.4809,"tipPosition":[-16.892,95.6509,46.4772],"tipVelocity":[10.7651,-12.7418,-22.4229],"tool":false}],"r":[[0.682768,-0.534779,-0.497833],[0.0459786,0.711469,-0.701211],[0.729187,0.455875,0.510357]],"s":2.9906,"t":[-115.925,-1447.09,557.752],"timestamp":139108488},
{"hands":[{"direction":[-0.282973,0.740245,-0.608735],"id":1,"palmNormal":[-0.121707,-0.656776,-0.742799],"palmPosition":[34.4722,101.841,54.0766],"palmVelocity":[-7.38839,-39.3855,2.50707],"r":[[0.916348,-0.307027,-0.256984],[0.243072,0.936628,-0.252276],[0.318154,0.168707,0.932907]],"s":0.953783,"sphereCenter":[31.9452,73.8908,25.1788],"sphereRadius":62.153,"t":[0.872832,-32.7725,52.8594]}],"id":10348,"pointables":[{"direction":[-0.334055,-0.216585,-0.917332],"handId":1,"id":8,"length":79.2161,"tipPosition":[13.2814,131.906,-14.4837],"tipVelocity":[42.8747,200.661,-14.138],"tool":false},{"direction":[-0.314238,-0.157593,-0.936172],"handId":1,"id":11,"length":74.6868,"tipPosition":[38.7846,126.332,-14.3224],"tipVelocity":[27.1881,87.7544,-3.82283],"tool":false},{"direction":[-0.256006,0.150623,-0.954868],"handId":1,"id":7,"length":56.7687,"tipPosition":[64.7672,119.81,0.375457],"tipVelocity":[50.5543,-131.696,-58.1109],"tool":false},{"direction":[-0.305501,-0.402702,-0.862844],"handId":1,"id":6,"length":68.7529,"tipPosition":[-10.2817,112.739,4.94936],"tipVelocity":[-19.2721,80.7034,-16.1432],"tool":false},{"direction":[-0.499448,0.277105,-0.820832],"handId":1,"id":9,"length":31.7176,"tipPosition":[-16.769,95.5992,46.3562],"tipVelocity":[13.1727,-5.53577,-12.9487],"tool":false}],"r":[[0.683161,-0.531931,-0.50034],[0.0409745,0.711988,-0.700995],[0.729117,0.458392,0.508198]],"s":2.99575,"t":[-115.74,-1446.51,557.625],"timestamp":139117830},
