[
{"hands":[],"id":5992,"pointables":[],"r":[[0.798798,-0.0925156,-0.594443],[0.303892,0.914823,0.265986],[0.519202,-0.393115,0.758874]],"s":1.50463,"t":[27.8818,-255.556,-193.614],"timestamp":132719673},
{"hands":[],"id":5993,"pointables":[],"r":[[0.798798,-0.0925156,-0.594443],[0.303892,0.914823,0.265986],[0.519202,-0.393115,0.758874]],"s":1.50463,"t":[27.8818,-255.556,-193.614],"timestamp":132728256},
{"hands":[],"id":5994,"pointables":[],"r":[[0.798798,-0.0925156,-0.594443],[0.303892,0.914823,0.265986],[0.519202,-0.393115,0.758874]],"s":1.50463,"t":[27.8818,-255.556,-193.614],"timestamp":132736761},
{"hands":[],"id":5995,"pointables":[],"r":[[0.798798,-0.0925156,-0.594443],[0.303892,0.914823,0.265986],[0.519202,-0.393115,0.758874]],"s":1.50463,"t":[27.8818,-255.556,-193.614],"timestamp":132745417},
{"hands":[],"id":5996,"pointables":[],"r":[[0.798798,-0.0925156,-0.594443],[0.303892,0.914823,0.265986],[0.519202,-0.393115,0.758874]],"s":1.50463,"t":[27.8818,-255.556,-193.614],"timestamp":132754189},
{"hands":[],"id":5997,"pointables":[],"r":[[0.798798,-0.0925156,-0.594443],[0.303892,0.914823,0.265986],[0.519202,-0.393115,0.758874]],"s":1.50463,"t":[27.8818,-255.556,-193.614],"timestamp":132763028},
{"hands":[],"id":5998,"pointables":[],"r":[[0.798798,-0.0925156,-0.594443],[0.303892,0.914823,0.265986],[0.519202,-0.393115,0.758874]],"s":1.50463,"t":[27.8818,-255.556,-193.614],"timestamp":132771427},
{"hands":[],"id":5999,"pointables":[],"r":[[0.798798,-0.0925156,-0.594443],[0.303892,0.914823,0.265986],[0.519202,-0.393115,0.758874]],"s":1.50463,"t":[27.8818,-255.556,-193.614],"timestamp":132780283},
{"hands":[],"id":6000,"pointables":[],"r":[[0.798798,-0.0925156,-0.594443],[0.303892,0.914823,0.265986],[0.519202,-0.393115,0.758874]],"s":1.50463,"t":[27.8818,-255.556,-193.614],"timestamp":132788994},
{"hands":[],"id":6001,"pointables":[],"r":[[0.798798,-0.0925156,-0.594443],[0.303892,0.914823,0.265986],[0.519202,-0.393115,0.758874]],"s":1.50463,"t":[27.8818,-255.556,-193.614],"timestamp":132806162},
{"hands":[],"id":6002,"pointables":[],"r":[[0.798798,-0.0925156,-0.594443],[0.303892,0.914823,0.265986],[0.519202,-0.393115,0.758874]],"s":1.50463,"t":[27.8818,-255.556,-193.614],"timestamp":132815042},
{"hands":[],"id":6003,"pointables":[],"r":[[0.798798,-0.0925156,-0.594443],[0.303892,0.914823,0.265986],[0.519202,-0.393115,0.758874]],"s":1.50463,"t":[27.8818,-255.556,-193.614],"timestamp":132823571},
{"hands":[],"id":6004,"pointables":[],"r":[[0.798798,-0.0925156,-0.594443],[0.303892,0.914823,0.265986],[0.519202,-0.393115,0.758874]],"s":1.50463,"t":[27.8818,-255.556,-193.614],"timestamp":132832183},
{"hands":[],"id":6005,"pointables":[],"r":[[0.798798,-0.0925156,-0.594443],[0.303892,0.914823,0.265986],[0.519202,-0.393115,0.758874]],"s":1.50463,"t":[27.8818,-255.556,-193.614],"timestamp":132840838},
{"hands":[],"id":6006,"pointables":[],"r":[[0.798798,-0.0925156,-0.594443],[0.303892,0.914823,0.265986],[0.519202,-0.393115,0.758874]],"s":1.50463,"t":[27.8818,-255.556,-193.614],"timestamp":132849770},
{"hands":[],"id":6007,"pointables":[],"r":[[0.798798,-0.0925156,-0.594443],[0.303892,0.914823,0.265986],[0.519202,-0.393115,0.758874]],"s":1.50463,"t":[27.8818,-255.556,-193.614],"timestamp":132858334},
{"hands":[],"id":6008,"pointables":[],"r":[[0.798798,-0.0925156,-0.594443],[0.303892,0.914823,0.265986],[0.519202,-0.393115,0.758874]],"s":1.50463,"t":[27.8818,-255.556,-193.614],"timestamp":132866954},
{"hands":[],"id":6009,"pointables":[],"r":[[0.798798,-0.0925156,-0.594443],[0.303892,0.914823,0.265986],[0.519202,-0.393115,0.758874]],"s":1.50463,"t":[27.8818,-255.556,-193.614],"timestamp":132875563},
{"hands":[],"id":6010,"pointables":[],"r":[[0.798798,-0.0925156,-0.594443],[0.303892,0.914823,0.265986],[0.519202,-0.393115,0.758874]],"s":1.50463,"t":[27.8818,-255.556,-193.614],"timestamp":132884475},
{"hands":[],"id":6011,"pointables":[],"r":[[0.798798,-0.0925156,-0.594443],[0.303892,0.914823,0.265986],[0.519202,-0.393115,0.758874]],"s":1.50463,"t":[27.8818,-255.556,-193.614],"timestamp":132893111},
{"hands":[],"id":6012,"pointables":[],"r":[[0.798798,-0.0925156,-0.594443],[0.303892,0.914823,0.265986],[0.519202,-0.393115,0.758874]],"s":1.50463,"t":[27.8818,-255.556,-193.614],"timestamp":132901564},
{"hands":[],"id":6013,"pointables":[],"r":[[0.798798,-0.0925156,-0.594443],[0.303892,0.914823,0.265986],[0.519202,-0.393115,0.758874]],"s":1.50463,"t":[27.8818,-255.556,-193.614],"timestamp":132910259},
{"hands":[],"id":6014,"pointables":[{"direction":[0.285242,0.0225281,-0.958191],"handId":-1,"id":10,"length":61.2093,"tipPosition":[-48.117,116.234,-2.03021],"tipVelocity":[782.157,-2966.78,-260.945],"tool":false},{"direction":[0.322217,0.00695598,-0.94664],"handId":5,"id":12,"length":55.1069,"tipPosition":[-109.244,123.107,8.9243],"tipVelocity":[-38.2521,52.0221,11.447],"tool":false},{"direction":[0.375313,0.0392273,-0.926068],"handId":5,"id":13,"length":65.8518,"tipPosition":[-31.2196,138.959,16.1867],"tipVelocity":[-94.5828,66.087,64.4216],"tool":false},{"direction":[0.583767,0.64676,-0.490833],"handId":1,"id":11,"length":38.8567,"tipPosition":[-21.4963,111.379,85.235],"tipVelocity":[-21.8985,16.2945,52.1666],"tool":false}],"r":[[0.796978,-0.0895662,-0.597331],[0.310405,0.909095,0.277839],[0.518146,-0.406846,0.752331]],"s":1.50575,"t":[27.7526,-255.409,-193.477],"timestamp":132918851},
{"hands":[],"id":6015,"pointables":[{"direction":[0.183961,0.0760538,-0.979987],"handId":-1,"id":10,"length":51.5632,"tipPosition":[-44.5618,98.9747,-3.29795],"tipVelocity":[395.676,-1920.95,-141.096],"tool":false},{"direction":[0.318849,0.0103406,-0.947749],"handId":5,"id":12,"length":54.9484,"tipPosition":[-109.594,123.601,8.9973],"tipVelocity":[-38.9916,54.9276,8.12373],"tool":false},{"direction":[0.380553,0.0238975,-0.92445],"handId":5,"id":13,"length":65.7609,"tipPosition":[-31.986,139.955,16.4923],"tipVelocity":[-85.3022,110.867,34.0099],"tool":false},{"direction":[0.577799,0.676461,-0.456672],"handId":1,"id":11,"length":38.9217,"tipPosition":[-21.6106,111.666,85.5976],"tipVelocity":[-12.7214,32.001,40.3505],"tool":false}],"r":[[0.794728,-0.085629,-0.600895],[0.31987,0.900452,0.294736],[0.515839,-0.426443,0.743005]],"s":1.52117,"t":[27.5718,-255.141,-193.314],"timestamp":132927836},
{"hands":[],"id":6016,"pointables":[{"direction":[0.107436,0.114372,-0.987612],"handId":-1,"id":10,"length":44.6567,"tipPosition":[-42.7791,91.7498,-4.04446],"tipVelocity":[207.972,-842.843,-87.0868],"tool":false},{"direction":[0.314481,0.015412,-0.949139],"handId":5,"id":12,"length":54.825,"tipPosition":[-110.016,124.193,9.0646],"tipVelocity":[-49.2986,69.1226,7.8519],"tool":false},{"direction":[0.381958,0.0158958,-0.924043],"handId":5,"id":13,"length":65.495,"tipPosition":[-32.7213,141.161,16.6441],"tipVelocity":[-85.7839,140.64,17.709],"tool":false},{"direction":[0.571678,0.70163,-0.425322],"handId":1,"id":11,"length":39.1981,"tipPosition":[-21.716,111.899,85.8488],"tipVelocity":[-12.3045,27.1487,29.3105],"tool":false}],"r":[[0.792542,-0.081972,-0.604283],[0.329164,0.891674,0.310755],[0.51335,-0.445194,0.733671]],"s":1.54125,"t":[27.3494,-254.8,-193.178],"timestamp":132936408},
{"hands":[],"id":6017,"pointables":[{"direction":[-0.303372,-0.788774,-0.534604],"handId":4,"id":7,"length":50.9282,"tipPosition":[26.1983,77.3957,-91.4642],"tipVelocity":[80.2029,330.892,294.895],"tool":false},{"direction":[-0.260492,-0.594422,-0.760793],"handId":4,"id":6,"length":39.5564,"tipPosition":[48.1354,73.2202,-90.7833],"tipVelocity":[28.612,279.72,191.492],"tool":false},{"direction":[-0.397907,-0.433832,-0.808369],"handId":4,"id":15,"length":55.3225,"tipPosition":[67.9626,74.8697,-77.7086],"tipVelocity":[26.9522,223.154,282.746],"tool":false},{"direction":[0.0478964,0.12757,-0.990672],"handId":-1,"id":10,"length":39.4807,"tipPosition":[-42.021,89.3031,-4.45146],"tipVelocity":[87.3892,-282.046,-46.9156],"tool":false},{"direction":[0.312297,0.0182441,-0.949809],"handId":5,"id":12,"length":54.7067,"tipPosition":[-110.446,124.815,9.1258],"tipVelocity":[-49.5515,71.6791,7.05456],"tool":false},{"direction":[0.382242,0.0113846,-0.923992],"handId":5,"id":13,"length":65.3578,"tipPosition":[-33.4448,142.646,16.7041],"tipVelocity":[-83.3944,171.126,6.91989],"tool":false},{"direction":[0.574299,0.70502,-0.416085],"handId":1,"id":11,"length":39.4748,"tipPosition":[-21.749,112.297,86.0385],"tipVelocity":[-3.79555,45.898,21.8607],"tool":false}],"r":[[0.789323,-0.0796419,-0.60879],[0.337426,0.884656,0.321757],[0.512945,-0.459393,0.725153]],"s":1.55312,"t":[27.3551,-253.887,-193.015],"timestamp":132945083},
{"hands":[],"id":6018,"pointables":[{"direction":[-0.280989,-0.616706,-0.735336],"handId":4,"id":6,"length":42.7453,"tipPosition":[48.4923,75.8716,-88.6862],"tipVelocity":[42.0958,312.735,247.364],"tool":false},{"direction":[-0.305559,-0.786566,-0.536608],"handId":4,"id":7,"length":53.4819,"tipPosition":[26.9721,80.6493,-88.5597],"tipVelocity":[91.2809,383.768,342.596],"tool":false},{"direction":[-0.402716,-0.436364,-0.804615],"handId":4,"id":15,"length":55.4718,"tipPosition":[68.2597,76.8203,-75.2231],"tipVelocity":[35.0446,230.069,293.163],"tool":false},{"direction":[0.138019,0.0992491,-0.985444],"handId":5,"id":10,"length":43.8723,"tipPosition":[-49.1876,116.048,-2.81192],"tipVelocity":[-845.314,3154.64,193.387],"tool":false},{"direction":[0.427626,-0.0481441,-0.902673],"handId":5,"id":9,"length":73.0874,"tipPosition":[-83.5646,142.186,-0.12076],"tipVelocity":[-31.3095,72.6075,-15.0432],"tool":false},{"direction":[0.309984,0.0215852,-0.950497],"handId":5,"id":12,"length":54.6116,"tipPosition":[-110.925,125.522,9.13414],"tipVelocity":[-56.4549,83.3558,0.984033],"tool":false},{"direction":[0.381512,0.00925575,-0.924317],"handId":5,"id":13,"length":65.3222,"tipPosition":[-34.1478,144.22,16.6896],"tipVelocity":[-82.9272,185.706,-1.71429],"tool":false}],"r":[[0.78547,-0.0744441,-0.614407],[0.344453,0.877361,0.334051],[0.514188,-0.474021,0.714783]],"s":1.56117,"t":[27.1187,-252.105,-192.114],"timestamp":132953561},
{"hands":[{"direction":[-0.423101,0.279648,-0.856296],"id":4,"palmNormal":[-0.013329,-0.946502,-0.3063],"palmPosition":[44.9173,80.1818,-13.9908],"palmVelocity":[110.929,326.388,853.724],"r":[[1,0,0],[0,1,0],[0,0,1]],"s":1,"sphereCenter":[38.3602,73.1812,-28.9703],"sphereRadius":58.918,"t":[0,0,0]}],"id":6019,"pointables":[{"direction":[-0.297319,-0.632712,-0.715036],"handId":4,"id":6,"length":45.3769,"tipPosition":[48.9667,78.892,-86.1101],"tipVelocity":[54.9919,350.111,298.613],"tool":false},{"direction":[-0.307539,-0.784398,-0.538646],"handId":4,"id":7,"length":55.4843,"tipPosition":[27.8821,84.5824,-85.08],"tipVelocity":[105.482,455.909,403.347],"tool":false},{"direction":[-0.408292,-0.439176,-0.800264],"handId":4,"id":15,"length":55.6294,"tipPosition":[68.6299,78.7746,-72.6284],"tipVelocity":[42.9122,226.542,300.77],"tool":false},{"direction":[0.203697,0.0817342,-0.975616],"handId":5,"id":10,"length":47.3381,"tipPosition":[-53.9846,138.77,-1.92105],"tipVelocity":[-556.046,2633.86,103.266],"tool":false},{"direction":[0.423582,-0.0378252,-0.905068],"handId":5,"id":9,"length":73.3427,"tipPosition":[-84.7522,144.768,-0.509176],"tipVelocity":[-137.66,299.348,-45.0234],"tool":false},{"direction":[0.307195,0.0254432,-0.951306],"handId":5,"id":12,"length":54.6468,"tipPosition":[-111.469,126.271,9.1857],"tipVelocity":[-63.0787,86.7986,5.97647],"tool":false},{"direction":[0.379885,0.00946051,-0.924985],"handId":5,"id":13,"length":65.3613,"tipPosition":[-34.8389,145.923,16.574],"tipVelocity":[-80.1076,197.396,-13.3965],"tool":false}],"r":[[0.780805,-0.0676041,-0.621107],[0.350838,0.870033,0.346346],[0.516969,-0.488336,0.703044]],"s":1.56943,"t":[26.7283,-249.923,-191.218],"timestamp":132962188},
{"hands":[{"direction":[-0.42498,0.284914,-0.854264],"id":4,"palmNormal":[-0.00511232,-0.94373,-0.315541],"palmPosition":[45.5597,83.1215,-9.10407],"palmVelocity":[72.3273,331.016,550.243],"r":[[0.999899,0.0131101,0.00553141],[-0.0130816,0.999901,-0.00516431],[-0.00559856,0.00509142,0.999971]],"s":0.998469,"sphereCenter":[39.171,74.126,-26.2322],"sphereRadius":59.0236,"t":[0.315377,1.77729,1.56244]}],"id":6020,"pointables":[{"direction":[-0.30881,-0.643248,-0.70062],"handId":4,"id":6,"length":47.5216,"tipPosition":[49.5975,82.4466,-82.9852],"tipVelocity":[71.0228,400.246,351.861],"tool":false},{"direction":[-0.308775,-0.781454,-0.542207],"handId":4,"id":7,"length":57.106,"tipPosition":[29.0178,89.5125,-80.8477],"tipVelocity":[127.873,555.133,476.56],"tool":false},{"direction":[-0.41034,-0.439136,-0.799238],"handId":4,"id":15,"length":55.7046,"tipPosition":[69.1373,80.7774,-69.8586],"tipVelocity":[57.1296,225.511,311.872],"tool":false},{"direction":[0.251671,0.0707213,-0.965226],"handId":5,"id":10,"length":50.1542,"tipPosition":[-57.126,149.059,-1.51676],"tipVelocity":[-353.729,1158.5,45.5227],"tool":false},{"direction":[0.420272,-0.0291376,-0.90693],"handId":5,"id":9,"length":73.484,"tipPosition":[-85.8557,147.05,-0.782349],"tipVelocity":[-124.26,257,-30.7592],"tool":false},{"direction":[0.302213,0.0322707,-0.952694],"handId":5,"id":12,"length":54.6572,"tipPosition":[-112.096,127.073,9.17568],"tipVelocity":[-70.5714,90.3213,-1.12898],"tool":false},{"direction":[0.377609,0.0123839,-0.925882],"handId":5,"id":13,"length":65.4425,"tipPosition":[-35.5861,147.852,16.3998],"tipVelocity":[-84.1272,217.194,-19.6164],"tool":false}],"r":[[0.774545,-0.0610214,-0.629569],[0.357533,0.863308,0.356188],[0.521777,-0.500975,0.690488]],"s":1.57549,"t":[26.2198,-247.691,-190.567],"timestamp":132971069},
{"hands":[{"direction":[-0.425661,0.289437,-0.852971],"id":4,"palmNormal":[0.000300082,-0.941748,-0.322581],"palmPosition":[46.4314,86.1476,-2.15988],"palmVelocity":[100.693,349.554,802.147],"r":[[0.998968,0.0422337,0.0167139],[-0.0419497,0.998975,-0.0169933],[-0.0174145,0.0162746,0.999716]],"s":0.994855,"sphereCenter":[39.8876,75.5095,-23.2502],"sphereRadius":59.1273,"t":[0.996387,5.06178,4.49033]}],"id":6021,"pointables":[{"direction":[-0.322807,-0.647019,-0.69077],"handId":4,"id":6,"length":49.0988,"tipPosition":[50.6441,87.2383,-78.6918],"tipVelocity":[120.901,553.503,495.938],"tool":false},{"direction":[-0.311161,-0.775886,-0.548799],"handId":4,"id":7,"length":58.506,"tipPosition":[30.4869,95.7687,-75.8162],"tipVelocity":[169.699,722.669,581.199],"tool":false},{"direction":[-0.41569,-0.440428,-0.795754],"handId":4,"id":15,"length":55.6787,"tipPosition":[69.8077,82.888,-66.7389],"tipVelocity":[77.4399,243.806,360.368],"tool":false},{"direction":[0.286099,0.0643261,-0.956039],"handId":5,"id":10,"length":52.5072,"tipPosition":[-59.276,153.123,-1.19491],"tipVelocity":[-248.351,469.387,37.1775],"tool":false},{"direction":[0.416926,-0.0196333,-0.908728],"handId":5,"id":9,"length":73.6021,"tipPosition":[-86.9808,149.151,-0.906996],"tipVelocity":[-129.964,242.639,-14.3984],"tool":false},{"direction":[0.297321,0.0382725,-0.95401],"handId":5,"id":12,"length":54.6917,"tipPosition":[-112.744,127.838,9.05625],"tipVelocity":[-74.8997,88.3649,-13.7949],"tool":false},{"direction":[0.375855,0.0148839,-0.926559],"handId":5,"id":13,"length":65.5518,"tipPosition":[-36.3375,149.702,16.1633],"tipVelocity":[-86.7998,213.777,-27.3157],"tool":false}],"r":[[0.765897,-0.0556714,-0.640549],[0.365289,0.857522,0.362243],[0.529118,-0.511426,0.67711]],"s":1.57743,"t":[25.6413,-245.519,-190.081],"timestamp":132979726},
{"hands":[{"direction":[-0.421604,0.297918,-0.852274],"id":4,"palmNormal":[0.005254,-0.938317,-0.332695],"palmPosition":[47.358,89.5386,3.57715],"palmVelocity":[108.434,396.844,671.389],"r":[[0.995624,0.0879334,0.0316382],[-0.0868001,0.995591,-0.0355698],[-0.0346265,0.0326679,0.998866]],"s":0.991,"sphereCenter":[40.6157,76.9301,-20.0834],"sphereRadius":59.5164,"t":[1.9538,9.39561,8.29141]}],"id":6022,"pointables":[{"direction":[-0.329984,-0.644697,-0.689548],"handId":4,"id":6,"length":50.5415,"tipPosition":[51.878,92.6214,-74.0176],"tipVelocity":[144.392,629.98,547.018],"tool":false},{"direction":[-0.311527,-0.765759,-0.562639],"handId":4,"id":7,"length":59.6524,"tipPosition":[32.2012,102.82,-70.8771],"tipVelocity":[200.62,825.2,578.012],"tool":false},{"direction":[-0.415665,-0.436756,-0.797789],"handId":4,"id":15,"length":55.6686,"tipPosition":[70.443,84.9437,-63.7939],"tipVelocity":[74.3433,240.565,344.648],"tool":false},{"direction":[0.305668,0.0648331,-0.949928],"handId":5,"id":10,"length":54.5317,"tipPosition":[-60.878,156.068,-1.44376],"tipVelocity":[-187.476,344.685,-29.1222],"tool":false},{"direction":[0.412679,-0.0099202,-0.910822],"handId":5,"id":9,"length":73.7642,"tipPosition":[-88.0976,151.369,-1.29663],"tipVelocity":[-130.694,259.609,-45.5974],"tool":false},{"direction":[0.292997,0.0425578,-0.955166],"handId":5,"id":12,"length":54.6838,"tipPosition":[-113.5,128.663,8.72684],"tipVelocity":[-88.4106,96.5989,-38.5506],"tool":false},{"direction":[0.373354,0.0195469,-0.927483],"handId":5,"id":13,"length":65.6864,"tipPosition":[-36.9453,151.875,15.2321],"tipVelocity":[-71.1359,254.21,-108.972],"tool":false}],"r":[[0.754832,-0.051395,-0.653902],[0.374132,0.852582,0.364869],[0.538753,-0.52006,0.662784]],"s":1.57586,"t":[25.0482,-243.324,-189.963],"timestamp":132988271},
{"hands":[{"direction":[-0.413244,0.309923,-0.851736],"id":4,"palmNormal":[0.00714688,-0.933968,-0.34462],"palmPosition":[48.1752,93.1157,8.5511],"palmVelocity":[92.287,403.957,561.711],"r":[[0.989532,0.138532,0.0404358],[-0.136462,0.989377,-0.0501154],[-0.0469488,0.0440728,0.997925]],"s":0.989253,"sphereCenter":[41.0878,78.4198,-17.1142],"sphereRadius":59.8947,"t":[3.26013,14.9269,12.1475]}],"id":6023,"pointables":[{"direction":[-0.333056,-0.63379,-0.698129],"handId":4,"id":6,"length":51.8319,"tipPosition":[53.4025,98.6055,-69.0364],"tipVelocity":[172.164,675.783,562.528],"tool":false},{"direction":[-0.311613,-0.748775,-0.585007],"handId":4,"id":7,"length":60.6864,"tipPosition":[34.2191,110.294,-66.149],"tipVelocity":[227.885,843.991,533.953],"tool":false},{"direction":[-0.412972,-0.429659,-0.803024],"handId":4,"id":15,"length":55.6792,"tipPosition":[71.1582,87.109,-60.6998],"tipVelocity":[80.7729,244.529,349.421],"tool":false},{"direction":[-0.185141,-0.654391,-0.733141],"handId":4,"id":3,"length":26.6834,"tipPosition":[13.0352,119.42,-51.2431],"tipVelocity":[201.687,850.106,273.001],"tool":false},{"direction":[0.318402,0.0669615,-0.945588],"handId":5,"id":10,"length":56.2693,"tipPosition":[-62.2068,158.435,-1.71774],"tipVelocity":[-150.058,267.344,-30.9407],"tool":false},{"direction":[0.407754,0.00216672,-0.913089],"handId":5,"id":9,"length":73.8772,"tipPosition":[-89.2214,153.49,-1.66758],"tipVelocity":[-126.907,239.454,-41.892],"tool":false},{"direction":[0.288002,0.0477061,-0.956441],"handId":5,"id":12,"length":54.6736,"tipPosition":[-114.284,129.434,8.38298],"tipVelocity":[-88.5653,87.0485,-38.8316],"tool":false},{"direction":[0.370385,0.0280162,-0.928456],"handId":5,"id":13,"length":65.8272,"tipPosition":[-37.6453,154.136,14.424],"tipVelocity":[-79.045,255.326,-91.2648],"tool":false},{"direction":[0.587852,0.667631,-0.456835],"handId":1,"id":11,"length":39.244,"tipPosition":[-20.9428,113.848,84.2425],"tipVelocity":[14.4344,30.5726,-52.6618],"tool":false}],"r":[[0.74194,-0.0484543,-0.668713],[0.38296,0.849302,0.363357],[0.550333,-0.525679,0.648687]],"s":1.57193,"t":[24.8155,-241.097,-190.04],"timestamp":132997126},
{"hands":[{"direction":[-0.36764,0.245074,-0.867146],"id":4,"palmNormal":[0.0107002,-0.939372,-0.274349],"palmPosition":[46.436,107.358,-7.41238],"palmVelocity":[-199.793,1636.13,-1833.83],"r":[[0.983969,0.173073,0.0430206],[-0.170026,0.98319,-0.0665515],[-0.0538156,0.0581699,0.996855]],"s":0.975244,"sphereCenter":[36.0897,81.9587,-14.3816],"sphereRadius":62.2369,"t":[4.5884,18.7905,14.497]}],"id":6024,"pointables":[{"direction":[-0.332979,-0.616707,-0.7133],"handId":4,"id":6,"length":52.9632,"tipPosition":[55.2646,104.941,-64.0546],"tipVelocity":[213.91,727.755,572.287],"tool":false},{"direction":[-0.310651,-0.724215,-0.615636],"handId":4,"id":7,"length":61.5886,"tipPosition":[36.4442,117.576,-62.0668],"tipVelocity":[255.612,836.609,468.942],"tool":false},{"direction":[-0.407522,-0.419741,-0.811014],"handId":4,"id":15,"length":55.7021,"tipPosition":[71.9966,89.3616,-57.4428],"tipVelocity":[96.3093,258.773,374.151],"tool":false},{"direction":[-0.189824,-0.594184,-0.781609],"handId":4,"id":3,"length":28.6784,"tipPosition":[14.9313,127.172,-49.0508],"tipVelocity":[217.81,890.542,251.845],"tool":false},{"direction":[0.324849,0.0730564,-0.94294],"handId":4,"id":10,"length":57.7185,"tipPosition":[-63.3543,160.727,-2.22437],"tipVelocity":[-131.824,263.272,-58.2002],"tool":false},{"direction":[0.402788,0.015195,-0.915167],"handId":4,"id":9,"length":74.0413,"tipPosition":[-90.3657,155.59,-2.17672],"tipVelocity":[-131.457,241.239,-58.4887],"tool":false},{"direction":[0.299504,0.0270608,-0.953711],"handId":4,"id":13,"length":61.7414,"tipPosition":[-24.1615,128.493,3.71574],"tipVelocity":[1548.98,-2945.78,-1230.13],"tool":false},{"direction":[0.282645,0.0533636,-0.957739],"handId":4,"id":12,"length":54.7097,"tipPosition":[-115.13,130.143,8.17509],"tipVelocity":[-97.2035,81.4555,-23.8825],"tool":false},{"direction":[0.590365,0.653974,-0.473061],"handId":1,"id":11,"length":39.1398,"tipPosition":[-20.8021,114.064,83.7072],"tipVelocity":[16.163,24.8193,-61.4911],"tool":false}],"r":[[0.727384,-0.0476666,-0.684573],[0.391146,0.848465,0.356529],[0.563841,-0.527101,0.635804]],"s":1.55675,"t":[25.1183,-238.856,-190.183],"timestamp":133005831},
{"hands":[{"direction":[-0.339861,0.181591,-0.877612],"id":4,"palmNormal":[-0.0202638,-0.937693,-0.2011],"palmPosition":[45.4767,120.315,-16.4329],"palmVelocity":[-112.134,1514.56,-1054.42],"r":[[0.979967,0.195069,0.0401541],[-0.191294,0.978037,-0.0827658],[-0.0554173,0.0734265,0.99576]],"s":0.964788,"sphereCenter":[31.3135,84.8364,-12.2876],"sphereRadius":64.5262,"t":[5.99362,21.8517,16.0201]}],"id":6025,"pointables":[{"direction":[-0.331803,-0.594028,-0.732828],"handId":4,"id":6,"length":53.9158,"tipPosition":[57.4647,111.338,-59.041],"tipVelocity":[257.178,747.74,586.047],"tool":false},{"direction":[-0.309533,-0.687722,-0.656679],"handId":4,"id":7,"length":62.3252,"tipPosition":[38.8795,124.662,-58.2159],"tipVelocity":[284.667,828.221,450.138],"tool":false},{"direction":[-0.40036,-0.408182,-0.820426],"handId":4,"id":15,"length":55.6438,"tipPosition":[73.0458,91.6484,-53.9333],"tipVelocity":[122.644,267.308,410.227],"tool":false},{"direction":[-0.194069,-0.518053,-0.833041],"handId":4,"id":3,"length":30.9477,"tipPosition":[16.8463,134.858,-46.9597],"tipVelocity":[223.855,898.321,244.433],"tool":false},{"direction":[0.329364,0.0802313,-0.940788],"handId":4,"id":10,"length":59.0681,"tipPosition":[-64.3424,162.958,-2.92183],"tipVelocity":[-115.494,260.744,-81.5259],"tool":false},{"direction":[0.396612,0.0305305,-0.917479],"handId":4,"id":9,"length":74.1311,"tipPosition":[-91.5798,157.653,-2.73589],"tipVelocity":[-141.919,241.13,-65.3614],"tool":false},{"direction":[0.191224,0.0356534,-0.980899],"handId":4,"id":13,"length":58.3254,"tipPosition":[-15.9348,113.039,0.0166934],"tipVelocity":[961.622,-1806.33,-432.384],"tool":false},{"direction":[0.275746,0.0607329,-0.95931],"handId":4,"id":12,"length":54.6964,"tipPosition":[-116.011,130.835,7.85989],"tipVelocity":[-103.003,80.8713,-36.8434],"tool":false},{"direction":[0.592549,0.640712,-0.488236],"handId":1,"id":11,"length":39.1361,"tipPosition":[-20.6395,114.139,83.0709],"tipVelocity":[19.0064,8.68925,-74.3854],"tool":false}],"r":[[0.71122,-0.0482906,-0.701309],[0.39881,0.849269,0.345967],[0.578893,-0.525747,0.623276]],"s":1.54531,"t":[25.7944,-236.621,-190.412],"timestamp":133014386},
{"hands":[{"direction":[-0.335941,0.130062,-0.882927],"id":4,"palmNormal":[-0.0873799,-0.914039,-0.126185],"palmPosition":[47.4802,127.399,-25.982],"palmVelocity":[222.611,787.098,-1061.01],"r":[[0.977605,0.207851,0.032946],[-0.203844,0.974166,-0.0972029],[-0.0522986,0.0883102,0.994719]],"s":0.962115,"sphereCenter":[28.0016,84.656,-10.3359],"sphereRadius":67.4537,"t":[7.44961,24.4708,17.5519]}],"id":6026,"pointables":[{"direction":[-0.306732,-0.636824,-0.707369],"handId":4,"id":7,"length":63.0276,"tipPosition":[41.2721,131.054,-55.166],"tipVelocity":[265.846,710.252,338.881],"tool":false},{"direction":[-0.327458,-0.564267,-0.757874],"handId":4,"id":6,"length":54.7953,"tipPosition":[59.7474,117.093,-54.7321],"tipVelocity":[253.629,639.546,478.769],"tool":false},{"direction":[-0.389793,-0.394929,-0.831921],"handId":4,"id":15,"length":55.6219,"tipPosition":[74.2706,93.7572,-50.5351],"tipVelocity":[136.095,234.314,377.579],"tool":false},{"direction":[-0.197196,-0.42653,-0.882715],"handId":4,"id":3,"length":32.9304,"tipPosition":[18.635,142.251,-44.5595],"tipVelocity":[198.741,821.528,266.689],"tool":false},{"direction":[0.332023,0.0918615,-0.938788],"handId":4,"id":10,"length":60.3137,"tipPosition":[-65.2163,165.279,-3.97178],"tipVelocity":[-97.1003,257.965,-116.661],"tool":false},{"direction":[0.38951,0.0488043,-0.919728],"handId":4,"id":9,"length":74.1452,"tipPosition":[-92.8413,159.685,-3.49533],"tipVelocity":[-140.163,225.801,-84.3826],"tool":false},{"direction":[0.0598308,0.0845457,-0.994622],"handId":4,"id":13,"length":55.8761,"tipPosition":[-11.6185,105.856,0.697109],"tipVelocity":[479.588,-798.211,75.6017],"tool":false},{"direction":[0.269237,0.06809,-0.960664],"handId":4,"id":12,"length":54.7212,"tipPosition":[-116.898,131.476,7.34073],"tipVelocity":[-98.505,71.2112,-57.6845],"tool":false},{"direction":[0.594691,0.627812,-0.502191],"handId":1,"id":11,"length":39.1176,"tipPosition":[-20.4509,114.083,82.3315],"tipVelocity":[20.9613,-6.19265,-82.1571],"tool":false}],"r":[[0.693895,-0.0495617,-0.718369],[0.405918,0.850933,0.333381],[0.594761,-0.522931,0.610576]],"s":1.54131,"t":[26.7448,-234.449,-190.187],"timestamp":133023386},
{"hands":[{"direction":[-0.329794,0.101013,-0.891406],"id":4,"palmNormal":[-0.154315,-0.893569,-0.0747428],"palmPosition":[49.4323,132.355,-30.5804],"palmVelocity":[238.009,604.197,-560.641],"r":[[0.976593,0.213891,0.0227314],[-0.210219,0.971484,-0.109665],[-0.0455395,0.102319,0.993709]],"s":0.966016,"sphereCenter":[24.3195,84.1095,-9.2992],"sphereRadius":70.7209,"t":[8.91369,26.7453,19.3807]}],"id":6027,"pointables":[{"direction":[-0.302179,-0.569687,-0.764294],"handId":4,"id":7,"length":63.6947,"tipPosition":[43.514,136.742,-52.8118],"tipVelocity":[273.338,693.461,287.027],"tool":false},{"direction":[-0.320069,-0.523087,-0.789896],"handId":4,"id":6,"length":55.5861,"tipPosition":[62.0217,122.085,-51.1691],"tipVelocity":[277.293,608.589,434.403],"tool":false},{"direction":[-0.37507,-0.379544,-0.845735],"handId":4,"id":15,"length":55.5466,"tipPosition":[75.7265,95.6055,-47.2333],"tipVelocity":[177.496,225.35,402.557],"tool":false},{"direction":[-0.199205,-0.334331,-0.921162],"handId":4,"id":3,"length":34.6807,"tipPosition":[20.1236,149.024,-42.1132],"tipVelocity":[181.485,825.765,298.259],"tool":false},{"direction":[0.333448,0.10486,-0.936919],"handId":4,"id":10,"length":61.3448,"tipPosition":[-66.3342,167.378,-4.39846],"tipVelocity":[-136.306,255.922,-52.0212],"tool":false},{"direction":[0.381401,0.0676889,-0.921928],"handId":4,"id":9,"length":74.202,"tipPosition":[-94.2041,161.446,-4.12956],"tipVelocity":[-166.161,214.676,-77.3256],"tool":false},{"direction":[-0.0513258,0.176854,-0.982898],"handId":4,"id":13,"length":54.0502,"tipPosition":[-10.1247,102.054,2.5946],"tipVelocity":[182.124,-463.496,231.345],"tool":false},{"direction":[0.261989,0.0757565,-0.962093],"handId":4,"id":12,"length":54.761,"tipPosition":[-117.821,132.012,6.67425],"tipVelocity":[-112.532,65.3442,-81.2579],"tool":false},{"direction":[0.596636,0.615306,-0.515193],"handId":1,"id":11,"length":39.0864,"tipPosition":[-20.2446,113.82,81.4341],"tipVelocity":[25.149,-32.0003,-109.404],"tool":false}],"r":[[0.67596,-0.0511743,-0.73516],[0.412322,0.853089,0.319735],[0.610794,-0.51925,0.597754]],"s":1.54287,"t":[27.948,-232.438,-189.125],"timestamp":133031588},
{"hands":[{"direction":[-0.304056,0.164909,-0.876587],"id":4,"palmNormal":[-0.156639,-0.878233,-0.143997],"palmPosition":[50.9989,122.446,7.10258],"palmVelocity":[180.832,-1143.85,4349.88],"r":[[0.97427,0.225014,0.0129119],[-0.221968,0.967863,-0.118203],[-0.0390942,0.112295,0.992906]],"s":0.982563,"sphereCenter":[26.2296,86.1826,-7.44411],"sphereRadius":69.6561,"t":[10.5678,30.1216,21.584]}],"id":6028,"pointables":[{"direction":[-0.29419,-0.491781,-0.819514],"handId":4,"id":7,"length":64.4373,"tipPosition":[45.5532,141.664,-51.6758],"tipVelocity":[235.393,568.192,131.13],"tool":false},{"direction":[-0.308649,-0.472228,-0.825673],"handId":4,"id":6,"length":56.37,"tipPosition":[64.1681,126.119,-48.8129],"tipVelocity":[247.76,465.673,271.98],"tool":false},{"direction":[-0.354165,-0.360642,-0.862847],"handId":4,"id":15,"length":55.5114,"tipPosition":[77.3754,97.0976,-44.2533],"tipVelocity":[190.343,172.235,343.995],"tool":false},{"direction":[-0.19812,-0.242876,-0.94961],"handId":4,"id":3,"length":36.8749,"tipPosition":[21.3545,155.09,-39.3137],"tipVelocity":[142.09,700.155,323.158],"tool":false},{"direction":[0.372632,0.0865946,-0.92393],"handId":5,"id":9,"length":74.3158,"tipPosition":[-95.4215,163.07,-5.40108],"tipVelocity":[-140.525,187.563,-146.777],"tool":false},{"direction":[0.333202,0.120681,-0.9351],"handId":5,"id":10,"length":62.2947,"tipPosition":[-67.3769,169.467,-5.31607],"tipVelocity":[-120.353,241.094,-105.923],"tool":false},{"direction":[-0.00756143,-0.132072,-0.991211],"handId":-1,"id":13,"length":54.363,"tipPosition":[-23.8365,136.02,3.28983],"tipVelocity":[-1582.8,3920.76,80.2537],"tool":false},{"direction":[0.254304,0.0825577,-0.963594],"handId":5,"id":12,"length":54.7593,"tipPosition":[-118.814,132.353,6.0735],"tipVelocity":[-114.617,39.436,-69.3474],"tool":false},{"direction":[0.59959,0.601239,-0.528209],"handId":1,"id":11,"length":39.0681,"tipPosition":[-20.0209,113.377,80.3786],"tipVelocity":[25.822,-51.2073,-121.839],"tool":false}],"r":[[0.65795,-0.0514062,-0.751305],[0.418223,0.854611,0.307781],[0.626252,-0.516717,0.58379]],"s":1.53947,"t":[28.6614,-230.389,-188.247],"timestamp":133040251},
{"hands":[{"direction":[-0.273622,0.225161,-0.860729],"id":4,"palmNormal":[-0.16257,-0.860059,-0.208547],"palmPosition":[52.0541,118.647,21.4067],"palmVelocity":[117.969,-424.62,1599.12],"r":[[0.97107,0.238774,0.00328425],[-0.236562,0.963767,-0.123254],[-0.0325953,0.118912,0.99237]],"s":1.00904,"sphereCenter":[27.694,88.2212,-6.08169],"sphereRadius":68.7107,"t":[12.3251,33.747,23.7395]}],"id":6029,"pointables":[{"direction":[-0.282396,-0.399757,-0.872036],"handId":4,"id":7,"length":65.1033,"tipPosition":[47.4949,146.147,-51.2009],"tipVelocity":[217.065,501.171,53.0906],"tool":false},{"direction":[-0.293342,-0.414819,-0.861322],"handId":4,"id":6,"length":57.0306,"tipPosition":[66.2629,129.385,-46.9749],"tipVelocity":[234.193,365.111,205.482],"tool":false},{"direction":[-0.326143,-0.337932,-0.882855],"handId":4,"id":15,"length":55.4349,"tipPosition":[79.1549,98.1702,-41.523],"tipVelocity":[198.94,119.909,305.235],"tool":false},{"direction":[-0.193809,-0.14919,-0.969629],"handId":4,"id":3,"length":38.8923,"tipPosition":[22.2288,160.525,-36.936],"tipVelocity":[97.7414,607.577,265.807],"tool":false},{"direction":[0.362667,0.107766,-0.925667],"handId":5,"id":9,"length":74.4216,"tipPosition":[-96.6865,164.423,-6.68105],"tipVelocity":[-141.416,151.213,-143.093],"tool":false},{"direction":[0.331336,0.139075,-0.933207],"handId":5,"id":10,"length":63.149,"tipPosition":[-68.5065,171.47,-6.32848],"tipVelocity":[-126.288,223.872,-113.182],"tool":false},{"direction":[0.245207,0.0888151,-0.965394],"handId":5,"id":12,"length":54.7489,"tipPosition":[-119.827,132.477,5.38885],"tipVelocity":[-113.215,13.8475,-76.5399],"tool":false},{"direction":[0.0281469,-0.0738962,-0.996869],"handId":-1,"id":13,"length":52.8734,"tipPosition":[-33.1707,159.441,5.46811],"tipVelocity":[-1043.5,2618.33,243.519],"tool":false},{"direction":[0.601501,0.591391,-0.537079],"handId":1,"id":11,"length":39.028,"tipPosition":[-19.7771,112.71,79.1747],"tipVelocity":[27.2614,-74.5909,-134.588],"tool":false}],"r":[[0.640276,-0.0510137,-0.766449],[0.423568,0.855836,0.296877],[0.64081,-0.514726,0.569579]],"s":1.54542,"t":[29.14,-228.363,-187.57],"timestamp":133049196},
{"hands":[{"direction":[-0.246029,0.276397,-0.84822],"id":4,"palmNormal":[-0.166373,-0.84575,-0.26315],"palmPosition":[52.7247,116.134,28.3316],"palmVelocity":[77.5059,-290.478,800.381],"r":[[0.967268,0.253715,-0.00470509],[-0.252245,0.959309,-0.126879],[-0.0276775,0.123913,0.991907]],"s":1.04306,"sphereCenter":[28.9248,90.1443,-4.98227],"sphereRadius":67.9689,"t":[14.1387,37.2355,25.5972]}],"id":6030,"pointables":[{"direction":[-0.265583,-0.295631,-0.917643],"handId":4,"id":7,"length":65.6839,"tipPosition":[49.3797,150.278,-50.5848],"tipVelocity":[217.845,477.504,71.2057],"tool":false},{"direction":[-0.27374,-0.353382,-0.894532],"handId":4,"id":6,"length":59.6317,"tipPosition":[68.3189,131.957,-46.1465],"tipVelocity":[237.626,297.281,95.744],"tool":false},{"direction":[-0.287138,-0.31051,-0.906165],"handId":4,"id":15,"length":55.3444,"tipPosition":[81.01,98.7257,-39.232],"tipVelocity":[214.411,64.2071,264.792],"tool":false},{"direction":[-0.187344,-0.0592431,-0.980506],"handId":4,"id":3,"length":41.541,"tipPosition":[22.8054,165.26,-34.3745],"tipVelocity":[66.6412,547.313,296.055],"tool":false},{"direction":[0.346052,0.127439,-0.92952],"handId":5,"id":9,"length":72.7917,"tipPosition":[-98.1323,165.795,-8.23067],"tipVelocity":[-167.109,158.63,-179.106],"tool":false},{"direction":[0.317123,0.159599,-0.934859],"handId":5,"id":10,"length":61.4735,"tipPosition":[-69.7154,173.494,-7.61833],"tipVelocity":[-139.73,234.034,-149.081],"tool":false},{"direction":[0.228995,0.0997055,-0.968308],"handId":5,"id":12,"length":53.4596,"tipPosition":[-120.875,132.458,4.42317],"tipVelocity":[-121.139,-2.2583,-111.614],"tool":false},{"direction":[0.0917356,-0.0195991,-0.995591],"handId":2,"id":13,"length":52.6586,"tipPosition":[-38.3337,165.505,6.56279],"tipVelocity":[-596.745,700.906,126.524],"tool":false},{"direction":[0.602498,0.584428,-0.543544],"handId":1,"id":11,"length":38.9524,"tipPosition":[-19.4509,111.959,77.7982],"tipVelocity":[37.7031,-86.7954,-159.099],"tool":false}],"r":[[0.622937,-0.0507119,-0.780626],[0.428248,0.857191,0.286055],[0.654639,-0.512496,0.555694]],"s":1.5553,"t":[29.5424,-226.338,-186.923],"timestamp":133057848},
{"hands":[{"direction":[-0.215266,0.325037,-0.834033],"id":4,"palmNormal":[-0.167052,-0.829384,-0.315614],"palmPosition":[52.3794,115.306,29.3687],"palmVelocity":[-40.3744,-96.8701,121.275],"r":[[0.964412,0.264027,-0.0141049],[-0.26349,0.955282,-0.134198],[-0.0219577,0.133139,0.990854]],"s":1.07589,"sphereCenter":[28.6951,91.6103,-4.08901],"sphereRadius":68.103,"t":[15.9131,39.9593,27.32]}],"id":6031,"pointables":[{"direction":[-0.243867,-0.186218,-0.951762],"handId":4,"id":7,"length":64.9543,"tipPosition":[51.1147,153.817,-49.3028],"tipVelocity":[202.876,413.834,149.917],"tool":false},{"direction":[-0.248409,-0.286544,-0.925303],"handId":4,"id":6,"length":61.0038,"tipPosition":[70.4861,133.916,-45.543],"tipVelocity":[253.414,229.053,70.5746],"tool":false},{"direction":[-0.238591,-0.28326,-0.928891],"handId":4,"id":15,"length":55.2147,"tipPosition":[82.8277,98.6343,-37.1571],"tipVelocity":[212.55,-10.6941,242.621],"tool":false},{"direction":[-0.179494,0.0288278,-0.983337],"handId":4,"id":3,"length":44.7021,"tipPosition":[23.1369,168.924,-30.7912],"tipVelocity":[38.7725,428.453,419.012],"tool":false},{"direction":[0.330316,0.149913,-0.931889],"handId":5,"id":9,"length":71.7181,"tipPosition":[-99.5563,166.822,-9.85186],"tipVelocity":[-166.505,120.013,-189.569],"tool":false},{"direction":[0.305129,0.182095,-0.934739],"handId":5,"id":10,"length":60.9432,"tipPosition":[-71.0573,175.22,-8.61943],"tipVelocity":[-156.903,201.775,-117.061],"tool":false},{"direction":[0.211791,0.110697,-0.971026],"handId":5,"id":12,"length":52.5298,"tipPosition":[-121.937,132.227,3.43124],"tipVelocity":[-124.195,-27.0224,-115.988],"tool":false},{"direction":[0.143663,0.0824605,-0.986185],"handId":2,"id":13,"length":52.0992,"tipPosition":[-40.8372,167.387,6.53033],"tipVelocity":[-292.734,220.062,-3.79608],"tool":false},{"direction":[0.611649,0.591047,-0.525879],"handId":4,"id":11,"length":38.537,"tipPosition":[-21.9236,109.506,79.3862],"tipVelocity":[-289.139,-286.835,185.686],"tool":false}],"r":[[0.605643,-0.0497248,-0.794182],[0.43192,0.858768,0.275613],[0.668313,-0.509946,0.541584]],"s":1.56753,"t":[29.2126,-224.462,-186.299],"timestamp":133066400},
{"hands":[{"direction":[-0.182859,0.368282,-0.820796],"id":4,"palmNormal":[-0.172944,-0.812843,-0.362075],"palmPosition":[52.2701,114.298,29.9978],"palmVelocity":[-12.6538,-116.751,72.849],"r":[[0.962277,0.270981,-0.0243445],[-0.271617,0.951637,-0.143563],[-0.0157359,0.14476,0.989342]],"s":1.10611,"sphereCenter":[28.4882,92.8618,-3.40991],"sphereRadius":68.2688,"t":[17.5826,41.9245,28.8502]}],"id":6032,"pointables":[{"direction":[-0.217375,-0.0760675,-0.97312],"handId":4,"id":7,"length":68.536,"tipPosition":[52.6794,156.697,-47.9651],"tipVelocity":[181.206,333.472,154.914],"tool":false},{"direction":[-0.217689,-0.21761,-0.95145],"handId":4,"id":6,"length":64.1812,"tipPosition":[72.8161,135.123,-44.7184],"tipVelocity":[269.83,139.766,95.4854],"tool":false},{"direction":[-0.184856,-0.259271,-0.947949],"handId":4,"id":15,"length":54.9992,"tipPosition":[84.4174,97.8955,-35.1579],"tipVelocity":[184.097,-85.5559,231.526],"tool":false},{"direction":[-0.170088,0.110296,-0.979237],"handId":4,"id":3,"length":47.737,"tipPosition":[23.1972,171.644,-27.4387],"tipVelocity":[6.97318,314.942,388.236],"tool":false},{"direction":[0.313273,0.176677,-0.933084],"handId":5,"id":9,"length":71.0606,"tipPosition":[-101.023,167.539,-11.4542],"tipVelocity":[-169.808,83.0716,-185.564],"tool":false},{"direction":[0.295087,0.206487,-0.932892],"handId":5,"id":10,"length":59.9157,"tipPosition":[-72.4436,176.448,-9.26745],"tipVelocity":[-160.549,142.216,-75.0457],"tool":false},{"direction":[0.196519,0.117875,-0.973389],"handId":5,"id":12,"length":51.7808,"tipPosition":[-123.02,131.764,2.4297],"tipVelocity":[-125.419,-53.5741,-115.986],"tool":false},{"direction":[0.18088,0.168968,-0.968882],"handId":2,"id":13,"length":51.29,"tipPosition":[-42.4406,168.587,6.01762],"tipVelocity":[-185.691,138.958,-59.3762],"tool":false},{"direction":[0.591598,0.654126,-0.471307],"handId":4,"id":11,"length":37.9415,"tipPosition":[-23.6067,107.38,80.1787],"tipVelocity":[-194.923,-246.171,91.7813],"tool":false}],"r":[[0.588763,-0.048111,-0.806873],[0.434734,0.860404,0.265916],[0.681443,-0.507336,0.527489]],"s":1.58063,"t":[28.5062,-222.924,-185.59],"timestamp":133075035},
