[
{"hands":[{"direction":[-0.0804235,0.543865,-0.835284],"id":8,"palmNormal":[-0.105552,-0.837946,-0.535418],"palmPosition":[5.40084,154.629,19.5223],"palmVelocity":[-1.59683,-15.9686,5.85047],"r":[[0.958535,-0.283292,0.0309127],[0.28462,0.946294,-0.153363],[0.014194,0.155802,0.987686]],"s":0.963443,"sphereCenter":[0.000757398,149.096,-22.152],"sphereRadius":59.438,"t":[-35.7267,16.1804,-92.5916]}],"id":17686,"pointables":[{"direction":[0.0300867,-0.0434596,-0.998602],"handId":8,"id":17,"length":69.8937,"tipPosition":[14.5305,195.51,-69.7782],"tipVelocity":[-10.0704,-22.5776,15.0691],"tool":false},{"direction":[0.0193088,-0.121464,-0.992408],"handId":8,"id":12,"length":54.056,"tipPosition":[38.0164,180.103,-60.113],"tipVelocity":[-6.41548,-16.1942,-10.3977],"tool":false},{"direction":[-0.0910471,-0.0859164,-0.992133],"handId":8,"id":14,"length":67.5449,"tipPosition":[-24.7452,196.437,-58.9916],"tipVelocity":[-16.4697,-30.6495,-17.0915],"tool":false},{"direction":[0.122832,-0.0679166,-0.990101],"handId":8,"id":1,"length":36.0583,"tipPosition":[55.1632,150.441,-38.2782],"tipVelocity":[-3.20373,-10.8809,-8.77331],"tool":false},{"direction":[-0.285189,-0.237468,-0.928588],"handId":8,"id":4,"length":52.7793,"tipPosition":[-49.2437,129.96,-14.4644],"tipVelocity":[5.52787,-17.4874,26.3774],"tool":false}],"r":[[-0.662526,0.537811,-0.521362],[0.344187,-0.399622,-0.84961],[-0.665278,-0.742335,0.0796527]],"s":-1.62823,"t":[-58.536,-393.376,616.446],"timestamp":179410350},
{"hands":[{"direction":[-0.0813992,0.542504,-0.836063],"id":8,"palmNormal":[-0.104766,-0.838989,-0.533918],"palmPosition":[5.38975,154.519,19.5261],"palmVelocity":[-1.23088,-12.2056,0.431289],"r":[[0.958428,-0.283598,0.0314378],[0.285003,0.946175,-0.15338],[0.0137524,0.155963,0.987667]],"s":0.963155,"sphereCenter":[-0.0306968,148.905,-21.9502],"sphereRadius":59.4656,"t":[-35.7973,15.9923,-92.6248]}],"id":17687,"pointables":[{"direction":[0.0295766,-0.042548,-0.998657],"handId":8,"id":17,"length":69.6577,"tipPosition":[14.3987,195.345,-69.1072],"tipVelocity":[-14.6411,-18.3961,74.5223],"tool":false},{"direction":[0.0193713,-0.120912,-0.992474],"handId":8,"id":12,"length":54.0969,"tipPosition":[37.9407,179.868,-60.1594],"tipVelocity":[-8.40346,-26.1265,-5.15232],"tool":false},{"direction":[-0.0917166,-0.0862285,-0.992045],"handId":8,"id":14,"length":67.6035,"tipPosition":[-24.9016,196.144,-59.068],"tipVelocity":[-17.3764,-32.4834,-8.48032],"tool":false},{"direction":[0.122855,-0.0674586,-0.990129],"handId":8,"id":1,"length":35.9828,"tipPosition":[55.1132,150.306,-38.2951],"tipVelocity":[-5.55698,-14.9105,-1.88668],"tool":false},{"direction":[-0.285867,-0.237432,-0.928389],"handId":8,"id":4,"length":52.8027,"tipPosition":[-49.2254,129.722,-14.3573],"tipVelocity":[2.02734,-26.4318,11.8938],"tool":false}],"r":[[-0.662976,0.537623,-0.520984],[0.343941,-0.399385,-0.849821],[-0.664956,-0.742599,0.079872]],"s":-1.62852,"t":[-58.6066,-393.564,616.413],"timestamp":179419354},
{"hands":[{"direction":[-0.0824255,0.542454,-0.835994],"id":8,"palmNormal":[-0.104424,-0.839057,-0.533885],"palmPosition":[5.35696,154.388,19.4442],"palmVelocity":[-3.56619,-14.2052,-8.91197],"r":[[0.958268,-0.284063,0.0320945],[0.285569,0.94605,-0.153099],[0.0131268,0.155875,0.987689]],"s":0.963301,"sphereCenter":[-0.105026,148.726,-22.0286],"sphereRadius":59.4729,"t":[-35.8741,15.7695,-92.6752]}],"id":17688,"pointables":[{"direction":[0.0293511,-0.0431903,-0.998636],"handId":8,"id":17,"length":69.5385,"tipPosition":[14.3157,195.004,-69.7008],"tipVelocity":[-9.02415,-37.0123,-64.5553],"tool":false},{"direction":[0.0192238,-0.121004,-0.992466],"handId":8,"id":12,"length":53.9882,"tipPosition":[37.8554,179.639,-60.2274],"tipVelocity":[-9.28239,-24.8664,-7.39825],"tool":false},{"direction":[-0.0924334,-0.085971,-0.992001],"handId":8,"id":14,"length":67.5448,"tipPosition":[-25.0832,195.887,-59.1357],"tipVelocity":[-19.7439,-27.9959,-7.36288],"tool":false},{"direction":[0.122886,-0.0666991,-0.990177],"handId":8,"id":1,"length":35.8985,"tipPosition":[55.0572,150.187,-38.3331],"tipVelocity":[-6.08161,-12.9336,-4.13164],"tool":false},{"direction":[-0.286417,-0.237832,-0.928117],"handId":8,"id":4,"length":52.8251,"tipPosition":[-49.2158,129.405,-14.3238],"tipVelocity":[1.04238,-34.4524,3.65166],"tool":false}],"r":[[-0.663559,0.537431,-0.520439],[0.343376,-0.399266,-0.850105],[-0.664667,-0.742802,0.0803961]],"s":-1.62837,"t":[-58.6834,-393.787,616.363],"timestamp":179428550},
{"hands":[{"direction":[-0.0825131,0.542578,-0.835909],"id":8,"palmNormal":[-0.104771,-0.838942,-0.534003],"palmPosition":[5.3214,154.22,19.4052],"palmVelocity":[-3.80571,-18.0221,-4.16837],"r":[[0.958048,-0.284719,0.0328621],[0.28634,0.945875,-0.15274],[0.0124043,0.155742,0.98772]],"s":0.963566,"sphereCenter":[-0.167978,148.526,-22.1128],"sphereRadius":59.4758,"t":[-35.9582,15.5096,-92.7483]}],"id":17689,"pointables":[{"direction":[0.0292369,-0.0437242,-0.998616],"handId":8,"id":17,"length":69.3917,"tipPosition":[14.2226,194.707,-70.1009],"tipVelocity":[-9.96378,-31.7801,-42.8124],"tool":false},{"direction":[0.0190553,-0.120991,-0.992471],"handId":8,"id":12,"length":53.9617,"tipPosition":[37.7641,179.435,-60.3232],"tipVelocity":[-9.76871,-21.8573,-10.2474],"tool":false},{"direction":[-0.0930931,-0.0866426,-0.99188],"handId":8,"id":14,"length":67.5724,"tipPosition":[-25.2765,195.517,-59.1543],"tipVelocity":[-20.6919,-39.5316,-1.98819],"tool":false},{"direction":[0.123005,-0.0661646,-0.990198],"handId":8,"id":1,"length":35.8847,"tipPosition":[54.9974,150.056,-38.4369],"tipVelocity":[-6.40781,-14.0522,-11.1064],"tool":false},{"direction":[-0.286071,-0.238065,-0.928164],"handId":8,"id":4,"length":52.884,"tipPosition":[-49.2261,129.08,-14.3632],"tipVelocity":[-1.09993,-34.7845,-4.2253],"tool":false}],"r":[[-0.664268,0.537265,-0.519706],[0.34262,-0.399087,-0.850494],[-0.664349,-0.743018,0.081023]],"s":-1.62811,"t":[-58.7675,-394.047,616.29],"timestamp":179437894},
{"hands":[{"direction":[-0.0816906,0.542685,-0.835922],"id":8,"palmNormal":[-0.104679,-0.838832,-0.534198],"palmPosition":[5.25592,154.029,19.39],"palmVelocity":[-7.1791,-20.8982,-1.67208],"r":[[0.957746,-0.285662,0.0334723],[0.287373,0.945643,-0.152239],[0.011836,0.155425,0.987777]],"s":0.96395,"sphereCenter":[-0.229932,148.316,-22.1992],"sphereRadius":59.4625,"t":[-36.0493,15.2556,-92.8545]}],"id":17690,"pointables":[{"direction":[0.0289117,-0.0440391,-0.998611],"handId":8,"id":17,"length":69.3381,"tipPosition":[14.1221,194.459,-70.4609],"tipVelocity":[-11.0162,-27.2072,-39.4795],"tool":false},{"direction":[0.0189239,-0.120687,-0.99251],"handId":8,"id":12,"length":54.0718,"tipPosition":[37.6659,179.22,-60.3216],"tipVelocity":[-10.764,-23.5962,0.171183],"tool":false},{"direction":[-0.0936259,-0.0869437,-0.991804],"handId":8,"id":14,"length":67.5746,"tipPosition":[-25.5092,195.054,-59.6059],"tipVelocity":[-25.5139,-50.8231,-49.5206],"tool":false},{"direction":[0.12259,-0.066819,-0.990205],"handId":8,"id":1,"length":35.8616,"tipPosition":[54.9337,149.909,-38.5761],"tipVelocity":[-6.9866,-16.0773,-15.2637],"tool":false},{"direction":[-0.28612,-0.238432,-0.928055],"handId":8,"id":4,"length":52.9288,"tipPosition":[-49.2306,128.704,-14.4477],"tipVelocity":[-0.490664,-41.177,-9.26617],"tool":false}],"r":[[-0.664935,0.537357,-0.518757],[0.341594,-0.398861,-0.851013],[-0.66421,-0.743073,0.081659]],"s":-1.62772,"t":[-58.8586,-394.301,616.184],"timestamp":179447014},
{"hands":[{"direction":[-0.082726,0.543274,-0.835434],"id":8,"palmNormal":[-0.104631,-0.83843,-0.534839],"palmPosition":[5.1864,153.858,19.3044],"palmVelocity":[-7.59776,-18.66,-9.35428],"r":[[0.957332,-0.287045,0.0334871],[0.288744,0.945277,-0.151916],[0.0119522,0.155103,0.987826]],"s":0.964149,"sphereCenter":[-0.294922,148.1,-22.2469],"sphereRadius":59.441,"t":[-36.15,14.9987,-92.9704]}],"id":17691,"pointables":[{"direction":[0.0286182,-0.0443208,-0.998607],"handId":8,"id":17,"length":69.2685,"tipPosition":[14.008,194.199,-70.7154],"tipVelocity":[-12.4639,-28.3919,-27.8016],"tool":false},{"direction":[-0.0943676,-0.0875684,-0.991679],"handId":8,"id":14,"length":67.5833,"tipPosition":[-25.762,194.66,-59.8826],"tipVelocity":[-27.6266,-43.0381,-30.2315],"tool":false},{"direction":[0.0190137,-0.120349,-0.99255],"handId":8,"id":12,"length":53.8711,"tipPosition":[37.5555,179.121,-59.3495],"tipVelocity":[-12.0674,-10.8046,106.228],"tool":false},{"direction":[0.122593,-0.0664915,-0.990227],"handId":8,"id":1,"length":35.8284,"tipPosition":[54.8679,149.823,-38.6064],"tipVelocity":[-7.18777,-9.42366,-3.30937],"tool":false},{"direction":[-0.28605,-0.238963,-0.92794],"handId":8,"id":4,"length":52.9796,"tipPosition":[-49.2217,128.271,-14.5735],"tipVelocity":[0.973691,-47.3718,-13.742],"tool":false}],"r":[[-0.665286,0.538078,-0.517557],[0.340459,-0.3983,-0.85173],[-0.664441,-0.742852,0.0817904]],"s":-1.62752,"t":[-58.9593,-394.558,616.068],"timestamp":179456165},
{"hands":[{"direction":[-0.082822,0.543057,-0.83557],"id":8,"palmNormal":[-0.103514,-0.838637,-0.53473],"palmPosition":[5.09363,153.618,19.2919],"palmVelocity":[-10.417,-26.9834,-1.40562],"r":[[0.956844,-0.288634,0.0337595],[0.290358,0.944814,-0.151719],[0.0118947,0.154974,0.987847]],"s":0.964316,"sphereCenter":[-0.359589,147.893,-22.3523],"sphereRadius":59.4305,"t":[-36.2424,14.7359,-93.0878]}],"id":17692,"pointables":[{"direction":[0.0281582,-0.0442555,-0.998623],"handId":8,"id":17,"length":69.2989,"tipPosition":[13.8742,194.02,-70.5635],"tipVelocity":[-15.0247,-20.1009,17.0481],"tool":false},{"direction":[-0.0950727,-0.0874569,-0.991621],"handId":8,"id":14,"length":67.6025,"tipPosition":[-25.9842,194.305,-60.1001],"tipVelocity":[-24.9454,-39.9082,-24.4274],"tool":false},{"direction":[0.0186909,-0.121085,-0.992466],"handId":8,"id":12,"length":53.8121,"tipPosition":[37.4715,178.852,-59.8334],"tipVelocity":[-9.42846,-30.1642,-54.333],"tool":false},{"direction":[0.122042,-0.066317,-0.990307],"handId":8,"id":1,"length":35.79,"tipPosition":[54.8166,149.787,-38.7006],"tipVelocity":[-5.75557,-4.0194,-10.5744],"tool":false},{"direction":[-0.285679,-0.240169,-0.927743],"handId":8,"id":4,"length":53.0264,"tipPosition":[-49.1959,127.816,-14.6923],"tipVelocity":[2.88966,-51.096,-13.3441],"tool":false}],"r":[[-0.66587,0.538736,-0.51612],[0.339242,-0.397499,-0.85259],[-0.664478,-0.742804,0.0819209]],"s":-1.62736,"t":[-59.0517,-394.821,615.95],"timestamp":179465070},
{"hands":[{"direction":[-0.0832976,0.542528,-0.835867],"id":8,"palmNormal":[-0.102067,-0.839085,-0.534295],"palmPosition":[5.01443,153.325,19.3788],"palmVelocity":[-8.37302,-30.9799,9.18917],"r":[[0.956261,-0.29051,0.0341754],[0.292276,0.944231,-0.151668],[0.0117917,0.155023,0.987841]],"s":0.964495,"sphereCenter":[-0.403335,147.688,-22.3691],"sphereRadius":59.4355,"t":[-36.323,14.5136,-93.1985]}],"id":17693,"pointables":[{"direction":[0.0277267,-0.0434809,-0.998669],"handId":8,"id":17,"length":69.3258,"tipPosition":[13.7507,193.842,-70.5181],"tipVelocity":[-13.0552,-18.8851,4.79898],"tool":false},{"direction":[-0.0957368,-0.0879321,-0.991515],"handId":8,"id":14,"length":67.628,"tipPosition":[-26.1787,193.943,-60.204],"tipVelocity":[-20.5643,-38.2391,-10.9889],"tool":false},{"direction":[0.0185801,-0.120634,-0.992523],"handId":8,"id":12,"length":53.8149,"tipPosition":[37.4027,178.67,-60.1529],"tipVelocity":[-7.27259,-19.2278,-33.7778],"tool":false},{"direction":[0.121586,-0.0658342,-0.990395],"handId":8,"id":1,"length":35.7507,"tipPosition":[54.7548,149.786,-38.7142],"tipVelocity":[-6.53533,-0.160947,-1.4424],"tool":false},{"direction":[-0.285675,-0.241004,-0.927527],"handId":8,"id":4,"length":53.0704,"tipPosition":[-49.1492,127.301,-14.8216],"tipVelocity":[4.9369,-54.4673,-13.6639],"tool":false}],"r":[[-0.666625,0.539448,-0.5144],[0.337917,-0.396405,-0.853624],[-0.664397,-0.742872,0.0819644]],"s":-1.62718,"t":[-59.1323,-395.043,615.84],"timestamp":179474530},
{"hands":[{"direction":[-0.0845022,0.542028,-0.836067],"id":8,"palmNormal":[-0.0997576,-0.839541,-0.533987],"palmPosition":[4.97447,153.083,19.3492],"palmVelocity":[-4.45952,-26.9638,-3.30726],"r":[[0.955537,-0.292867,0.0343322],[0.294625,0.943478,-0.151805],[0.0120669,0.15517,0.987814]],"s":0.964475,"sphereCenter":[-0.45553,147.456,-22.364],"sphereRadius":59.4206,"t":[-36.4035,14.2633,-93.3111]}],"id":17694,"pointables":[{"direction":[0.0271513,-0.043425,-0.998688],"handId":8,"id":17,"length":69.4484,"tipPosition":[13.652,193.563,-70.8492],"tipVelocity":[-11.0208,-31.0656,-36.9513],"tool":false},{"direction":[-0.096419,-0.0885174,-0.991397],"handId":8,"id":14,"length":67.6334,"tipPosition":[-26.3576,193.554,-60.303],"tipVelocity":[-19.9702,-43.3953,-11.0405],"tool":false},{"direction":[0.0186054,-0.120257,-0.992568],"handId":8,"id":12,"length":53.5939,"tipPosition":[37.3223,178.638,-59.3784],"tipVelocity":[-8.97625,-3.59392,86.4342],"tool":false},{"direction":[0.121395,-0.0641979,-0.990526],"handId":8,"id":1,"length":35.6969,"tipPosition":[54.7031,149.853,-38.8288],"tipVelocity":[-5.76838,7.53282,-12.7872],"tool":false},{"direction":[-0.286692,-0.242114,-0.926924],"handId":8,"id":4,"length":53.0488,"tipPosition":[-49.0468,126.73,-14.9791],"tipVelocity":[11.4269,-63.6773,-17.5833],"tool":false}],"r":[[-0.667309,0.540585,-0.512315],[0.336425,-0.39491,-0.854906],[-0.664468,-0.742842,0.0816609]],"s":-1.6272,"t":[-59.2128,-395.293,615.727],"timestamp":179483490},
{"hands":[{"direction":[-0.0866345,0.541704,-0.836043],"id":8,"palmNormal":[-0.0971403,-0.839876,-0.533913],"palmPosition":[4.92608,152.845,19.2976],"palmVelocity":[-5.17523,-25.5325,-5.51363],"r":[[0.954669,-0.29558,0.0352032],[0.297436,0.94255,-0.152087],[0.0117731,0.155664,0.98774]],"s":0.96443,"sphereCenter":[-0.483676,147.226,-22.4943],"sphereRadius":59.3962,"t":[-36.4735,14.0124,-93.5006]}],"id":17695,"pointables":[{"direction":[0.0267208,-0.043329,-0.998703],"handId":8,"id":17,"length":69.5378,"tipPosition":[13.5663,193.312,-71.1157],"tipVelocity":[-9.16958,-26.8829,-28.497],"tool":false},{"direction":[-0.0974382,-0.0888668,-0.991266],"handId":8,"id":14,"length":67.7368,"tipPosition":[-26.5207,193.197,-60.2632],"tipVelocity":[-17.4412,-38.1534,4.25004],"tool":false},{"direction":[0.0187064,-0.11941,-0.992669],"handId":8,"id":12,"length":53.5899,"tipPosition":[37.2628,178.478,-59.9935],"tipVelocity":[-6.36936,-17.0831,-65.7766],"tool":false},{"direction":[0.120365,-0.0639507,-0.990668],"handId":8,"id":1,"length":35.6999,"tipPosition":[54.6792,150.029,-39.2086],"tipVelocity":[-2.55654,18.8128,-40.6237],"tool":false},{"direction":[-0.286859,-0.24441,-0.92627],"handId":8,"id":4,"length":53.0439,"tipPosition":[-48.8727,126.07,-15.1986],"tipVelocity":[18.6233,-70.6096,-23.469],"tool":false}],"r":[[-0.668583,0.541429,-0.509757],[0.334714,-0.393025,-0.856445],[-0.664051,-0.743227,0.0815456]],"s":-1.62724,"t":[-59.2828,-395.544,615.537],"timestamp":179492840},
{"hands":[{"direction":[-0.0885929,0.541657,-0.835857],"id":8,"palmNormal":[-0.0946542,-0.839995,-0.534148],"palmPosition":[4.89409,152.64,19.1582],"palmVelocity":[-3.58786,-23.0052,-15.6404],"r":[[0.953649,-0.298709,0.0364324],[0.300711,0.941442,-0.152514],[0.0112582,0.1564,0.98763]],"s":0.964188,"sphereCenter":[-0.494334,147.032,-22.638],"sphereRadius":59.3779,"t":[-36.5309,13.7717,-93.6964]}],"id":17696,"pointables":[{"direction":[0.0263721,-0.0435769,-0.998702],"handId":8,"id":17,"length":69.5948,"tipPosition":[13.4837,193.082,-71.0931],"tipVelocity":[-9.26372,-25.8501,2.5279],"tool":false},{"direction":[0.0187389,-0.118595,-0.992766],"handId":8,"id":12,"length":53.5596,"tipPosition":[37.218,178.356,-60.6781],"tipVelocity":[-5.01958,-13.7795,-76.7842],"tool":false},{"direction":[-0.0982679,-0.0892675,-0.991148],"handId":8,"id":14,"length":67.7842,"tipPosition":[-26.684,192.88,-60.3585],"tipVelocity":[-18.3132,-35.622,-10.6846],"tool":false},{"direction":[0.119141,-0.0627635,-0.990892],"handId":8,"id":1,"length":35.6716,"tipPosition":[54.6392,150.318,-39.4107],"tipVelocity":[-4.48281,32.3307,-22.6603],"tool":false},{"direction":[-0.287097,-0.246374,-0.925675],"handId":8,"id":4,"length":53.0548,"tipPosition":[-48.6529,125.418,-15.475],"tipVelocity":[24.6472,-73.13,-30.9975],"tool":false}],"r":[[-0.670204,0.542246,-0.50675],[0.332782,-0.390746,-0.858239],[-0.663387,-0.743833,0.0814299]],"s":-1.62749,"t":[-59.3402,-395.785,615.342],"timestamp":179501757},
{"hands":[{"direction":[-0.0902338,0.541414,-0.835835],"id":8,"palmNormal":[-0.0918885,-0.84025,-0.534202],"palmPosition":[4.90898,152.431,19.0734],"palmVelocity":[1.58476,-22.2261,-9.02443],"r":[[0.952439,-0.302394,0.037664],[0.304536,0.940119,-0.153086],[0.0108835,0.157275,0.987495]],"s":0.96386,"sphereCenter":[-0.48356,146.856,-22.7074],"sphereRadius":59.3591,"t":[-36.5888,13.6117,-93.8194]}],"id":17697,"pointables":[{"direction":[0.0260542,-0.0435754,-0.99871],"handId":8,"id":17,"length":69.7322,"tipPosition":[13.4253,193.002,-71.1433],"tipVelocity":[-6.21193,-8.45494,-5.33774],"tool":false},{"direction":[0.0184971,-0.118878,-0.992737],"handId":8,"id":12,"length":53.5971,"tipPosition":[37.1785,178.3,-61.0993],"tipVelocity":[-4.20154,-5.91759,-44.8253],"tool":false},{"direction":[-0.0987776,-0.0900126,-0.99103],"handId":8,"id":14,"length":67.8485,"tipPosition":[-26.818,192.546,-60.3612],"tipVelocity":[-14.2573,-35.4728,-0.285944],"tool":false},{"direction":[0.117999,-0.0607129,-0.991156],"handId":8,"id":1,"length":35.7068,"tipPosition":[54.5756,150.701,-39.2796],"tipVelocity":[-6.77164,40.8428,13.9543],"tool":false},{"direction":[-0.28684,-0.24933,-0.924964],"handId":8,"id":4,"length":53.015,"tipPosition":[-48.3518,124.728,-15.7746],"tipVelocity":[32.0511,-73.377,-31.8916],"tool":false}],"r":[[-0.671953,0.543347,-0.503243],[0.330568,-0.388019,-0.860329],[-0.662725,-0.744456,0.0811173]],"s":-1.62781,"t":[-59.3981,-395.945,615.219],"timestamp":179511153},
{"hands":[{"direction":[-0.0907391,0.541825,-0.835519],"id":8,"palmNormal":[-0.0882458,-0.840018,-0.535118],"palmPosition":[4.92471,152.201,18.9507],"palmVelocity":[1.74982,-25.5888,-13.6384],"r":[[0.951045,-0.306598,0.0388712],[0.30887,0.938616,-0.15362],[0.0106145,0.158106,0.987365]],"s":0.963338,"sphereCenter":[-0.452768,146.675,-22.8548],"sphereRadius":59.3244,"t":[-36.6331,13.4637,-94.0117]}],"id":17698,"pointables":[{"direction":[0.0259287,-0.0431018,-0.998734],"handId":8,"id":17,"length":69.8782,"tipPosition":[13.3945,192.866,-71.1888],"tipVelocity":[-3.42609,-15.1173,-5.05988],"tool":false},{"direction":[0.0182967,-0.119271,-0.992693],"handId":8,"id":12,"length":53.6784,"tipPosition":[37.1728,178.359,-61.4115],"tipVelocity":[-0.634836,6.58844,-34.7218],"tool":false},{"direction":[-0.0992718,-0.0905764,-0.990929],"handId":8,"id":14,"length":67.9237,"tipPosition":[-26.9636,192.161,-60.7117],"tipVelocity":[-16.1971,-42.8083,-38.9896],"tool":false},{"direction":[0.116375,-0.0596328,-0.991414],"handId":8,"id":1,"length":35.6537,"tipPosition":[54.5349,151.138,-39.3348],"tipVelocity":[-4.52601,48.5777,-6.14454],"tool":false},{"direction":[-0.287775,-0.251308,-0.924138],"handId":8,"id":4,"length":52.9149,"tipPosition":[-47.9967,124.125,-16.0363],"tipVelocity":[39.4981,-67.1193,-29.1003],"tool":false}],"r":[[-0.673796,0.544728,-0.499271],[0.327974,-0.385001,-0.862674],[-0.662142,-0.745014,0.0807555]],"s":-1.62834,"t":[-59.4424,-396.093,615.026],"timestamp":179520144},
{"hands":[{"direction":[-0.0920672,0.541589,-0.835526],"id":8,"palmNormal":[-0.0841718,-0.840252,-0.535338],"palmPosition":[4.94101,151.963,18.8931],"palmVelocity":[1.80469,-26.2824,-6.38563],"r":[[0.949455,-0.311319,0.0401926],[0.313729,0.936867,-0.154446],[0.0104267,0.159249,0.987183]],"s":0.962517,"sphereCenter":[-0.362231,146.526,-22.8779],"sphereRadius":59.3036,"t":[-36.6699,13.3705,-94.1073]}],"id":17699,"pointables":[{"direction":[0.0255128,-0.0433573,-0.998734],"handId":8,"id":17,"length":69.9873,"tipPosition":[13.3628,192.828,-71.1875],"tipVelocity":[-3.50434,-4.25266,0.140085],"tool":false},{"direction":[0.0184167,-0.118141,-0.992826],"handId":8,"id":12,"length":53.7667,"tipPosition":[37.1786,178.491,-61.5506],"tipVelocity":[0.640264,14.5715,-15.4041],"tool":false},{"direction":[-0.100233,-0.0919211,-0.990709],"handId":8,"id":14,"length":67.9081,"tipPosition":[-27.0619,191.834,-60.4695],"tipVelocity":[-10.8874,-36.2314,26.8173],"tool":false},{"direction":[0.113852,-0.0601615,-0.991675],"handId":8,"id":1,"length":35.7255,"tipPosition":[54.5058,151.702,-39.309],"tipVelocity":[-3.2237,62.3941,2.85925],"tool":false},{"direction":[-0.287724,-0.253998,-0.923418],"handId":8,"id":4,"length":52.8411,"tipPosition":[-47.6168,123.506,-16.3526],"tipVelocity":[42.0542,-68.4957,-35.0219],"tool":false}],"r":[[-0.675826,0.54629,-0.494799],[0.325205,-0.381428,-0.865306],[-0.661438,-0.745708,0.0801226]],"s":-1.62916,"t":[-59.4792,-396.186,614.931],"timestamp":179529176},
{"hands":[{"direction":[-0.094269,0.541823,-0.835114],"id":8,"palmNormal":[-0.0805219,-0.840123,-0.536058],"palmPosition":[5.00473,151.812,18.7067],"palmVelocity":[6.93644,-16.4734,-20.2877],"r":[[0.947696,-0.316469,0.0414817],[0.319007,0.934936,-0.155334],[0.0103756,0.160442,0.986991]],"s":0.961474,"sphereCenter":[-0.2634,146.371,-22.9393],"sphereRadius":59.2739,"t":[-36.6964,13.2983,-94.2459]}],"id":17700,"pointables":[{"direction":[0.0251544,-0.0431038,-0.998754],"handId":8,"id":17,"length":70.1524,"tipPosition":[13.3335,192.777,-71.2366],"tipVelocity":[-3.19535,-5.57178,-5.34308],"tool":false},{"direction":[0.0184366,-0.117528,-0.992898],"handId":8,"id":12,"length":53.9067,"tipPosition":[37.1931,178.682,-61.7324],"tipVelocity":[1.58192,20.8241,-19.7843],"tool":false},{"direction":[-0.100991,-0.0924969,-0.990578],"handId":8,"id":14,"length":67.99,"tipPosition":[-27.1413,191.453,-60.672],"tipVelocity":[-8.63574,-41.4814,-22.0374],"tool":false},{"direction":[0.111606,-0.0583581,-0.992038],"handId":8,"id":1,"length":35.8447,"tipPosition":[54.4895,152.282,-39.438],"tipVelocity":[-1.77357,63.165,-14.041],"tool":false},{"direction":[-0.287465,-0.256902,-0.922695],"handId":8,"id":4,"length":52.7715,"tipPosition":[-47.2566,122.948,-16.7015],"tipVelocity":[39.2113,-60.735,-37.9827],"tool":false}],"r":[[-0.677916,0.548085,-0.489931],[0.322179,-0.377532,-0.868142],[-0.66078,-0.746373,0.079354]],"s":-1.6302,"t":[-59.5057,-396.258,614.792],"timestamp":179538362},
{"hands":[{"direction":[-0.0974784,0.541933,-0.834637],"id":8,"palmNormal":[-0.0758068,-0.840033,-0.536796],"palmPosition":[5.07541,151.688,18.4418],"palmVelocity":[7.75234,-13.6139,-29.052],"r":[[0.945823,-0.321869,0.0426532],[0.324513,0.932886,-0.156253],[0.0105024,0.161629,0.986796]],"s":0.9602,"sphereCenter":[-0.172377,146.241,-23.0598],"sphereRadius":59.2219,"t":[-36.7185,13.2733,-94.3932]}],"id":17701,"pointables":[{"direction":[0.024742,-0.0420148,-0.998811],"handId":8,"id":17,"length":70.3289,"tipPosition":[13.3301,192.799,-71.4513],"tipVelocity":[-0.370635,2.44511,-23.5484],"tool":false},{"direction":[0.0180454,-0.117453,-0.992915],"handId":8,"id":12,"length":54.0078,"tipPosition":[37.1739,178.828,-61.6508],"tipVelocity":[-2.10846,16.0166,8.94329],"tool":false},{"direction":[-0.101346,-0.0941951,-0.990382],"handId":8,"id":14,"length":68.0731,"tipPosition":[-27.159,191.054,-60.828],"tipVelocity":[-1.95065,-43.8214,-17.117],"tool":false},{"direction":[0.108892,-0.0564246,-0.992451],"handId":8,"id":1,"length":35.9346,"tipPosition":[54.4613,152.84,-39.5896],"tipVelocity":[-3.09009,61.2231,-16.632],"tool":false},{"direction":[-0.288084,-0.259847,-0.921676],"handId":8,"id":4,"length":52.6301,"tipPosition":[-46.9031,122.46,-17.04],"tipVelocity":[38.7769,-53.5643,-37.1255],"tool":false}],"r":[[-0.679961,0.550074,-0.484842],[0.319001,-0.373451,-0.871076],[-0.66022,-0.746963,0.0784579]],"s":-1.63147,"t":[-59.5278,-396.283,614.645],"timestamp":179547479},
{"hands":[{"direction":[-0.100745,0.542247,-0.83401],"id":8,"palmNormal":[-0.0714474,-0.839778,-0.537733],"palmPosition":[5.08854,151.482,18.3495],"palmVelocity":[1.38691,-21.7434,-9.75043],"r":[[0.943888,-0.327422,0.0432427],[0.330073,0.930761,-0.157275],[0.0112467,0.162723,0.986608]],"s":0.958463,"sphereCenter":[-0.0726739,146.177,-23.098],"sphereRadius":59.1523,"t":[-36.7131,13.218,-94.5207]}],"id":17702,"pointables":[{"direction":[0.0242678,-0.0418088,-0.998831],"handId":8,"id":17,"length":70.3684,"tipPosition":[13.3631,192.713,-71.6311],"tipVelocity":[3.4833,-9.06372,-18.994],"tool":false},{"direction":[-0.101812,-0.0952948,-0.990229],"handId":8,"id":14,"length":68.1348,"tipPosition":[-27.1252,190.751,-60.9355],"tipVelocity":[3.57856,-31.9111,-11.3558],"tool":false},{"direction":[0.0180207,-0.115935,-0.993093],"handId":8,"id":12,"length":54.0567,"tipPosition":[37.1575,179.109,-60.6862],"tipVelocity":[-1.72932,29.651,101.887],"tool":false},{"direction":[0.106299,-0.0537966,-0.992878],"handId":8,"id":1,"length":36.1021,"tipPosition":[54.4192,153.406,-39.6424],"tipVelocity":[-4.44935,59.7507,-5.57303],"tool":false},{"direction":[-0.289018,-0.261945,-0.92079],"handId":8,"id":4,"length":52.4857,"tipPosition":[-46.5736,122.08,-17.3229],"tipVelocity":[34.7985,-40.116,-29.8816],"tool":false}],"r":[[-0.68161,0.552519,-0.47972],[0.315838,-0.369232,-0.874022],[-0.660041,-0.747256,0.0771659]],"s":-1.63321,"t":[-59.5224,-396.339,614.517],"timestamp":179556947},
{"hands":[{"direction":[-0.103737,0.543844,-0.832561],"id":8,"palmNormal":[-0.0690292,-0.838604,-0.539872],"palmPosition":[5.10734,151.325,18.1627],"palmVelocity":[2.10024,-17.5079,-20.8596],"r":[[0.941998,-0.332671,0.044376],[0.335427,0.928741,-0.157888],[0.0113108,0.163615,0.986459]],"s":0.956686,"sphereCenter":[0.070659,146.118,-23.2199],"sphereRadius":59.0951,"t":[-36.6717,13.1876,-94.6486]}],"id":17703,"pointables":[{"direction":[0.0237522,-0.041318,-0.998864],"handId":8,"id":17,"length":70.4198,"tipPosition":[13.4405,192.708,-71.7691],"tipVelocity":[8.65149,-0.603137,-15.4077],"tool":false},{"direction":[0.0174046,-0.115923,-0.993106],"handId":8,"id":12,"length":54.142,"tipPosition":[37.1579,179.176,-61.175],"tipVelocity":[0.0463887,7.44986,-54.5889],"tool":false},{"direction":[-0.102182,-0.0967394,-0.990051],"handId":8,"id":14,"length":68.1624,"tipPosition":[-27.0347,190.437,-60.9934],"tipVelocity":[10.1038,-35.1736,-6.45637],"tool":false},{"direction":[0.103451,-0.0509841,-0.993327],"handId":8,"id":1,"length":36.1845,"tipPosition":[54.3425,153.871,-39.7709],"tipVelocity":[-8.56912,52.0033,-14.3562],"tool":false},{"direction":[-0.288768,-0.264903,-0.920022],"handId":8,"id":4,"length":52.3725,"tipPosition":[-46.1586,121.844,-17.2875],"tipVelocity":[46.3482,-26.3523,3.95512],"tool":false}],"r":[[-0.683556,0.554429,-0.474721],[0.31253,-0.365431,-0.876804],[-0.659603,-0.747709,0.0765161]],"s":-1.63499,"t":[-59.481,-396.369,614.389],"timestamp":179565901},
{"hands":[{"direction":[-0.105128,0.544948,-0.83167],"id":8,"palmNormal":[-0.0664053,-0.837826,-0.541414],"palmPosition":[5.25225,151.184,17.9791],"palmVelocity":[15.6368,-15.2609,-19.813],"r":[[0.940272,-0.337393,0.0453279],[0.340232,0.926889,-0.158493],[0.0114605,0.164448,0.986319]],"s":0.954798,"sphereCenter":[0.217504,146.032,-23.3173],"sphereRadius":59.0551,"t":[-36.5907,13.1368,-94.7966]}],"id":17704,"pointables":[{"direction":[0.023332,-0.0411523,-0.99888],"handId":8,"id":17,"length":70.4508,"tipPosition":[13.561,192.637,-71.9038],"tipVelocity":[12.9942,-7.67193,-14.5393],"tool":false},{"direction":[0.0165562,-0.11588,-0.993125],"handId":8,"id":12,"length":54.2198,"tipPosition":[37.1725,179.225,-61.53],"tipVelocity":[1.56888,5.32445,-38.316],"tool":false},{"direction":[-0.102662,-0.098032,-0.989874],"handId":8,"id":14,"length":68.2164,"tipPosition":[-26.9043,190.208,-61.1121],"tipVelocity":[14.067,-24.6161,-12.8162],"tool":false},{"direction":[0.100284,-0.0484829,-0.993777],"handId":8,"id":1,"length":36.2641,"tipPosition":[54.2212,154.19,-39.9389],"tipVelocity":[-13.0914,34.4296,-18.1258],"tool":false},{"direction":[-0.289474,-0.26672,-0.919274],"handId":8,"id":4,"length":52.2368,"tipPosition":[-45.9867,121.625,-17.6532],"tipVelocity":[18.5535,-23.6651,-39.4696],"tool":false}],"r":[[-0.685242,0.556181,-0.470218],[0.309587,-0.361957,-0.879285],[-0.659241,-0.748097,0.0758415]],"s":-1.63688,"t":[-59.4,-396.42,614.241],"timestamp":179575168},
{"hands":[{"direction":[-0.108416,0.545069,-0.831142],"id":8,"palmNormal":[-0.0635117,-0.837727,-0.541928],"palmPosition":[5.36522,151.01,17.8497],"palmVelocity":[11.6816,-17.9889,-13.3848],"r":[[0.938772,-0.341441,0.0460977],[0.344342,0.925282,-0.159003],[0.0116367,0.165141,0.986201]],"s":0.952799,"sphereCenter":[0.364752,145.984,-23.3138],"sphereRadius":59.0308,"t":[-36.486,13.0555,-94.9684]}],"id":17705,"pointables":[{"direction":[0.0225407,-0.0417638,-0.998873],"handId":8,"id":17,"length":70.5665,"tipPosition":[13.6896,192.521,-72.0368],"tipVelocity":[13.2961,-11.9473,-13.7464],"tool":false},{"direction":[0.0152958,-0.116282,-0.993098],"handId":8,"id":12,"length":54.1935,"tipPosition":[37.2098,179.254,-61.8376],"tipVelocity":[3.85448,2.98496,-31.7979],"tool":false},{"direction":[-0.103161,-0.0989324,-0.989732],"handId":8,"id":14,"length":68.1339,"tipPosition":[-26.7389,190.043,-61.2654],"tipVelocity":[17.1103,-17.0842,-15.8539],"tool":false},{"direction":[0.0964673,-0.0466476,-0.994242],"handId":8,"id":1,"length":36.258,"tipPosition":[54.0615,154.408,-40.1345],"tipVelocity":[-16.5067,22.469,-20.2249],"tool":false},{"direction":[-0.290042,-0.268654,-0.918532],"handId":8,"id":4,"length":52.1102,"tipPosition":[-45.8556,121.513,-17.9376],"tipVelocity":[13.555,-11.5671,-29.403],"tool":false}],"r":[[-0.686643,0.557706,-0.466353],[0.307056,-0.358976,-0.881393],[-0.658967,-0.748399,0.0752417]],"s":-1.63887,"t":[-59.2953,-396.501,614.07],"timestamp":179584839},
{"hands":[{"direction":[-0.110638,0.545404,-0.830632],"id":8,"palmNormal":[-0.061501,-0.837503,-0.542542],"palmPosition":[5.48247,150.869,17.6998],"palmVelocity":[13.6735,-16.3814,-17.4739],"r":[[0.937597,-0.344584,0.0466173],[0.347522,0.924038,-0.159316],[0.0118218,0.165575,0.986126]],"s":0.950604,"sphereCenter":[0.489156,145.933,-23.3786],"sphereRadius":58.9909,"t":[-36.4186,13.0073,-95.1422]}],"id":17706,"pointables":[{"direction":[0.0215516,-0.0419538,-0.998887],"handId":8,"id":17,"length":70.7117,"tipPosition":[13.8117,192.386,-72.1286],"tipVelocity":[14.2493,-15.7831,-10.7134],"tool":false},{"direction":[0.0134005,-0.117656,-0.992964],"handId":8,"id":12,"length":54.0957,"tipPosition":[37.2397,179.239,-62.0735],"tipVelocity":[3.49718,-1.75488,-27.5155],"tool":false},{"direction":[-0.103885,-0.0996528,-0.989584],"handId":8,"id":14,"length":68.0853,"tipPosition":[-26.548,189.938,-61.4126],"tipVelocity":[22.2536,-12.2507,-17.1601],"tool":false},{"direction":[0.0921973,-0.0448387,-0.994731],"handId":8,"id":1,"length":36.1961,"tipPosition":[53.8519,154.532,-40.3103],"tipVelocity":[-24.4512,14.4626,-20.5031],"tool":false},{"direction":[-0.29107,-0.269076,-0.918083],"handId":8,"id":4,"length":52.001,"tipPosition":[-45.8275,121.623,-18.1328],"tipVelocity":[3.27347,12.8106,-22.7645],"tool":false}],"r":[[-0.687669,0.558936,-0.463359],[0.305038,-0.356721,-0.883007],[-0.658835,-0.748559,0.0748094]],"s":-1.64107,"t":[-59.2279,-396.549,613.896],"timestamp":179593414},
{"hands":[{"direction":[-0.112517,0.54629,-0.8298],"id":8,"palmNormal":[-0.0614681,-0.836909,-0.54351],"palmPosition":[5.69703,150.864,17.3652],"palmVelocity":[23.2689,-0.526666,-36.2941],"r":[[0.936871,-0.346521,0.0468631],[0.34947,0.923285,-0.159419],[0.011974,0.165732,0.986098]],"s":0.948056,"sphereCenter":[0.594428,145.875,-23.4662],"sphereRadius":58.9503,"t":[-36.3783,12.947,-95.2208]}],"id":17707,"pointables":[{"direction":[0.0203983,-0.0424675,-0.99889],"handId":8,"id":17,"length":70.7991,"tipPosition":[13.9216,192.304,-71.961],"tipVelocity":[11.9174,-8.83961,18.1834],"tool":false},{"direction":[0.0110307,-0.119425,-0.992782],"handId":8,"id":12,"length":53.859,"tipPosition":[37.2529,179.166,-62.0104],"tipVelocity":[1.42956,-7.86733,6.84479],"tool":false},{"direction":[-0.104686,-0.10106,-0.989357],"handId":8,"id":14,"length":68.0964,"tipPosition":[-26.3674,189.959,-61.7656],"tipVelocity":[19.5861,2.21545,-38.2787],"tool":false},{"direction":[0.0884792,-0.0403337,-0.995261],"handId":8,"id":1,"length":36.0364,"tipPosition":[53.5342,154.428,-40.7058],"tipVelocity":[-34.4476,-11.2,-42.8935],"tool":false},{"direction":[-0.292203,-0.269528,-0.917591],"handId":8,"id":4,"length":51.9256,"tipPosition":[-45.8708,121.965,-18.1161],"tipVelocity":[-4.69657,37.1575,1.81334],"tool":false}],"r":[[-0.688246,0.559741,-0.461527],[0.303742,-0.355403,-0.883985],[-0.658831,-0.748584,0.0745879]],"s":-1.64362,"t":[-59.1876,-396.61,613.817],"timestamp":179602635},
{"hands":[{"direction":[-0.114983,0.547354,-0.828748],"id":8,"palmNormal":[-0.062623,-0.836191,-0.544516],"palmPosition":[5.90461,150.823,17.0775],"palmVelocity":[22.6862,-4.495,-31.4401],"r":[[0.936751,-0.346836,0.0469365],[0.349795,0.923191,-0.159253],[0.0119034,0.165599,0.986121]],"s":0.945431,"sphereCenter":[0.720951,145.82,-23.512],"sphereRadius":58.9409,"t":[-36.3765,12.9112,-95.3497]}],"id":17708,"pointables":[{"direction":[0.0188482,-0.0435486,-0.998873],"handId":8,"id":17,"length":70.6617,"tipPosition":[14.0222,192.293,-72.1403],"tipVelocity":[10.9894,-1.22085,-19.6002],"tool":false},{"direction":[0.00793005,-0.121601,-0.992547],"handId":8,"id":12,"length":53.3572,"tipPosition":[37.2163,179.045,-62.1985],"tipVelocity":[-4.0038,-13.2477,-20.5547],"tool":false},{"direction":[-0.106551,-0.102291,-0.989032],"handId":8,"id":14,"length":68.0701,"tipPosition":[-26.1428,190.066,-61.6318],"tipVelocity":[24.5484,11.7723,14.6159],"tool":false},{"direction":[0.0848793,-0.0352938,-0.995766],"handId":8,"id":1,"length":35.6589,"tipPosition":[53.0685,154.117,-40.9441],"tipVelocity":[-50.8966,-34.029,-26.0373],"tool":false},{"direction":[-0.294034,-0.268447,-0.917322],"handId":8,"id":4,"length":51.8766,"tipPosition":[-46.1504,122.604,-18.1019],"tipVelocity":[-30.5577,69.775,1.5533],"tool":false}],"r":[[-0.688365,0.559848,-0.46122],[0.303407,-0.35532,-0.884133],[-0.658861,-0.748544,0.0747284]],"s":-1.64624,"t":[-59.1858,-396.645,613.688],"timestamp":179611785},
{"hands":[{"direction":[-0.115451,0.54836,-0.828036],"id":8,"palmNormal":[-0.0658651,-0.835536,-0.545119],"palmPosition":[6.09293,150.834,16.7784],"palmVelocity":[21.0597,1.18606,-33.4456],"r":[[0.937455,-0.344979,0.046565],[0.347908,0.923974,-0.158847],[0.0117739,0.165112,0.986205]],"s":0.942628,"sphereCenter":[0.793212,145.793,-23.5622],"sphereRadius":58.9302,"t":[-36.4392,12.8833,-95.4678]}],"id":17709,"pointables":[{"direction":[0.0166154,-0.0444556,-0.998873],"handId":8,"id":17,"length":70.5394,"tipPosition":[14.0699,192.273,-72.2031],"tipVelocity":[5.33817,-2.23921,-7.02228],"tool":false},{"direction":[0.00306111,-0.126155,-0.992006],"handId":8,"id":12,"length":52.8156,"tipPosition":[37.0892,178.821,-62.4927],"tipVelocity":[-14.2174,-25.0459,-32.9065],"tool":false},{"direction":[-0.108575,-0.103148,-0.988722],"handId":8,"id":14,"length":68.0577,"tipPosition":[-25.9652,190.281,-61.7391],"tipVelocity":[19.8665,23.9612,-11.996],"tool":false},{"direction":[0.081459,-0.0277408,-0.996291],"handId":8,"id":1,"length":35.2729,"tipPosition":[52.3574,153.381,-41.4134],"tipVelocity":[-79.5258,-82.2949,-52.4894],"tool":false},{"direction":[-0.296732,-0.265473,-0.917319],"handId":8,"id":4,"length":51.8176,"tipPosition":[-46.7733,123.571,-18.1579],"tipVelocity":[-69.6515,108.202,-6.2647],"tool":false}],"r":[[-0.687721,0.559162,-0.46301],[0.304469,-0.356825,-0.883162],[-0.659044,-0.748341,0.0751492]],"s":-1.64905,"t":[-59.2485,-396.673,613.57],"timestamp":179620727},
{"hands":[{"direction":[-0.118572,0.548792,-0.827287],"id":8,"palmNormal":[-0.0730416,-0.835275,-0.544349],"palmPosition":[6.34039,150.858,16.378],"palmVelocity":[26.492,2.53707,-42.8636],"r":[[0.939154,-0.340147,0.0478529],[0.343363,0.92575,-0.158394],[0.00957734,0.165187,0.986216]],"s":0.938891,"sphereCenter":[0.930561,145.732,-23.6439],"sphereRadius":59.0122,"t":[-36.5893,12.8613,-95.7163]}],"id":17710,"pointables":[{"direction":[0.013798,-0.0455753,-0.998866],"handId":8,"id":17,"length":70.0017,"tipPosition":[14.0539,192.257,-72.5819],"tipVelocity":[-1.7185,-1.72761,-40.5529],"tool":false},{"direction":[0.0030298,-0.11955,-0.992824],"handId":8,"id":12,"length":51.193,"tipPosition":[36.8515,178.435,-62.956],"tipVelocity":[-25.4432,-41.3185,-49.5924],"tool":false},{"direction":[-0.111483,-0.105649,-0.988135],"handId":8,"id":14,"length":67.9902,"tipPosition":[-25.7816,190.606,-61.3032],"tipVelocity":[19.6501,34.8356,46.6651],"tool":false},{"direction":[0.0855245,-0.00364474,-0.996329],"handId":8,"id":1,"length":34.0002,"tipPosition":[51.4659,152.485,-44.0777],"tipVelocity":[-95.4388,-95.9352,-285.229],"tool":false},{"direction":[-0.301177,-0.259867,-0.917476],"handId":8,"id":4,"length":51.8093,"tipPosition":[-47.6604,125.065,-17.9431],"tipVelocity":[-94.9685,159.881,22.9902],"tool":false}],"r":[[-0.687623,0.555851,-0.467124],[0.307339,-0.360052,-0.880855],[-0.657813,-0.749261,0.0767451]],"s":-1.65278,"t":[-59.3986,-396.695,613.322],"timestamp":179630068},
{"hands":[{"direction":[-0.12315,0.548205,-0.82694],"id":8,"palmNormal":[-0.0818554,-0.835721,-0.542003],"palmPosition":[6.53919,150.786,16.1529],"palmVelocity":[21.557,-7.78387,-24.4118],"r":[[0.941916,-0.332248,0.0490566],[0.335792,0.928935,-0.155963],[0.00624794,0.163377,0.986544]],"s":0.934985,"sphereCenter":[1.00293,145.599,-23.687],"sphereRadius":59.126,"t":[-36.7772,12.8194,-96.0485]}],"id":17711,"pointables":[{"direction":[0.0100212,-0.0464055,-0.998872],"handId":8,"id":17,"length":69.3878,"tipPosition":[14.0145,192.27,-72.7232],"tipVelocity":[-4.26407,1.3778,-15.3177],"tool":false},{"direction":[0.00138189,-0.116645,-0.993173],"handId":8,"id":12,"length":49.3391,"tipPosition":[36.4394,177.712,-64.1269],"tipVelocity":[-44.6832,-78.3683,-126.977],"tool":false},{"direction":[-0.116403,-0.106682,-0.987456],"handId":8,"id":14,"length":67.9973,"tipPosition":[-25.6186,191.205,-60.9645],"tipVelocity":[17.6787,64.986,36.7272],"tool":false},{"direction":[-0.307578,-0.250771,-0.917883],"handId":8,"id":4,"length":51.8376,"tipPosition":[-48.8879,127.238,-17.4994],"tipVelocity":[-133.114,235.624,48.1135],"tool":false}],"r":[[-0.686777,0.551034,-0.474024],[0.311007,-0.366667,-0.876829],[-0.656972,-0.749611,0.0804429]],"s":-1.65669,"t":[-59.5866,-396.737,612.989],"timestamp":179639290},
{"hands":[{"direction":[-0.127654,0.54816,-0.826229],"id":8,"palmNormal":[-0.0933033,-0.835618,-0.539646],"palmPosition":[6.65506,150.632,16.0193],"palmVelocity":[12.9847,-17.2696,-14.9682],"r":[[0.945929,-0.320517,0.049874],[0.324368,0.933731,-0.151434],[0.00196822,0.159423,0.987208]],"s":0.931065,"sphereCenter":[0.942589,145.529,-23.8019],"sphereRadius":59.2683,"t":[-36.9847,12.8334,-96.5271]}],"id":17712,"pointables":[{"direction":[0.0061462,-0.0462898,-0.998909],"handId":8,"id":17,"length":68.3726,"tipPosition":[14.0487,192.304,-72.8404],"tipVelocity":[3.83221,3.86246,-13.133],"tool":false},{"direction":[0.00078515,-0.11215,-0.993691],"handId":8,"id":12,"length":47.1899,"tipPosition":[35.9514,176.848,-65.6153],"tipVelocity":[-54.6839,-96.9034,-166.776],"tool":false},{"direction":[-0.122334,-0.106975,-0.986707],"handId":8,"id":14,"length":67.9375,"tipPosition":[-25.3771,192.21,-60.7258],"tipVelocity":[27.0577,112.543,26.7437],"tool":false},{"direction":[-0.317629,-0.236588,-0.918226],"handId":8,"id":4,"length":51.8187,"tipPosition":[-50.5541,130.098,-17.0574],"tipVelocity":[-186.706,320.491,49.5354],"tool":false}],"r":[[-0.684756,0.544487,-0.4844],[0.315924,-0.377198,-0.870582],[-0.656736,-0.74917,0.0862719]],"s":-1.66061,"t":[-59.794,-396.723,612.511],"timestamp":179648214},
