[
{"hands":[{"direction":[-0.181748,0.359907,-0.915083],"id":3,"palmNormal":[0.269312,-0.876721,-0.398483],"palmPosition":[3.75746,161.76,-4.16039],"palmVelocity":[3.30911,-7.51294,-9.2708],"r":[[0.985545,-0.160156,-0.0552384],[0.156752,0.985735,-0.0612818],[0.0642651,0.0517372,0.996591]],"s":1.40286,"sphereCenter":[-2.13312,156.702,-47.7864],"sphereRadius":64.9068,"t":[2.67371,-2.40859,-141.057]}],"id":9403,"pointables":[{"direction":[0.0510905,0.0756198,-0.995827],"handId":3,"id":2,"length":74.4448,"tipPosition":[10.4188,216.869,-87.3293],"tipVelocity":[0.581217,-3.20958,-39.0859],"tool":false},{"direction":[-0.0470758,-0.0204696,-0.998682],"handId":3,"id":5,"length":17.9608,"tipPosition":[-33.6559,207.442,-77.9183],"tipVelocity":[-5.9258,-3.86025,-23.2241],"tool":false},{"direction":[0.0712718,-0.0110555,-0.997396],"handId":3,"id":1,"length":62.8546,"tipPosition":[35.8612,203.996,-76.3385],"tipVelocity":[6.05823,1.23074,-89.595],"tool":false},{"direction":[0.198994,-0.00872008,-0.979962],"handId":3,"id":6,"length":48.7696,"tipPosition":[59.1263,170.305,-54.5176],"tipVelocity":[-5.80147,-3.08677,27.4416],"tool":false}],"r":[[-0.585352,0.60706,0.537439],[-0.0848858,-0.70511,0.703999],[0.806323,0.366466,0.464269]],"s":-1.03166,"t":[-104.461,-441.102,333.484],"timestamp":93439088},
{"hands":[{"direction":[-0.181467,0.359658,-0.91524],"id":3,"palmNormal":[0.269172,-0.876953,-0.398072],"palmPosition":[3.7895,161.69,-4.13218],"palmVelocity":[3.53646,-7.6927,3.11309],"r":[[0.985494,-0.160413,-0.0554045],[0.157021,0.985712,-0.0609635],[0.0643922,0.0513795,0.996601]],"s":1.40343,"sphereCenter":[-2.11755,156.577,-47.8727],"sphereRadius":64.9463,"t":[2.66086,-2.46183,-141.204]}],"id":9404,"pointables":[{"direction":[0.0512643,0.0751522,-0.995853],"handId":3,"id":2,"length":74.5146,"tipPosition":[10.4078,216.825,-87.5335],"tipVelocity":[-1.21166,-4.78938,-22.5421],"tool":false},{"direction":[-0.0473266,-0.0205424,-0.998668],"handId":3,"id":5,"length":18.0053,"tipPosition":[-33.6967,207.354,-77.8487],"tipVelocity":[-4.49982,-9.73529,7.68761],"tool":false},{"direction":[0.071467,-0.0108036,-0.997384],"handId":3,"id":1,"length":62.619,"tipPosition":[35.7919,204.029,-75.3272],"tipVelocity":[-7.65502,3.62818,111.621],"tool":false},{"direction":[0.199203,-0.00855244,-0.979921],"handId":3,"id":6,"length":48.7129,"tipPosition":[59.1379,170.263,-54.6788],"tipVelocity":[1.27554,-4.60843,-17.7887],"tool":false}],"r":[[-0.585477,0.60717,0.537178],[-0.0847637,-0.704836,0.704288],[0.806245,0.366811,0.464131]],"s":-1.0311,"t":[-104.473,-441.155,333.337],"timestamp":93448148},
{"hands":[{"direction":[-0.181529,0.359436,-0.915318],"id":3,"palmNormal":[0.268911,-0.87715,-0.397821],"palmPosition":[3.81066,161.627,-4.10669],"palmVelocity":[2.36458,-6.99781,2.8488],"r":[[0.985466,-0.160568,-0.0554506],[0.157175,0.985688,-0.0609472],[0.0644432,0.0513459,0.9966]],"s":1.40364,"sphereCenter":[-2.10672,156.606,-47.7533],"sphereRadius":64.9141,"t":[2.62416,-2.50355,-141.194]}],"id":9405,"pointables":[{"direction":[0.0513445,0.0741699,-0.995923],"handId":3,"id":2,"length":74.4971,"tipPosition":[10.3479,216.779,-87.2901],"tipVelocity":[-6.69021,-5.16222,27.1974],"tool":false},{"direction":[-0.0472553,-0.0213624,-0.998654],"handId":3,"id":5,"length":18.0557,"tipPosition":[-33.7618,207.362,-77.7587],"tipVelocity":[-7.27595,0.921701,10.0541],"tool":false},{"direction":[0.0715777,-0.0104085,-0.997381],"handId":3,"id":1,"length":62.3896,"tipPosition":[35.7359,204.015,-74.9999],"tipVelocity":[-6.25441,-1.59125,36.5739],"tool":false},{"direction":[0.199332,-0.00850259,-0.979895],"handId":3,"id":6,"length":48.7334,"tipPosition":[59.1096,170.212,-54.7202],"tipVelocity":[-3.15595,-5.71355,-4.63004],"tool":false}],"r":[[-0.585509,0.607259,0.537044],[-0.084834,-0.704733,0.704383],[0.806215,0.366863,0.464143]],"s":-1.03089,"t":[-104.51,-441.197,333.347],"timestamp":93457097},
{"hands":[{"direction":[-0.181807,0.359093,-0.9154],"id":3,"palmNormal":[0.268844,-0.877302,-0.397535],"palmPosition":[3.82685,161.573,-4.1256],"palmVelocity":[1.73379,-5.86213,-2.02521],"r":[[0.985424,-0.160788,-0.0555575],[0.157384,0.985649,-0.0610438],[0.0645753,0.0514102,0.996588]],"s":1.404,"sphereCenter":[-2.11601,156.526,-47.8453],"sphereRadius":64.9383,"t":[2.58289,-2.54645,-141.232]}],"id":9406,"pointables":[{"direction":[0.0513782,0.0739026,-0.995941],"handId":3,"id":2,"length":74.4759,"tipPosition":[10.3088,216.814,-87.533],"tipVelocity":[-4.18888,3.70254,-26.0166],"tool":false},{"direction":[-0.0476579,-0.0223892,-0.998613],"handId":3,"id":5,"length":18.098,"tipPosition":[-33.8144,207.275,-77.7641],"tipVelocity":[-5.63331,-9.28199,-0.577795],"tool":false},{"direction":[0.0714914,-0.0107179,-0.997384],"handId":3,"id":1,"length":62.1501,"tipPosition":[35.6512,203.968,-74.5527],"tipVelocity":[-9.07443,-5.09209,47.9056],"tool":false},{"direction":[0.199359,-0.00832788,-0.979891],"handId":3,"id":6,"length":48.7384,"tipPosition":[59.1069,170.172,-54.8852],"tipVelocity":[-0.288999,-4.34845,-17.6722],"tool":false}],"r":[[-0.585587,0.607368,0.536835],[-0.0850297,-0.704632,0.70446],[0.806138,0.366876,0.464267]],"s":-1.03053,"t":[-104.551,-441.24,333.309],"timestamp":93466433},
{"hands":[{"direction":[-0.180108,0.35816,-0.916087],"id":3,"palmNormal":[0.268667,-0.878101,-0.395868],"palmPosition":[3.8622,161.46,-3.8375],"palmVelocity":[3.98638,-12.6821,32.4909],"r":[[0.985378,-0.161179,-0.0552421],[0.157737,0.985541,-0.0618689],[0.0644153,0.0522505,0.996554]],"s":1.40302,"sphereCenter":[-2.09582,156.382,-47.7431],"sphereRadius":64.9489,"t":[2.53752,-2.60868,-141.141]}],"id":9407,"pointables":[{"direction":[0.0509179,0.0745376,-0.995917],"handId":3,"id":2,"length":74.5167,"tipPosition":[10.1701,216.705,-86.2433],"tipVelocity":[-15.6448,-12.2935,145.452],"tool":false},{"direction":[-0.0476446,-0.0247137,-0.998559],"handId":3,"id":5,"length":17.9982,"tipPosition":[-33.8531,207.149,-77.639],"tipVelocity":[-4.36069,-14.289,14.1102],"tool":false},{"direction":[0.0715848,-0.0108189,-0.997376],"handId":3,"id":1,"length":62.0314,"tipPosition":[35.5909,203.998,-74.2377],"tipVelocity":[-6.79407,3.47524,35.5189],"tool":false},{"direction":[0.199415,-0.00852871,-0.979878],"handId":3,"id":6,"length":48.6905,"tipPosition":[59.0769,170.118,-54.8978],"tipVelocity":[-3.38274,-6.10352,-1.41571],"tool":false}],"r":[[-0.585317,0.607765,0.53668],[-0.0859197,-0.704676,0.704307],[0.80624,0.366131,0.464678]],"s":-1.0315,"t":[-104.597,-441.302,333.4],"timestamp":93475300},
{"hands":[{"direction":[-0.179443,0.358055,-0.916261],"id":3,"palmNormal":[0.268523,-0.878301,-0.395528],"palmPosition":[3.85558,161.365,-3.78188],"palmVelocity":[-0.723088,-10.3636,6.07627],"r":[[0.985341,-0.161413,-0.0552237],[0.157976,0.985506,-0.0618143],[0.0644009,0.0521841,0.996559]],"s":1.40301,"sphereCenter":[-2.07243,156.312,-47.7289],"sphereRadius":64.9787,"t":[2.49017,-2.65921,-141.273]}],"id":9408,"pointables":[{"direction":[0.0508828,0.073171,-0.996021],"handId":3,"id":2,"length":74.4534,"tipPosition":[10.1606,216.571,-86.7427],"tipVelocity":[-1.0345,-14.6452,-54.561],"tool":false},{"direction":[-0.0478268,-0.0232737,-0.998584],"handId":3,"id":5,"length":17.9994,"tipPosition":[-33.9423,207.15,-77.8495],"tipVelocity":[-9.74731,0.188582,-22.9992],"tool":false},{"direction":[0.0715235,-0.0102446,-0.997386],"handId":3,"id":1,"length":61.9903,"tipPosition":[35.6204,203.957,-75.2705],"tipVelocity":[3.22224,-4.55848,-112.841],"tool":false},{"direction":[0.199389,-0.00962686,-0.979873],"handId":3,"id":6,"length":48.808,"tipPosition":[58.9953,170.082,-54.6493],"tipVelocity":[-8.91261,-3.92693,27.1444],"tool":false}],"r":[[-0.585292,0.607935,0.536515],[-0.086004,-0.704507,0.704466],[0.806248,0.366176,0.464627]],"s":-1.03151,"t":[-104.644,-441.352,333.268],"timestamp":93484453},
{"hands":[{"direction":[-0.179248,0.358795,-0.916011],"id":3,"palmNormal":[0.268452,-0.877974,-0.396303],"palmPosition":[3.8512,161.341,-3.82623],"palmVelocity":[-0.471943,-2.63244,-4.78042],"r":[[0.985258,-0.161723,-0.0557873],[0.158275,0.985476,-0.0615249],[0.0649271,0.0517881,0.996545]],"s":1.40349,"sphereCenter":[-2.05997,156.174,-47.8588],"sphereRadius":64.9987,"t":[2.44023,-2.69035,-141.332]}],"id":9409,"pointables":[{"direction":[0.0507277,0.0733048,-0.996019],"handId":3,"id":2,"length":74.5426,"tipPosition":[10.1364,216.585,-87.1003],"tipVelocity":[-2.60749,1.60511,-38.5475],"tool":false},{"direction":[-0.0480724,-0.0233954,-0.99857],"handId":3,"id":5,"length":18.0069,"tipPosition":[-34.0301,207.095,-77.9316],"tipVelocity":[-9.46794,-5.98289,-8.85513],"tool":false},{"direction":[0.0715329,-0.0104692,-0.997383],"handId":3,"id":1,"length":61.9255,"tipPosition":[35.5488,203.92,-74.8242],"tipVelocity":[-7.72113,-3.99247,48.1113],"tool":false},{"direction":[0.199624,-0.00926883,-0.979829],"handId":3,"id":6,"length":48.858,"tipPosition":[58.9619,170.095,-54.5418],"tipVelocity":[-3.60344,1.46102,11.591],"tool":false}],"r":[[-0.585737,0.607921,0.536044],[-0.0859232,-0.704222,0.704761],[0.805934,0.366746,0.464724]],"s":-1.03103,"t":[-104.694,-441.384,333.209],"timestamp":93493730},
{"hands":[{"direction":[-0.178443,0.359034,-0.916076],"id":3,"palmNormal":[0.267945,-0.878152,-0.396255],"palmPosition":[3.89764,161.321,-3.71376],"palmVelocity":[5.06867,-2.18396,12.276],"r":[[0.985214,-0.161952,-0.0559082],[0.158494,0.985437,-0.0615857],[0.065068,0.0518139,0.996535]],"s":1.40369,"sphereCenter":[-2.08306,156.118,-47.8369],"sphereRadius":65.0129,"t":[2.37392,-2.711,-141.277]}],"id":9410,"pointables":[{"direction":[0.0504796,0.0724717,-0.996092],"handId":3,"id":2,"length":74.5865,"tipPosition":[10.0709,216.51,-86.9447],"tipVelocity":[-7.15773,-8.22403,16.9864],"tool":false},{"direction":[-0.0474069,-0.0248935,-0.998565],"handId":3,"id":5,"length":18.071,"tipPosition":[-34.1339,207.162,-77.7479],"tipVelocity":[-11.3233,7.31123,20.0514],"tool":false},{"direction":[0.0715314,-0.010805,-0.99738],"handId":3,"id":1,"length":61.8001,"tipPosition":[35.4872,203.893,-74.3776],"tipVelocity":[-6.72491,-2.94008,48.7469],"tool":false},{"direction":[0.199915,-0.0088571,-0.979773],"handId":3,"id":6,"length":48.9623,"tipPosition":[58.9916,170.102,-54.692],"tipVelocity":[3.23406,0.720569,-16.3935],"tool":false}],"r":[[-0.585826,0.608031,0.535823],[-0.0860941,-0.704102,0.70486],[0.805851,0.366794,0.464829]],"s":-1.03084,"t":[-104.76,-441.404,333.264],"timestamp":93502892},
{"hands":[{"direction":[-0.178416,0.359652,-0.915841],"id":3,"palmNormal":[0.267735,-0.877913,-0.396929],"palmPosition":[3.90871,161.308,-3.73847],"palmVelocity":[1.1931,-1.33063,-2.66408],"r":[[0.985112,-0.16244,-0.0562741],[0.158961,0.98536,-0.0616154],[0.0654591,0.0517527,0.996512]],"s":1.40411,"sphereCenter":[-2.06557,156.034,-47.9312],"sphereRadius":65.013,"t":[2.32393,-2.72344,-141.334]}],"id":9411,"pointables":[{"direction":[0.0503505,0.0722938,-0.996112],"handId":3,"id":2,"length":74.776,"tipPosition":[10.0677,216.498,-87.1868],"tipVelocity":[-0.340586,-1.26077,-26.1076],"tool":false},{"direction":[-0.0473438,-0.0278954,-0.998489],"handId":3,"id":5,"length":18.0661,"tipPosition":[-34.198,207.026,-77.9446],"tipVelocity":[-6.91968,-14.6885,-21.2],"tool":false},{"direction":[0.071557,-0.0109612,-0.997376],"handId":3,"id":1,"length":61.8016,"tipPosition":[35.4696,203.927,-74.1322],"tipVelocity":[-1.89581,3.73816,26.4521],"tool":false},{"direction":[0.199988,-0.00934865,-0.979754],"handId":3,"id":6,"length":49.0808,"tipPosition":[59.0295,170.105,-54.8341],"tipVelocity":[4.0945,0.349725,-15.3179],"tool":false}],"r":[[-0.586104,0.60822,0.535304],[-0.0863741,-0.703814,0.705113],[0.805619,0.367033,0.465043]],"s":-1.03041,"t":[-104.81,-441.417,333.207],"timestamp":93512168},
{"hands":[{"direction":[-0.177254,0.358798,-0.916396],"id":3,"palmNormal":[0.268011,-0.878436,-0.395572],"palmPosition":[3.93782,161.184,-3.45859],"palmVelocity":[3.22912,-13.7757,31.0423],"r":[[0.985011,-0.162873,-0.0567899],[0.159353,0.985283,-0.0618325],[0.066025,0.0518561,0.99647]],"s":1.40394,"sphereCenter":[-2.02058,155.932,-47.7494],"sphereRadius":64.9732,"t":[2.27597,-2.71171,-141.303]}],"id":9412,"pointables":[{"direction":[0.0498211,0.072843,-0.996098],"handId":3,"id":2,"length":74.6692,"tipPosition":[10.008,216.491,-86.2703],"tipVelocity":[-6.61729,-0.795117,101.657],"tool":false},{"direction":[-0.0463754,-0.0347199,-0.998321],"handId":3,"id":5,"length":18.0391,"tipPosition":[-34.2743,207.065,-78.0222],"tipVelocity":[-8.45429,4.41541,-8.60339],"tool":false},{"direction":[0.0717675,-0.0101082,-0.99737],"handId":3,"id":1,"length":61.8894,"tipPosition":[35.4982,203.993,-74.1716],"tipVelocity":[3.16817,7.30981,-4.36204],"tool":false},{"direction":[0.200106,-0.0102678,-0.97972],"handId":3,"id":6,"length":49.1282,"tipPosition":[58.9974,170.137,-54.5562],"tipVelocity":[-3.56826,3.54897,30.8155],"tool":false}],"r":[[-0.586505,0.60831,0.534762],[-0.0867713,-0.703636,0.705243],[0.805284,0.367227,0.46547]],"s":-1.03059,"t":[-104.858,-441.405,333.238],"timestamp":93521184},
{"hands":[{"direction":[-0.17657,0.357253,-0.917122],"id":3,"palmNormal":[0.268271,-0.879207,-0.393653],"palmPosition":[3.9506,161.024,-3.19973],"palmVelocity":[1.36636,-17.1237,27.6773],"r":[[0.984825,-0.163558,-0.0580331],[0.159963,0.985175,-0.0619876],[0.0673113,0.0517638,0.996388]],"s":1.40341,"sphereCenter":[-1.96038,155.919,-47.3836],"sphereRadius":64.9085,"t":[2.24563,-2.75341,-141.226]}],"id":9413,"pointables":[{"direction":[0.0493493,0.0735384,-0.996071],"handId":3,"id":2,"length":74.655,"tipPosition":[9.99149,216.463,-85.6951],"tipVelocity":[-1.77008,-3.03529,61.5012],"tool":false},{"direction":[-0.0458746,-0.0390032,-0.998185],"handId":3,"id":5,"length":17.8653,"tipPosition":[-34.2898,206.904,-78.4711],"tipVelocity":[-1.66051,-17.3086,-47.9982],"tool":false},{"direction":[0.071756,-0.0106288,-0.997366],"handId":3,"id":1,"length":62.0216,"tipPosition":[35.5133,203.945,-74.1193],"tipVelocity":[1.61187,-5.19485,5.58557],"tool":false},{"direction":[0.200393,-0.0105868,-0.979658],"handId":3,"id":6,"length":49.1325,"tipPosition":[58.9874,170.185,-54.3604],"tipVelocity":[-1.06099,5.16069,20.9439],"tool":false}],"r":[[-0.587486,0.608279,0.53372],[-0.0872347,-0.703297,0.705523],[0.804519,0.367926,0.46624]],"s":-1.03112,"t":[-104.889,-441.447,333.315],"timestamp":93530537},
{"hands":[{"direction":[-0.175135,0.356293,-0.917763],"id":3,"palmNormal":[0.268546,-0.879794,-0.392142],"palmPosition":[3.98857,160.937,-2.99589],"palmVelocity":[4.17542,-9.53558,22.4148],"r":[[0.984593,-0.164445,-0.0594548],[0.16077,0.985037,-0.0620873],[0.0687751,0.0515722,0.996298]],"s":1.40276,"sphereCenter":[-1.88882,155.856,-47.2462],"sphereRadius":64.8576,"t":[2.23608,-2.78522,-141.179]}],"id":9414,"pointables":[{"direction":[0.0488833,0.0738388,-0.996071],"handId":3,"id":2,"length":74.5752,"tipPosition":[9.99605,216.438,-85.3655],"tipVelocity":[0.500983,-2.7344,36.2384],"tool":false},{"direction":[-0.0446464,-0.0447388,-0.998001],"handId":3,"id":5,"length":17.6647,"tipPosition":[-34.2945,206.799,-78.7601],"tipVelocity":[-0.512646,-11.5031,-31.7785],"tool":false},{"direction":[0.0718313,-0.0105453,-0.997361],"handId":3,"id":1,"length":62.1246,"tipPosition":[35.5486,204.005,-74.1641],"tipVelocity":[3.88763,6.68277,-4.92006],"tool":false},{"direction":[0.200737,-0.0102159,-0.979592],"handId":3,"id":6,"length":49.1668,"tipPosition":[59.0053,170.27,-54.2817],"tipVelocity":[1.96955,9.2747,8.65355],"tool":false}],"r":[[-0.588602,0.608314,0.532449],[-0.0877595,-0.702814,0.705939],[0.803645,0.36879,0.467063]],"s":-1.03176,"t":[-104.898,-441.478,333.363],"timestamp":93539631},
{"hands":[{"direction":[-0.174994,0.355687,-0.918029],"id":3,"palmNormal":[0.268652,-0.880049,-0.391505],"palmPosition":[4.02502,160.904,-2.9429],"palmVelocity":[3.98152,-3.6008,5.78799],"r":[[0.984329,-0.165282,-0.0614627],[0.161525,0.984932,-0.0617959],[0.0707503,0.0508997,0.996195]],"s":1.4032,"sphereCenter":[-1.86041,155.844,-47.4214],"sphereRadius":64.8663,"t":[2.24646,-2.76266,-141.264]}],"id":9415,"pointables":[{"direction":[0.048907,0.0741038,-0.996051],"handId":3,"id":2,"length":74.6944,"tipPosition":[10.0783,216.645,-86.1329],"tipVelocity":[8.98297,22.5762,-83.8267],"tool":false},{"direction":[-0.0439601,-0.0463079,-0.997959],"handId":3,"id":5,"length":17.5066,"tipPosition":[-34.31,206.836,-79.1495],"tipVelocity":[-1.70224,4.0077,-42.5399],"tool":false},{"direction":[0.0718116,-0.0101991,-0.997366],"handId":3,"id":1,"length":62.2248,"tipPosition":[35.5657,204.123,-73.9003],"tipVelocity":[1.87007,12.7999,28.8081],"tool":false},{"direction":[0.200908,-0.00968872,-0.979562],"handId":3,"id":6,"length":49.1604,"tipPosition":[59.0489,170.372,-54.3295],"tipVelocity":[4.75247,11.1662,-5.2281],"tool":false}],"r":[[-0.590192,0.608075,0.53096],[-0.0879255,-0.702237,0.706493],[0.80246,0.370282,0.46792]],"s":-1.03132,"t":[-104.888,-441.456,333.277],"timestamp":93548785},
{"hands":[{"direction":[-0.175314,0.356325,-0.917724],"id":3,"palmNormal":[0.268166,-0.87981,-0.392378],"palmPosition":[4.0689,160.946,-2.97753],"palmVelocity":[4.87452,4.59703,-3.84574],"r":[[0.984067,-0.16608,-0.0634839],[0.162252,0.98484,-0.0613552],[0.0727113,0.0500773,0.996095]],"s":1.40386,"sphereCenter":[-1.84085,155.868,-47.5501],"sphereRadius":64.8577,"t":[2.26861,-2.72446,-141.382]}],"id":9416,"pointables":[{"direction":[0.0488817,0.0741642,-0.996047],"handId":3,"id":2,"length":74.9349,"tipPosition":[10.138,216.706,-86.5462],"tipVelocity":[6.63347,6.7855,-45.9139],"tool":false},{"direction":[-0.0439151,-0.0457785,-0.997986],"handId":3,"id":5,"length":17.3235,"tipPosition":[-34.3232,206.882,-79.3732],"tipVelocity":[-1.45876,5.17642,-24.8441],"tool":false},{"direction":[0.0717899,-0.010172,-0.997368],"handId":3,"id":1,"length":62.304,"tipPosition":[35.5798,204.17,-73.7531],"tipVelocity":[1.5602,5.22403,16.3576],"tool":false},{"direction":[0.200946,-0.00950078,-0.979556],"handId":3,"id":6,"length":49.2396,"tipPosition":[59.1026,170.494,-54.4045],"tipVelocity":[5.9754,13.5582,-8.3307],"tool":false}],"r":[[-0.591792,0.6078,0.529492],[-0.0879507,-0.701628,0.707095],[0.801278,0.371884,0.468674]],"s":-1.03067,"t":[-104.866,-441.418,333.159],"timestamp":93557788},
{"hands":[{"direction":[-0.175044,0.354841,-0.918345],"id":3,"palmNormal":[0.2682,-0.880542,-0.390695],"palmPosition":[4.13664,160.915,-2.78741],"palmVelocity":[7.30363,-3.29966,20.5006],"r":[[0.983839,-0.166837,-0.0650145],[0.162929,0.984725,-0.0614075],[0.0742664,0.0498223,0.995993]],"s":1.4034,"sphereCenter":[-1.80094,155.933,-47.3187],"sphereRadius":64.8287,"t":[2.29299,-2.65005,-141.463]}],"id":9417,"pointables":[{"direction":[0.048585,0.0739127,-0.996081],"handId":3,"id":2,"length":74.8434,"tipPosition":[10.1248,216.688,-85.7034],"tipVelocity":[-1.42043,-1.90057,90.8821],"tool":false},{"direction":[-0.0422389,-0.0503614,-0.997837],"handId":3,"id":5,"length":17.1089,"tipPosition":[-34.3122,207.004,-79.5075],"tipVelocity":[1.18183,13.1261,-14.4898],"tool":false},{"direction":[0.0718,-0.00998201,-0.997369],"handId":3,"id":1,"length":62.3625,"tipPosition":[35.6221,204.269,-73.7071],"tipVelocity":[4.55896,10.7313,4.95646],"tool":false},{"direction":[0.201076,-0.00887803,-0.979535],"handId":3,"id":6,"length":49.2087,"tipPosition":[59.1706,170.653,-54.4693],"tipVelocity":[7.33074,17.1926,-6.98652],"tool":false}],"r":[[-0.592995,0.607696,0.528264],[-0.0883645,-0.701211,0.707456],[0.800343,0.372838,0.469514]],"s":-1.03112,"t":[-104.841,-441.343,333.078],"timestamp":93567062},
{"hands":[{"direction":[-0.175051,0.354309,-0.918554],"id":3,"palmNormal":[0.268233,-0.88076,-0.390191],"palmPosition":[4.19669,160.929,-2.77264],"palmVelocity":[6.48624,1.54475,1.59476],"r":[[0.983634,-0.16748,-0.0664364],[0.163517,0.98464,-0.0612031],[0.0756662,0.049338,0.995912]],"s":1.40367,"sphereCenter":[-1.76689,156.014,-47.3224],"sphereRadius":64.8241,"t":[2.33744,-2.55411,-141.54]}],"id":9418,"pointables":[{"direction":[0.048622,0.0737237,-0.996093],"handId":3,"id":2,"length":74.9093,"tipPosition":[10.2153,216.863,-86.2862],"tipVelocity":[9.77132,18.8518,-62.9511],"tool":false},{"direction":[-0.0413916,-0.0527642,-0.997749],"handId":3,"id":5,"length":16.9001,"tipPosition":[-34.2856,207.099,-79.5891],"tipVelocity":[2.87527,10.2911,-8.80678],"tool":false},{"direction":[0.0717274,-0.0101669,-0.997372],"handId":3,"id":1,"length":62.4036,"tipPosition":[35.6713,204.328,-73.6547],"tipVelocity":[5.31526,6.34268,5.66009],"tool":false},{"direction":[0.20093,-0.00886692,-0.979565],"handId":3,"id":6,"length":49.1714,"tipPosition":[59.2504,170.793,-54.5363],"tipVelocity":[8.61957,15.0844,-7.23078],"tool":false}],"r":[[-0.594114,0.607556,0.527166],[-0.0885133,-0.700768,0.707877],[0.799496,0.373899,0.470113]],"s":-1.03086,"t":[-104.797,-441.247,333.001],"timestamp":93576320},
{"hands":[{"direction":[-0.175091,0.356383,-0.91773],"id":3,"palmNormal":[0.267668,-0.879867,-0.392545],"palmPosition":[4.24167,161.051,-3.00846],"palmVelocity":[5.05398,13.648,-26.4939],"r":[[0.983468,-0.168027,-0.0675122],[0.16403,0.98457,-0.0609681],[0.0767147,0.0488861,0.995854]],"s":1.40421,"sphereCenter":[-1.71378,156.055,-47.4569],"sphereRadius":64.8194,"t":[2.40537,-2.44362,-141.604]}],"id":9419,"pointables":[{"direction":[0.0486749,0.0740065,-0.996069],"handId":3,"id":2,"length":74.987,"tipPosition":[10.3126,217.008,-86.6033],"tipVelocity":[10.93,16.3733,-35.6268],"tool":false},{"direction":[-0.0394269,-0.0611464,-0.99735],"handId":3,"id":5,"length":16.7257,"tipPosition":[-34.2358,207.204,-79.585],"tipVelocity":[5.59615,11.7206,0.462788],"tool":false},{"direction":[0.0718349,-0.00929982,-0.997373],"handId":3,"id":1,"length":62.4601,"tipPosition":[35.7606,204.484,-73.6664],"tipVelocity":[10.0377,17.5264,-1.31363],"tool":false},{"direction":[0.201272,-0.00739374,-0.979508],"handId":3,"id":6,"length":49.2852,"tipPosition":[59.3439,170.905,-54.6254],"tipVelocity":[10.5055,12.5712,-10.0176],"tool":false}],"r":[[-0.594957,0.607491,0.526289],[-0.0885947,-0.700362,0.708268],[0.79886,0.374763,0.470506]],"s":-1.03031,"t":[-104.729,-441.137,332.937],"timestamp":93585221},
{"hands":[{"direction":[-0.175403,0.357101,-0.917395],"id":3,"palmNormal":[0.26696,-0.879689,-0.393433],"palmPosition":[4.31403,161.111,-3.04327],"palmVelocity":[7.75936,6.46238,-3.733],"r":[[0.983322,-0.168491,-0.0684655],[0.164469,0.984513,-0.0607055],[0.0776335,0.0484327,0.995805]],"s":1.40493,"sphereCenter":[-1.65899,156.109,-47.5881],"sphereRadius":64.8055,"t":[2.4739,-2.35697,-141.66]}],"id":9420,"pointables":[{"direction":[0.0487752,0.0742921,-0.996043],"handId":3,"id":2,"length":75.084,"tipPosition":[10.4234,217.149,-86.8369],"tipVelocity":[11.8821,15.1206,-25.0487],"tool":false},{"direction":[-0.0378021,-0.0681291,-0.99696],"handId":3,"id":5,"length":16.5489,"tipPosition":[-34.1874,207.243,-79.6387],"tipVelocity":[5.18714,4.22174,-5.75835],"tool":false},{"direction":[0.0718352,-0.00927878,-0.997373],"handId":3,"id":1,"length":62.5549,"tipPosition":[35.8505,204.533,-73.657],"tipVelocity":[9.63538,5.25079,1.01365],"tool":false},{"direction":[0.201409,-0.0064456,-0.979486],"handId":3,"id":6,"length":49.3766,"tipPosition":[59.4288,170.982,-54.6668],"tipVelocity":[9.09963,8.22343,-4.43296],"tool":false}],"r":[[-0.595705,0.607419,0.525526],[-0.0886126,-0.699995,0.708629],[0.7983,0.375566,0.470815]],"s":-1.0296,"t":[-104.66,-441.05,332.881],"timestamp":93594546},
{"hands":[{"direction":[-0.175122,0.357985,-0.917107],"id":3,"palmNormal":[0.266854,-0.879334,-0.394306],"palmPosition":[4.36917,161.183,-3.28045],"palmVelocity":[6.11204,8.00627,-26.2917],"r":[[0.983262,-0.168761,-0.0686759],[0.164756,0.984487,-0.0603464],[0.0777946,0.0480215,0.995812]],"s":1.40546,"sphereCenter":[-1.57673,156.184,-47.7098],"sphereRadius":64.7964,"t":[2.55149,-2.32012,-141.722]}],"id":9421,"pointables":[{"direction":[0.0488055,0.0746706,-0.996013],"handId":3,"id":2,"length":75.3233,"tipPosition":[10.5308,217.202,-86.9233],"tipVelocity":[11.9107,5.86143,-9.57734],"tool":false},{"direction":[-0.0362485,-0.0747815,-0.996541],"handId":3,"id":5,"length":16.3915,"tipPosition":[-34.1215,207.281,-79.666],"tipVelocity":[7.30474,4.23714,-3.0273],"tool":false},{"direction":[0.0714232,-0.0106443,-0.997389],"handId":3,"id":1,"length":62.7979,"tipPosition":[35.9986,204.469,-74.6954],"tipVelocity":[16.4238,-7.11039,-115.117],"tool":false},{"direction":[0.201615,-0.00551491,-0.979449],"handId":3,"id":6,"length":49.3735,"tipPosition":[59.5129,171.02,-54.7161],"tipVelocity":[9.32482,4.23214,-5.47052],"tool":false}],"r":[[-0.595863,0.607518,0.525233],[-0.0884659,-0.699692,0.708946],[0.798199,0.37597,0.470665]],"s":-1.02907,"t":[-104.583,-441.013,332.819],"timestamp":93603567},
{"hands":[{"direction":[-0.173861,0.358404,-0.917183],"id":3,"palmNormal":[0.266638,-0.879415,-0.394286],"palmPosition":[4.44134,161.219,-3.38124],"palmVelocity":[7.71728,3.82145,-10.7774],"r":[[0.98324,-0.168958,-0.0684982],[0.164992,0.98447,-0.059966],[0.0775661,0.0476593,0.995847]],"s":1.40594,"sphereCenter":[-1.4803,156.232,-47.8346],"sphereRadius":64.7959,"t":[2.64389,-2.27384,-141.779]}],"id":9422,"pointables":[{"direction":[0.0488728,0.0748296,-0.995998],"handId":3,"id":2,"length":75.4241,"tipPosition":[10.6501,217.272,-86.9983],"tipVelocity":[12.7521,7.49199,-8.01837],"tool":false},{"direction":[-0.0339999,-0.0865643,-0.995666],"handId":3,"id":5,"length":16.2074,"tipPosition":[-34.0264,207.323,-79.6767],"tipVelocity":[10.1738,4.42162,-1.15071],"tool":false},{"direction":[0.0712786,-0.0104021,-0.997402],"handId":3,"id":1,"length":62.8947,"tipPosition":[36.1573,204.554,-75.3486],"tipVelocity":[16.9638,9.17037,-69.8441],"tool":false},{"direction":[0.202091,-0.00377172,-0.979359],"handId":3,"id":6,"length":49.3772,"tipPosition":[59.6041,171.065,-54.7466],"tipVelocity":[9.74896,4.85255,-3.26464],"tool":false}],"r":[[-0.595712,0.607726,0.525163],[-0.0882729,-0.699415,0.709243],[0.798333,0.376147,0.470296]],"s":-1.02859,"t":[-104.49,-440.967,332.762],"timestamp":93612919},
{"hands":[{"direction":[-0.173845,0.357902,-0.917387],"id":3,"palmNormal":[0.266234,-0.879809,-0.393687],"palmPosition":[4.51509,161.227,-3.3354],"palmVelocity":[8.14388,0.90615,5.06198],"r":[[0.983186,-0.169165,-0.0687635],[0.165203,0.984448,-0.059755],[0.0778026,0.0473904,0.995842]],"s":1.40637,"sphereCenter":[-1.41185,156.277,-47.8678],"sphereRadius":64.7818,"t":[2.73524,-2.26329,-141.815]}],"id":9423,"pointables":[{"direction":[0.0489411,0.0752319,-0.995964],"handId":3,"id":2,"length":75.4702,"tipPosition":[10.7719,217.336,-87.1036],"tipVelocity":[13.4465,6.99269,-11.6359],"tool":false},{"direction":[-0.0329568,-0.0945041,-0.994979],"handId":3,"id":5,"length":16.0731,"tipPosition":[-33.9045,207.237,-79.6863],"tipVelocity":[13.4551,-9.46682,-1.06165],"tool":false},{"direction":[0.0711995,-0.0106934,-0.997405],"handId":3,"id":1,"length":62.7576,"tipPosition":[36.2161,204.59,-74.6867],"tipVelocity":[6.49618,3.90635,73.0854],"tool":false},{"direction":[0.20219,-0.0030412,-0.979342],"handId":3,"id":6,"length":49.4084,"tipPosition":[59.6638,171.014,-54.766],"tipVelocity":[6.59854,-5.61642,-2.135],"tool":false}],"r":[[-0.595917,0.60776,0.524891],[-0.0882099,-0.69921,0.709454],[0.798187,0.376475,0.470281]],"s":-1.02815,"t":[-104.399,-440.956,332.726],"timestamp":93621975},
{"hands":[{"direction":[-0.173445,0.358824,-0.917104],"id":3,"palmNormal":[0.265756,-0.879575,-0.394536],"palmPosition":[4.55924,161.28,-3.4969],"palmVelocity":[4.87606,5.82456,-17.8372],"r":[[0.983155,-0.169146,-0.069252],[0.165169,0.984459,-0.0596579],[0.0782667,0.0472147,0.995814]],"s":1.40674,"sphereCenter":[-1.34634,156.318,-47.9177],"sphereRadius":64.7665,"t":[2.83416,-2.262,-141.819]}],"id":9424,"pointables":[{"direction":[0.0489567,0.0751731,-0.995968],"handId":3,"id":2,"length":75.5961,"tipPosition":[10.9026,217.365,-87.1557],"tipVelocity":[14.4442,3.24,-5.75041],"tool":false},{"direction":[-0.0324254,-0.0958923,-0.994863],"handId":3,"id":5,"length":15.9006,"tipPosition":[-33.7692,207.22,-79.6526],"tipVelocity":[14.9461,-1.85109,3.72717],"tool":false},{"direction":[0.0711972,-0.0102771,-0.997409],"handId":3,"id":1,"length":62.8724,"tipPosition":[36.2983,204.591,-74.2897],"tipVelocity":[9.07755,0.0911126,43.8557],"tool":false},{"direction":[0.201945,-0.00322784,-0.979392],"handId":3,"id":6,"length":49.4152,"tipPosition":[59.6865,170.91,-54.7447],"tipVelocity":[2.49695,-11.5302,2.35019],"tool":false}],"r":[[-0.59631,0.607547,0.524692],[-0.0881088,-0.6992,0.709476],[0.797904,0.376838,0.47047]],"s":-1.02778,"t":[-104.3,-440.955,332.722],"timestamp":93631029},
{"hands":[{"direction":[-0.172574,0.358583,-0.917364],"id":3,"palmNormal":[0.265047,-0.880077,-0.393897],"palmPosition":[4.61737,161.274,-3.48643],"palmVelocity":[6.36756,-0.621034,1.14677],"r":[[0.983221,-0.168712,-0.0693779],[0.16474,0.984541,-0.0595013],[0.0783439,0.0470736,0.995814]],"s":1.40699,"sphereCenter":[-1.28151,156.382,-47.9972],"sphereRadius":64.7622,"t":[2.9645,-2.2791,-141.839]}],"id":9425,"pointables":[{"direction":[0.0490967,0.0751205,-0.995965],"handId":3,"id":2,"length":75.6941,"tipPosition":[11.0705,217.431,-87.2047],"tipVelocity":[18.383,7.2461,-5.36119],"tool":false},{"direction":[-0.0329701,-0.0944413,-0.994984],"handId":3,"id":5,"length":15.7001,"tipPosition":[-33.5986,207.241,-79.6745],"tipVelocity":[18.6912,2.32359,-2.40474],"tool":false},{"direction":[0.0706181,-0.0117575,-0.997434],"handId":3,"id":1,"length":63.1209,"tipPosition":[36.454,204.498,-75.1167],"tipVelocity":[17.0506,-10.0959,-90.5883],"tool":false},{"direction":[0.201635,-0.00338699,-0.979455],"handId":3,"id":6,"length":49.4154,"tipPosition":[59.6948,170.772,-54.7269],"tipVelocity":[0.911065,-15.1618,1.94515],"tool":false}],"r":[[-0.596429,0.607198,0.524961],[-0.0877414,-0.699422,0.709302],[0.797856,0.376988,0.470432]],"s":-1.02753,"t":[-104.17,-440.972,332.702],"timestamp":93640159},
{"hands":[{"direction":[-0.172019,0.357459,-0.917905],"id":3,"palmNormal":[0.264032,-0.881046,-0.392386],"palmPosition":[4.68295,161.176,-3.20701],"palmVelocity":[7.19193,-10.7602,30.645],"r":[[0.983423,-0.16747,-0.0695156],[0.163462,0.984732,-0.0598592],[0.0784789,0.0475038,0.995783]],"s":1.40647,"sphereCenter":[-1.20766,156.454,-47.5572],"sphereRadius":64.684,"t":[3.08358,-2.28666,-141.597]}],"id":9426,"pointables":[{"direction":[0.0486586,0.0760777,-0.995914],"handId":3,"id":2,"length":75.6413,"tipPosition":[11.1872,217.472,-86.1588],"tipVelocity":[12.8035,4.47956,114.702],"tool":false},{"direction":[-0.0314144,-0.101581,-0.994331],"handId":3,"id":5,"length":15.5395,"tipPosition":[-33.4062,207.481,-79.2006],"tipVelocity":[21.1004,26.3227,51.9783],"tool":false},{"direction":[0.070574,-0.0110403,-0.997445],"handId":3,"id":1,"length":63.2271,"tipPosition":[36.5529,204.462,-74.5844],"tipVelocity":[10.8499,-4.04812,58.3826],"tool":false},{"direction":[0.201047,-0.00428911,-0.979572],"handId":3,"id":6,"length":49.3599,"tipPosition":[59.5948,170.54,-54.3032],"tipVelocity":[-10.9679,-25.4339,46.4767],"tool":false}],"r":[[-0.596589,0.60629,0.525828],[-0.087344,-0.700357,0.708428],[0.79778,0.376712,0.470781]],"s":-1.02805,"t":[-104.051,-440.98,332.944],"timestamp":93649277},
{"hands":[{"direction":[-0.171438,0.356852,-0.918252],"id":3,"palmNormal":[0.262435,-0.881939,-0.391433],"palmPosition":[4.74771,161.137,-3.00588],"palmVelocity":[6.96019,-4.17398,21.6146],"r":[[0.983845,-0.165405,-0.0684908],[0.161362,0.985015,-0.0608929],[0.0775364,0.0488573,0.995792]],"s":1.40533,"sphereCenter":[-1.16104,156.563,-47.4223],"sphereRadius":64.6341,"t":[3.23355,-2.30883,-141.542]}],"id":9427,"pointables":[{"direction":[0.0485051,0.0768622,-0.995861],"handId":3,"id":2,"length":75.6641,"tipPosition":[11.3766,217.505,-85.4861],"tipVelocity":[20.3503,3.59676,72.2979],"tool":false},{"direction":[-0.0321923,-0.0990741,-0.994559],"handId":3,"id":5,"length":15.4373,"tipPosition":[-33.1247,207.652,-78.8391],"tipVelocity":[30.2446,18.3144,38.8501],"tool":false},{"direction":[0.0698833,-0.0109006,-0.997496],"handId":3,"id":1,"length":63.3826,"tipPosition":[36.7252,204.355,-75.2087],"tipVelocity":[18.5233,-11.5012,-67.0943],"tool":false},{"direction":[0.199914,-0.00531227,-0.979799],"handId":3,"id":6,"length":49.3817,"tipPosition":[59.5711,170.157,-54.5234],"tipVelocity":[-2.54227,-41.1129,-23.6736],"tool":false}],"r":[[-0.595845,0.605294,0.527815],[-0.0870647,-0.702034,0.706801],[0.798366,0.37519,0.471003]],"s":-1.0292,"t":[-103.901,-441.002,332.999],"timestamp":93658582},
{"hands":[{"direction":[-0.171912,0.355055,-0.91885],"id":3,"palmNormal":[0.260457,-0.883351,-0.389506],"palmPosition":[4.82258,161.079,-2.74584],"palmVelocity":[8.15012,-6.38652,28.3089],"r":[[0.984526,-0.1622,-0.0663329],[0.158116,0.985421,-0.0628065],[0.075553,0.0513464,0.995819]],"s":1.40343,"sphereCenter":[-1.16445,156.621,-47.2568],"sphereRadius":64.6093,"t":[3.39768,-2.39723,-141.4]}],"id":9428,"pointables":[{"direction":[0.0479308,0.0780398,-0.995797],"handId":3,"id":2,"length":75.4797,"tipPosition":[11.5895,217.469,-84.6207],"tipVelocity":[23.1791,-3.9297,94.2039],"tool":false},{"direction":[-0.0345112,-0.0934762,-0.995023],"handId":3,"id":5,"length":15.5019,"tipPosition":[-32.7757,207.885,-78.2195],"tipVelocity":[37.9942,25.3467,67.4495],"tool":false},{"direction":[0.0689395,-0.0118031,-0.997551],"handId":3,"id":1,"length":63.3486,"tipPosition":[36.8689,204.081,-75.3715],"tipVelocity":[15.6365,-29.7357,-17.7233],"tool":false},{"direction":[0.198205,-0.00740952,-0.980133],"handId":3,"id":6,"length":49.3424,"tipPosition":[59.4933,169.606,-54.8087],"tipVelocity":[-8.47154,-60.003,-31.0499],"tool":false}],"r":[[-0.594227,0.603976,0.531138],[-0.0868981,-0.704721,0.704143],[0.799589,0.372266,0.471249]],"s":-1.03109,"t":[-103.737,-441.09,333.141],"timestamp":93667768},
{"hands":[{"direction":[-0.173101,0.354706,-0.918762],"id":3,"palmNormal":[0.257446,-0.884264,-0.389385],"palmPosition":[4.86858,161.064,-2.7575],"palmVelocity":[5.05676,-1.59138,-1.28195],"r":[[0.985341,-0.158037,-0.0642498],[0.153934,0.985974,-0.0644924],[0.0735409,0.0536568,0.995848]],"s":1.4022,"sphereCenter":[-1.1816,156.857,-47.1412],"sphereRadius":64.4761,"t":[3.594,-2.53231,-141.237]}],"id":9429,"pointables":[{"direction":[0.0474887,0.0776145,-0.995852],"handId":3,"id":2,"length":75.3737,"tipPosition":[11.9365,217.497,-85.2962],"tipVelocity":[38.1532,3.07689,-74.2563],"tool":false},{"direction":[-0.0369362,-0.0817723,-0.995966],"handId":3,"id":5,"length":15.6877,"tipPosition":[-32.3073,207.973,-77.5522],"tipVelocity":[51.4926,9.67834,73.3618],"tool":false},{"direction":[0.067482,-0.0132538,-0.997632],"handId":3,"id":1,"length":63.2889,"tipPosition":[36.9789,203.69,-74.9482],"tipVelocity":[12.0909,-43.0427,46.5428],"tool":false},{"direction":[0.196377,-0.0086363,-0.98049],"handId":3,"id":6,"length":49.258,"tipPosition":[59.3552,168.987,-54.8626],"tipVelocity":[-15.1846,-68.0224,-5.92923],"tool":false}],"r":[[-0.592697,0.601956,0.535126],[-0.0860301,-0.707915,0.701038],[0.800818,0.369466,0.471365]],"s":-1.03233,"t":[-103.54,-441.225,333.304],"timestamp":93676864},
{"hands":[{"direction":[-0.172887,0.355445,-0.918521],"id":3,"palmNormal":[0.253179,-0.885214,-0.389904],"palmPosition":[4.89004,161.013,-2.76663],"palmVelocity":[2.38738,-5.6708,-1.01592],"r":[[0.986325,-0.152826,-0.0616945],[0.14873,0.986653,-0.0662926],[0.0710023,0.0562102,0.995891]],"s":1.40108,"sphereCenter":[-1.18113,157.122,-46.892],"sphereRadius":64.3371,"t":[3.85293,-2.72736,-141.379]}],"id":9430,"pointables":[{"direction":[0.0468027,0.0761334,-0.995999],"handId":3,"id":2,"length":75.3492,"tipPosition":[12.3435,217.383,-85.4313],"tipVelocity":[45.2594,-12.7425,-15.0324],"tool":false},{"direction":[-0.0395346,-0.0736622,-0.996499],"handId":3,"id":5,"length":16.0032,"tipPosition":[-31.7822,207.993,-77.1147],"tipVelocity":[58.411,2.27394,48.6615],"tool":false},{"direction":[0.0655672,-0.0135292,-0.997756],"handId":3,"id":1,"length":63.3331,"tipPosition":[37.215,203.294,-75.7071],"tipVelocity":[26.2665,-43.985,-84.4045],"tool":false},{"direction":[0.19395,-0.0109807,-0.98095],"handId":3,"id":6,"length":49.0676,"tipPosition":[59.1974,168.129,-55.0693],"tipVelocity":[-17.5516,-95.4629,-22.9847],"tool":false}],"r":[[-0.590807,0.599388,0.540074],[-0.0847017,-0.711772,0.697285],[0.802354,0.366216,0.471289]],"s":-1.03344,"t":[-103.281,-441.421,333.162],"timestamp":93685855},
{"hands":[{"direction":[-0.17591,0.356743,-0.917402],"id":3,"palmNormal":[0.247084,-0.885936,-0.391895],"palmPosition":[4.88398,161.011,-2.8236],"palmVelocity":[-0.64998,-0.269383,-6.11169],"r":[[0.98748,-0.145839,-0.060126],[0.1417,0.987559,-0.0681743],[0.0693205,0.0588009,0.99586]],"s":1.40062,"sphereCenter":[-1.21598,157.399,-46.7638],"sphereRadius":64.1548,"t":[4.18668,-3.02272,-141.447]}],"id":9431,"pointables":[{"direction":[0.0461273,0.0765172,-0.996001],"handId":3,"id":2,"length":75.2344,"tipPosition":[12.8936,217.271,-86.0032],"tipVelocity":[59.0205,-11.9394,-61.355],"tool":false},{"direction":[-0.0422678,-0.0654469,-0.99696],"handId":3,"id":5,"length":16.6807,"tipPosition":[-31.2194,208.22,-76.894],"tipVelocity":[60.3716,24.3618,23.6819],"tool":false},{"direction":[0.0631129,-0.0157109,-0.997883],"handId":3,"id":1,"length":63.093,"tipPosition":[37.482,202.614,-75.0809],"tipVelocity":[28.6447,-72.9588,67.181],"tool":false},{"direction":[0.191173,-0.0130628,-0.981469],"handId":3,"id":6,"length":48.7592,"tipPosition":[58.9825,166.961,-55.2781],"tipVelocity":[-23.0558,-125.253,-22.4071],"tool":false}],"r":[[-0.589749,0.595165,0.545872],[-0.0824536,-0.716772,0.692416],[0.803367,0.363342,0.471789]],"s":-1.0339,"t":[-102.948,-441.716,333.094],"timestamp":93695176},
{"hands":[{"direction":[-0.178842,0.356643,-0.91685],"id":3,"palmNormal":[0.239136,-0.887882,-0.391988],"palmPosition":[4.91416,160.933,-2.75691],"palmVelocity":[3.31643,-8.52785,7.33032],"r":[[0.988881,-0.136589,-0.0588055],[0.132387,0.988706,-0.07025],[0.0677367,0.0616838,0.995795]],"s":1.40083,"sphereCenter":[-1.21228,157.802,-46.4495],"sphereRadius":63.9587,"t":[4.62782,-3.45723,-141.656]}],"id":9432,"pointables":[{"direction":[0.0453339,0.07539,-0.996123],"handId":3,"id":2,"length":75.1938,"tipPosition":[13.5716,217.061,-86.3595],"tipVelocity":[74.5177,-23.1201,-39.1601],"tool":false},{"direction":[-0.0455909,-0.0613061,-0.997077],"handId":3,"id":5,"length":17.6553,"tipPosition":[-30.5724,208.458,-76.9025],"tipVelocity":[71.1169,26.1126,-0.941172],"tool":false},{"direction":[0.0605057,-0.0182898,-0.998],"handId":3,"id":1,"length":62.7561,"tipPosition":[37.9321,201.677,-76.0256],"tipVelocity":[49.4677,-102.99,-103.837],"tool":false},{"direction":[0.187794,-0.016337,-0.982073],"handId":3,"id":6,"length":48.4267,"tipPosition":[58.6935,165.395,-55.6217],"tipVelocity":[-31.7595,-172.176,-37.7688],"tool":false}],"r":[[-0.588917,0.589222,0.553167],[-0.079129,-0.723198,0.686092],[0.80431,0.36028,0.472528]],"s":-1.0337,"t":[-102.507,-442.15,332.885],"timestamp":93704274},
