[
{"hands":[{"direction":[-0.0970849,0.49833,-0.859109],"id":3,"palmNormal":[-0.249655,-0.846528,-0.466939],"palmPosition":[28.4551,137.515,33.0699],"palmVelocity":[-8.36003,57.1575,-53.6642],"r":[[0.688599,-0.082841,-0.720395],[-0.186725,0.939695,-0.286542],[0.700689,0.331828,0.631605]],"s":0.64911,"sphereCenter":[22.3455,139.576,4.44724],"sphereRadius":60.2536,"t":[22.5724,185.877,182.539]}],"id":21778,"pointables":[{"direction":[-0.0247912,-0.0410435,-0.99885],"handId":3,"id":4,"length":23.6169,"tipPosition":[39.8693,183.119,-56.3679],"tipVelocity":[-18.4756,-8.56794,-472.995],"tool":false},{"direction":[-0.038023,-0.0817898,-0.995924],"handId":3,"id":2,"length":34.0132,"tipPosition":[58.0393,165.188,-50.1111],"tipVelocity":[-6.40751,-4.80667,-394.795],"tool":false},{"direction":[-0.160972,-0.0342033,-0.986366],"handId":3,"id":5,"length":59.7555,"tipPosition":[3.41853,193.044,-49.8151],"tipVelocity":[-10.1319,-2.48333,-91.7395],"tool":false},{"direction":[-0.0129811,-0.144629,-0.989401],"handId":3,"id":6,"length":42.3945,"tipPosition":[68.3508,128.211,-34.7059],"tipVelocity":[114.294,124.954,-135.959],"tool":false},{"direction":[-0.356167,-0.113015,-0.927563],"handId":3,"id":7,"length":50.1843,"tipPosition":[-32.4218,129.892,-8.8337],"tipVelocity":[3.16216,17.1631,18.7413],"tool":false}],"r":[[-0.0793167,-0.83746,-0.540712],[0.441754,-0.515781,0.734046],[-0.893623,-0.180639,0.410861]],"s":-4.21301,"t":[-148.587,-329.27,938.164],"timestamp":216879988},
{"hands":[{"direction":[-0.0975184,0.495882,-0.860728],"id":3,"palmNormal":[-0.248884,-0.848607,-0.463899],"palmPosition":[28.5056,137.337,35.511],"palmVelocity":[5.45327,-19.2488,263.505],"r":[[0.692389,-0.0942783,-0.715338],[-0.176102,0.939362,-0.294256],[0.699704,0.329712,0.633802]],"s":0.647758,"sphereCenter":[22.2189,139.841,4.27712],"sphereRadius":60.2714,"t":[22.6218,186.152,182.784]}],"id":21779,"pointables":[{"direction":[-0.0273714,-0.0395284,-0.998843],"handId":3,"id":4,"length":24.8564,"tipPosition":[39.9548,183.535,-53.3423],"tipVelocity":[9.22771,44.9596,326.59],"tool":false},{"direction":[-0.159569,-0.0366365,-0.986507],"handId":3,"id":5,"length":60.3889,"tipPosition":[3.34255,193.112,-50.4883],"tipVelocity":[-8.2018,7.41427,-72.6695],"tool":false},{"direction":[-0.0414566,-0.0804338,-0.995897],"handId":3,"id":2,"length":30.8501,"tipPosition":[58.275,165.67,-47.5063],"tipVelocity":[25.4417,52.0591,281.181],"tool":false},{"direction":[0.000865903,-0.126343,-0.991986],"handId":3,"id":6,"length":42.0571,"tipPosition":[68.9362,129.117,-33.8568],"tipVelocity":[63.1845,97.7051,91.6566],"tool":false},{"direction":[-0.35744,-0.112593,-0.927124],"handId":3,"id":7,"length":51.6207,"tipPosition":[-32.4114,130.08,-8.65472],"tipVelocity":[1.11931,20.2647,19.3206],"tool":false}],"r":[[-0.0863249,-0.830995,-0.549541],[0.438978,-0.526894,0.727792],[-0.894341,-0.17841,0.410273]],"s":-4.21436,"t":[-148.538,-328.995,938.409],"timestamp":216889252},
{"hands":[{"direction":[-0.0929495,0.50261,-0.857251],"id":3,"palmNormal":[-0.249964,-0.843949,-0.471568],"palmPosition":[28.325,138.077,33.2891],"palmVelocity":[-19.7262,80.8764,-242.72],"r":[[0.696556,-0.103294,-0.710028],[-0.167313,0.938918,-0.300731],[0.697722,0.328273,0.636727]],"s":0.647549,"sphereCenter":[21.8999,139.886,2.62068],"sphereRadius":60.0779,"t":[22.6135,186.35,182.544]}],"id":21780,"pointables":[{"direction":[-0.158225,-0.0379206,-0.986675],"handId":3,"id":5,"length":60.7043,"tipPosition":[3.30366,193.299,-50.6788],"tipVelocity":[-4.24797,20.4217,-20.8068],"tool":false},{"direction":[-0.0447393,-0.0815635,-0.995663],"handId":3,"id":2,"length":27.9731,"tipPosition":[58.1816,165.727,-48.7639],"tipVelocity":[-10.2094,6.1829,-137.379],"tool":false},{"direction":[0.0149424,-0.112308,-0.993561],"handId":3,"id":6,"length":42.9191,"tipPosition":[69.3786,129.588,-34.9396],"tipVelocity":[48.3306,51.4757,-118.29],"tool":false},{"direction":[-0.359716,-0.111345,-0.926394],"handId":3,"id":7,"length":51.5717,"tipPosition":[-32.4728,130.212,-8.61182],"tipVelocity":[-6.69977,14.4311,4.68658],"tool":false}],"r":[[-0.0935899,-0.825778,-0.556176],[0.436714,-0.536067,0.722435],[-0.894719,-0.175277,0.4108]],"s":-4.21457,"t":[-148.546,-328.797,938.169],"timestamp":216898406},
{"hands":[{"direction":[-0.0941619,0.506468,-0.855025],"id":3,"palmNormal":[-0.249953,-0.842102,-0.475158],"palmPosition":[28.1178,138.182,33.9473],"palmVelocity":[-23.1448,11.706,73.5207],"r":[[0.696264,-0.112524,-0.708911],[-0.162202,0.937424,-0.308103],[0.699219,0.329507,0.634443]],"s":0.643889,"sphereCenter":[21.7974,140.1,2.7159],"sphereRadius":59.7957,"t":[22.7096,186.693,184.101]}],"id":21781,"pointables":[{"direction":[-0.0282362,-0.0325169,-0.999072],"handId":3,"id":4,"length":25.6463,"tipPosition":[40.1554,183.927,-47.4266],"tipVelocity":[11.0798,21.6214,326.726],"tool":false},{"direction":[-0.159611,-0.0368506,-0.986492],"handId":3,"id":5,"length":60.5798,"tipPosition":[3.63584,193.787,-47.3249],"tipVelocity":[37.1065,54.494,374.655],"tool":false},{"direction":[-0.0458113,-0.0771047,-0.99597],"handId":3,"id":2,"length":28.0183,"tipPosition":[58.5046,166.294,-43.0875],"tipVelocity":[36.0888,63.3852,634.086],"tool":false},{"direction":[0.0210176,-0.10407,-0.994348],"handId":3,"id":6,"length":42.9885,"tipPosition":[69.517,130.323,-31.7284],"tipVelocity":[15.4624,82.0714,358.714],"tool":false},{"direction":[-0.360153,-0.111232,-0.926238],"handId":3,"id":7,"length":51.5786,"tipPosition":[-32.5025,130.328,-8.49584],"tipVelocity":[-3.3249,12.9511,12.9556],"tool":false}],"r":[[-0.0949143,-0.82044,-0.563799],[0.437639,-0.54308,0.716614],[-0.894127,-0.178724,0.410602]],"s":-4.21823,"t":[-148.45,-328.454,939.727],"timestamp":216907358},
{"hands":[{"direction":[-0.0963092,0.508286,-0.853916],"id":3,"palmNormal":[-0.24962,-0.841686,-0.476421],"palmPosition":[27.9799,138.177,34.9848],"palmVelocity":[-14.7751,-0.523224,111.125],"r":[[0.692822,-0.121508,-0.710798],[-0.160246,0.935113,-0.316047],[0.703078,0.332867,0.628395]],"s":0.638091,"sphereCenter":[21.7482,140.337,3.30056],"sphereRadius":59.571,"t":[22.8576,187.045,186.977]}],"id":21782,"pointables":[{"direction":[-0.16179,-0.0331353,-0.986269],"handId":3,"id":5,"length":60.5917,"tipPosition":[4.12894,194.267,-43.1313],"tipVelocity":[52.817,51.3569,449.181],"tool":false},{"direction":[-0.0301351,-0.0274294,-0.999169],"handId":3,"id":4,"length":26.2633,"tipPosition":[40.3553,184.251,-42.2042],"tipVelocity":[21.4107,34.6725,559.387],"tool":false},{"direction":[-0.0443265,-0.0681383,-0.996691],"handId":3,"id":2,"length":24.753,"tipPosition":[58.7195,166.654,-37.8157],"tipVelocity":[23.0171,38.5275,564.675],"tool":false},{"direction":[0.0270727,-0.0953203,-0.995078],"handId":3,"id":6,"length":43.1368,"tipPosition":[69.5598,131.002,-28.2869],"tipVelocity":[4.58273,72.7884,368.62],"tool":false},{"direction":[-0.360377,-0.1116,-0.926107],"handId":3,"id":7,"length":51.5483,"tipPosition":[-32.4504,130.43,-8.2247],"tipVelocity":[5.58136,10.9427,29.0423],"tool":false}],"r":[[-0.0919727,-0.815222,-0.571799],[0.441179,-0.548157,0.710552],[-0.892694,-0.186915,0.410074]],"s":-4.22403,"t":[-148.302,-328.103,942.602],"timestamp":216916694},
{"hands":[{"direction":[-0.101217,0.504397,-0.855695],"id":3,"palmNormal":[-0.248747,-0.844975,-0.471069],"palmPosition":[28.1238,137.496,38.6741],"palmVelocity":[15.9122,-75.2814,407.843],"r":[[0.687459,-0.129712,-0.714545],[-0.161286,0.932078,-0.324373],[0.708087,0.33824,0.619845]],"s":0.630844,"sphereCenter":[21.8246,140.687,4.91921],"sphereRadius":59.5269,"t":[22.9976,187.407,190.511]}],"id":21783,"pointables":[{"direction":[-0.164497,-0.0270599,-0.986006],"handId":3,"id":5,"length":60.3831,"tipPosition":[4.86064,194.641,-37.9228],"tipVelocity":[80.8867,41.3928,575.774],"tool":false},{"direction":[-0.039601,-0.038157,-0.998487],"handId":3,"id":4,"length":26.0127,"tipPosition":[40.6173,184.631,-37.2594],"tipVelocity":[28.9614,42.0544,546.624],"tool":false},{"direction":[-0.0398327,-0.0527588,-0.997813],"handId":3,"id":2,"length":23.5796,"tipPosition":[58.8514,166.919,-33.6228],"tipVelocity":[14.5848,29.3346,463.515],"tool":false},{"direction":[0.0335785,-0.0867578,-0.995663],"handId":3,"id":6,"length":43.5678,"tipPosition":[69.4816,131.545,-24.6885],"tipVelocity":[-8.64731,60.0262,397.797],"tool":false},{"direction":[-0.36064,-0.111747,-0.925987],"handId":3,"id":7,"length":52.809,"tipPosition":[-32.3571,130.557,-7.85306],"tipVelocity":[10.3117,14.012,41.0833],"tool":false}],"r":[[-0.0863475,-0.810389,-0.579494],[0.447111,-0.551321,0.70437],[-0.890301,-0.198277,0.409939]],"s":-4.23128,"t":[-148.162,-327.74,946.136],"timestamp":216925740},
{"hands":[{"direction":[-0.105494,0.503651,-0.855756],"id":3,"palmNormal":[-0.247631,-0.846336,-0.469487],"palmPosition":[28.0374,137.225,40.0262],"palmVelocity":[-9.29752,-29.1477,145.433],"r":[[0.681365,-0.136993,-0.71901],[-0.163869,0.928843,-0.332262],[0.713365,0.344215,0.610431]],"s":0.62406,"sphereCenter":[21.8232,140.857,5.93666],"sphereRadius":59.3409,"t":[23.0829,187.735,193.557]}],"id":21784,"pointables":[{"direction":[-0.166936,-0.0213337,-0.985737],"handId":3,"id":5,"length":59.8499,"tipPosition":[5.34505,194.934,-34.3738],"tipVelocity":[52.1041,31.5252,381.736],"tool":false},{"direction":[-0.0514496,-0.0557587,-0.997118],"handId":3,"id":4,"length":25.7962,"tipPosition":[40.7772,184.972,-34.2974],"tipVelocity":[17.2048,36.7071,318.597],"tool":false},{"direction":[-0.0361681,-0.0412039,-0.998496],"handId":3,"id":2,"length":23.1062,"tipPosition":[58.882,167.085,-31.0643],"tipVelocity":[3.28926,17.7666,275.194],"tool":false},{"direction":[0.0387785,-0.0801683,-0.996027],"handId":3,"id":6,"length":43.2064,"tipPosition":[69.3753,131.922,-22.1562],"tipVelocity":[-11.4283,40.5538,272.378],"tool":false},{"direction":[-0.360035,-0.112339,-0.926151],"handId":3,"id":7,"length":52.7863,"tipPosition":[-32.3872,130.599,-7.73324],"tipVelocity":[-3.23603,4.56192,12.8874],"tool":false}],"r":[[-0.0796328,-0.80601,-0.58652],[0.45387,-0.553177,0.698567],[-0.887502,-0.210575,0.409875]],"s":-4.23806,"t":[-148.077,-327.412,949.183],"timestamp":216935037},
{"hands":[{"direction":[-0.106601,0.505281,-0.854839],"id":3,"palmNormal":[-0.247558,-0.84573,-0.47088],"palmPosition":[27.8966,137.497,39.2417],"palmVelocity":[-15.2116,29.3487,-84.7486],"r":[[0.676055,-0.143306,-0.722782],[-0.165177,0.926469,-0.33819],[0.718099,0.348022,0.602673]],"s":0.620026,"sphereCenter":[21.7144,141.013,6.00525],"sphereRadius":59.1452,"t":[23.0524,187.926,195.028]}],"id":21785,"pointables":[{"direction":[-0.168205,-0.0202371,-0.985544],"handId":3,"id":5,"length":59.8785,"tipPosition":[4.99612,195.116,-35.7355],"tipVelocity":[-37.6944,19.6781,-147.096],"tool":false},{"direction":[-0.0508913,-0.047648,-0.997567],"handId":3,"id":4,"length":25.781,"tipPosition":[40.6101,184.966,-34.7488],"tipVelocity":[-18.0533,-0.727177,-48.7651],"tool":false},{"direction":[-0.0352006,-0.0356947,-0.998743],"handId":3,"id":2,"length":23.215,"tipPosition":[58.8079,167.138,-30.8575],"tipVelocity":[-8.01161,5.81598,22.3336],"tool":false},{"direction":[0.0400883,-0.0793138,-0.996043],"handId":3,"id":6,"length":43.2251,"tipPosition":[69.3811,132.087,-22.2091],"tipVelocity":[0.623126,17.7805,-5.72179],"tool":false},{"direction":[-0.360715,-0.111672,-0.925967],"handId":3,"id":7,"length":52.7893,"tipPosition":[-32.5334,130.613,-7.83816],"tipVelocity":[-15.79,1.46963,-11.334],"tool":false}],"r":[[-0.073864,-0.802133,-0.592559],[0.458487,-0.554978,0.69411],[-0.885626,-0.22041,0.40876]],"s":-4.24209,"t":[-148.107,-327.221,950.653],"timestamp":216944294},
{"hands":[{"direction":[-0.102127,0.508302,-0.853644],"id":3,"palmNormal":[-0.248328,-0.843436,-0.474678],"palmPosition":[27.779,138.043,37.1732],"palmVelocity":[-12.831,59.5696,-225.666],"r":[[0.676133,-0.146879,-0.721991],[-0.162138,0.926244,-0.340271],[0.718718,0.34713,0.60245]],"s":0.621662,"sphereCenter":[21.4663,141.072,4.71459],"sphereRadius":59.1221,"t":[22.8335,187.943,192.688]}],"id":21786,"pointables":[{"direction":[-0.0506784,-0.0464919,-0.997632],"handId":3,"id":4,"length":27.1765,"tipPosition":[40.1119,184.898,-42.3067],"tipVelocity":[-54.3585,-7.36129,-824.554],"tool":false},{"direction":[-0.166074,-0.0232375,-0.985839],"handId":3,"id":5,"length":60.2682,"tipPosition":[4.06263,194.839,-41.8858],"tipVelocity":[-101.842,-30.2664,-670.992],"tool":false},{"direction":[-0.0383186,-0.039212,-0.998496],"handId":3,"id":2,"length":23.7447,"tipPosition":[58.4005,166.982,-37.4455],"tipVelocity":[-44.4478,-17.0917,-718.736],"tool":false},{"direction":[0.03985,-0.0802793,-0.995976],"handId":3,"id":6,"length":43.5903,"tipPosition":[69.5054,131.835,-26.4437],"tipVelocity":[13.5573,-27.4349,-461.99],"tool":false},{"direction":[-0.361231,-0.112031,-0.925722],"handId":3,"id":7,"length":52.8161,"tipPosition":[-32.6332,130.644,-7.8363],"tipVelocity":[-10.8881,3.35621,0.203432],"tool":false}],"r":[[-0.0747549,-0.799968,-0.595367],[0.457615,-0.557981,0.692276],[-0.886003,-0.220698,0.407789]],"s":-4.24046,"t":[-148.326,-327.204,948.313],"timestamp":216953460},
{"hands":[{"direction":[-0.0977951,0.509039,-0.853804],"id":3,"palmNormal":[-0.247414,-0.842927,-0.476261],"palmPosition":[27.71,138.463,35.8512],"palmVelocity":[-7.56805,46.0634,-145.056],"r":[[0.680886,-0.147692,-0.717343],[-0.156653,0.92742,-0.339636],[0.715439,0.343627,0.608331]],"s":0.627626,"sphereCenter":[21.2319,141.06,3.20433],"sphereRadius":59.2668,"t":[22.5093,187.863,189.893]}],"id":21787,"pointables":[{"direction":[-0.0479538,-0.0483892,-0.997677],"handId":3,"id":4,"length":29.0921,"tipPosition":[39.6824,184.666,-50.4346],"tipVelocity":[-47.1175,-25.5049,-891.802],"tool":false},{"direction":[-0.164069,-0.026656,-0.986089],"handId":3,"id":5,"length":60.6889,"tipPosition":[3.5028,194.735,-45.0378],"tipVelocity":[-61.4259,-11.4425,-345.837],"tool":false},{"direction":[-0.039595,-0.0456751,-0.998171],"handId":3,"id":2,"length":25.4408,"tipPosition":[57.9662,166.678,-44.4101],"tipVelocity":[-47.6509,-33.289,-764.169],"tool":false},{"direction":[0.0412735,-0.0804781,-0.995901],"handId":3,"id":6,"length":41.0039,"tipPosition":[69.581,131.657,-29.6943],"tipVelocity":[8.30331,-19.544,-356.654],"tool":false},{"direction":[-0.36121,-0.112699,-0.925649],"handId":3,"id":7,"length":52.7882,"tipPosition":[-32.7395,130.668,-7.8341],"tipVelocity":[-11.6678,2.71117,0.240915],"tool":false}],"r":[[-0.0813074,-0.799546,-0.595076],[0.453304,-0.561394,0.692353],[-0.88764,-0.213457,0.408083]],"s":-4.23449,"t":[-148.65,-327.284,945.518],"timestamp":216962574},
{"hands":[{"direction":[-0.0975582,0.512355,-0.851948],"id":3,"palmNormal":[-0.24684,-0.841114,-0.47984],"palmPosition":[27.5095,138.66,35.5277],"palmVelocity":[-22.6053,22.2904,-36.4795],"r":[[0.681895,-0.149748,-0.715957],[-0.153696,0.927632,-0.340406],[0.71512,0.342161,0.609532]],"s":0.629581,"sphereCenter":[21.1065,141.221,3.20761],"sphereRadius":59.0963,"t":[22.3223,187.945,189.287]}],"id":21788,"pointables":[{"direction":[-0.047115,-0.0424099,-0.997989],"handId":3,"id":4,"length":29.4748,"tipPosition":[39.712,184.875,-45.9916],"tipVelocity":[3.33423,23.6168,500.961],"tool":false},{"direction":[-0.164654,-0.0248922,-0.986037],"handId":3,"id":5,"length":60.534,"tipPosition":[3.45292,195.129,-43.9264],"tipVelocity":[-5.62356,44.4399,125.308],"tool":false},{"direction":[-0.0389873,-0.0394053,-0.998462],"handId":3,"id":2,"length":26.1607,"tipPosition":[58.094,167.032,-40.4057],"tipVelocity":[14.414,39.9255,451.505],"tool":false},{"direction":[0.0406531,-0.0808103,-0.9959],"handId":3,"id":6,"length":37.798,"tipPosition":[69.4573,131.901,-28.1111],"tipVelocity":[-13.9521,27.4875,178.511],"tool":false},{"direction":[-0.361507,-0.112605,-0.925545],"handId":3,"id":7,"length":52.8005,"tipPosition":[-32.8914,130.716,-7.90062],"tipVelocity":[-17.1186,5.41608,-7.50047],"tool":false}],"r":[[-0.0831136,-0.798329,-0.596459],[0.451669,-0.563701,0.691546],[-0.888306,-0.211925,0.407431]],"s":-4.23254,"t":[-148.837,-327.203,944.912],"timestamp":216971443},
{"hands":[{"direction":[-0.0941995,0.512922,-0.852087],"id":3,"palmNormal":[-0.246157,-0.840756,-0.480991],"palmPosition":[27.4506,139.011,34.6593],"palmVelocity":[-6.45164,38.3846,-95.0632],"r":[[0.686983,-0.149518,-0.711125],[-0.148785,0.92893,-0.339047],[0.711278,0.338724,0.615913]],"s":0.634916,"sphereCenter":[20.8885,141.203,1.98767],"sphereRadius":59.2275,"t":[22.032,187.909,187.684]}],"id":21789,"pointables":[{"direction":[-0.0454663,-0.0448025,-0.997961],"handId":3,"id":4,"length":30.6411,"tipPosition":[39.3186,184.624,-52.4267],"tipVelocity":[-43.0737,-27.4811,-704.523],"tool":false},{"direction":[-0.163008,-0.0263144,-0.986274],"handId":3,"id":5,"length":60.9386,"tipPosition":[3.02456,195.104,-46.2522],"tipVelocity":[-46.8972,-2.6668,-254.631],"tool":false},{"direction":[-0.0404246,-0.0447457,-0.99818],"handId":3,"id":2,"length":27.8212,"tipPosition":[57.6874,166.758,-46.1033],"tipVelocity":[-44.5184,-30.0293,-623.779],"tool":false},{"direction":[0.0416342,-0.0806334,-0.995874],"handId":3,"id":6,"length":35.2066,"tipPosition":[69.4868,131.748,-30.7105],"tipVelocity":[3.23537,-16.7104,-284.589],"tool":false},{"direction":[-0.361604,-0.112583,-0.925509],"handId":3,"id":7,"length":52.7254,"tipPosition":[-32.7318,130.805,-7.33186],"tipVelocity":[17.4641,9.64289,62.2689],"tool":false}],"r":[[-0.0899292,-0.798516,-0.595218],[0.447309,-0.566355,0.692212],[-0.889847,-0.203996,0.408115]],"s":-4.2272,"t":[-149.127,-327.238,943.31],"timestamp":216980577},
{"hands":[{"direction":[-0.0906803,0.513412,-0.852259],"id":3,"palmNormal":[-0.245299,-0.840435,-0.482139],"palmPosition":[27.3816,139.257,34.1018],"palmVelocity":[-7.29363,25.9798,-58.9841],"r":[[0.693148,-0.148372,-0.705359],[-0.143671,0.930508,-0.336917],[0.706331,0.334873,0.623664]],"s":0.641172,"sphereCenter":[20.6729,141.196,0.898915],"sphereRadius":59.3658,"t":[21.7491,187.827,185.935]}],"id":21790,"pointables":[{"direction":[-0.0437155,-0.0465965,-0.997957],"handId":3,"id":4,"length":32.0255,"tipPosition":[39.0429,184.483,-55.9975],"tipVelocity":[-29.1654,-14.9263,-377.789],"tool":false},{"direction":[-0.0415743,-0.0496715,-0.9979],"handId":3,"id":2,"length":29.5065,"tipPosition":[57.3858,166.556,-49.3195],"tipVelocity":[-31.9025,-21.3452,-340.27],"tool":false},{"direction":[-0.1611,-0.0281496,-0.986537],"handId":3,"id":5,"length":60.9115,"tipPosition":[2.67922,195.09,-47.9837],"tipVelocity":[-36.5365,-1.53323,-183.184],"tool":false},{"direction":[0.0429042,-0.0799666,-0.995874],"handId":3,"id":6,"length":32.6925,"tipPosition":[69.4752,131.62,-32.6067],"tipVelocity":[-1.23156,-13.5838,-200.61],"tool":false},{"direction":[-0.36177,-0.112225,-0.925488],"handId":3,"id":7,"length":52.7329,"tipPosition":[-32.86,130.816,-7.39756],"tipVelocity":[-13.5574,1.17425,-6.95045],"tool":false}],"r":[[-0.0980601,-0.799198,-0.593014],[0.442324,-0.568794,0.693414],[-0.891479,-0.194308,0.40928]],"s":-4.22095,"t":[-149.41,-327.32,941.56],"timestamp":216990029},
{"hands":[{"direction":[-0.0925401,0.512549,-0.852689],"id":3,"palmNormal":[-0.244893,-0.841437,-0.480719],"palmPosition":[27.3007,139.132,35.0042],"palmVelocity":[-8.90352,-13.7533,99.2505],"r":[[0.694944,-0.149174,-0.70342],[-0.141272,0.930854,-0.336976],[0.705049,0.333553,0.625818]],"s":0.642328,"sphereCenter":[20.5954,141.409,1.23991],"sphereRadius":59.3324,"t":[21.5806,187.874,185.819]}],"id":21791,"pointables":[{"direction":[-0.0442704,-0.042367,-0.998121],"handId":3,"id":4,"length":32.1997,"tipPosition":[39.1222,184.796,-50.6206],"tipVelocity":[8.72512,34.3668,591.39],"tool":false},{"direction":[-0.161273,-0.0277913,-0.986518],"handId":3,"id":5,"length":60.9296,"tipPosition":[2.62515,195.226,-46.8671],"tipVelocity":[-5.94712,14.9313,122.813],"tool":false},{"direction":[-0.0447447,-0.0528177,-0.997601],"handId":3,"id":2,"length":29.5471,"tipPosition":[57.5448,166.951,-44.8911],"tipVelocity":[17.4871,43.4273,487.066],"tool":false},{"direction":[0.0413583,-0.0815563,-0.99581],"handId":3,"id":6,"length":32.7236,"tipPosition":[69.3311,131.795,-31.0889],"tipVelocity":[-15.8527,19.3136,166.936],"tool":false},{"direction":[-0.361043,-0.112553,-0.925732],"handId":3,"id":7,"length":52.7413,"tipPosition":[-33.0733,130.746,-7.69357],"tipVelocity":[-23.457,-7.68387,-32.5574],"tool":false}],"r":[[-0.100684,-0.79873,-0.593206],[0.440633,-0.570371,0.693196],[-0.892023,-0.191592,0.409374]],"s":-4.21979,"t":[-149.579,-327.273,941.444],"timestamp":216999121},
{"hands":[{"direction":[-0.0926874,0.516815,-0.850103],"id":3,"palmNormal":[-0.246032,-0.83864,-0.484952],"palmPosition":[27.1166,139.258,34.5876],"palmVelocity":[-20.552,14.0978,-46.5198],"r":[[0.69448,-0.150982,-0.703493],[-0.140309,0.930547,-0.338224],[0.705699,0.333596,0.625062]],"s":0.641347,"sphereCenter":[20.4856,141.545,1.09583],"sphereRadius":59.1566,"t":[21.4989,187.958,186.325]}],"id":21792,"pointables":[{"direction":[-0.044648,-0.0386572,-0.998255],"handId":3,"id":4,"length":32.1924,"tipPosition":[39.154,184.989,-47.2149],"tipVelocity":[3.54625,21.6188,380.274],"tool":false},{"direction":[-0.161774,-0.0272525,-0.986451],"handId":3,"id":5,"length":60.944,"tipPosition":[2.54307,195.34,-45.9737],"tipVelocity":[-9.16529,12.7926,99.7552],"tool":false},{"direction":[-0.0486803,-0.0586078,-0.997093],"handId":3,"id":2,"length":29.5324,"tipPosition":[57.6175,167.161,-41.632],"tipVelocity":[8.11526,23.4626,363.908],"tool":false},{"direction":[0.0400033,-0.0827231,-0.995769],"handId":3,"id":6,"length":32.5998,"tipPosition":[69.1976,131.917,-29.962],"tipVelocity":[-14.8981,13.5995,125.821],"tool":false},{"direction":[-0.360536,-0.113023,-0.925872],"handId":3,"id":7,"length":52.6469,"tipPosition":[-33.068,130.637,-7.59237],"tipVelocity":[0.58479,-12.1866,11.2992],"tool":false}],"r":[[-0.100448,-0.797677,-0.594661],[0.440697,-0.571526,0.692202],[-0.892018,-0.192535,0.408943]],"s":-4.22077,"t":[-149.66,-327.189,941.95],"timestamp":217008077},
{"hands":[{"direction":[-0.094961,0.509434,-0.854088],"id":3,"palmNormal":[-0.244996,-0.843512,-0.476432],"palmPosition":[27.5039,138.23,38.3901],"palmVelocity":[41.5036,-110.197,407.516],"r":[[0.693689,-0.153083,-0.703819],[-0.139069,0.930301,-0.339411],[0.706721,0.333325,0.624051]],"s":0.640673,"sphereCenter":[20.8472,142.308,2.92233],"sphereRadius":59.7084,"t":[21.4064,188.001,186.619]}],"id":21793,"pointables":[{"direction":[-0.16117,-0.0277348,-0.986537],"handId":3,"id":5,"length":60.82,"tipPosition":[2.24052,195.221,-46.9193],"tipVelocity":[-32.4239,-12.8084,-101.341],"tool":false},{"direction":[-0.0458033,-0.0381767,-0.998221],"handId":3,"id":4,"length":32.3372,"tipPosition":[39.044,185.02,-46.5361],"tipVelocity":[-11.7921,3.34197,72.7415],"tool":false},{"direction":[-0.0516527,-0.0624015,-0.996714],"handId":3,"id":2,"length":28.8014,"tipPosition":[57.5308,167.192,-41.2234],"tipVelocity":[-9.28672,3.25454,43.7832],"tool":false},{"direction":[0.0385062,-0.0843272,-0.995694],"handId":3,"id":6,"length":32.111,"tipPosition":[69.0941,131.918,-29.8793],"tipVelocity":[-11.0931,0.105772,8.87069],"tool":false},{"direction":[-0.359928,-0.113928,-0.925998],"handId":3,"id":7,"length":52.576,"tipPosition":[-33.0415,130.439,-7.56482],"tipVelocity":[2.8393,-21.163,2.95244],"tool":false}],"r":[[-0.0998544,-0.796438,-0.59642],[0.440511,-0.572856,0.69122],[-0.892177,-0.193708,0.408042]],"s":-4.22145,"t":[-149.753,-327.146,942.244],"timestamp":217017408},
{"hands":[{"direction":[-0.0952323,0.503303,-0.857611],"id":3,"palmNormal":[-0.244238,-0.847356,-0.469749],"palmPosition":[27.7417,137.62,40.5183],"palmVelocity":[25.7949,-66.0955,230.876],"r":[[0.692922,-0.155237,-0.704102],[-0.137334,0.930252,-0.340251],[0.707812,0.332464,0.623273]],"s":0.640723,"sphereCenter":[21.0866,142.902,4.21589],"sphereRadius":60.1674,"t":[21.2854,187.972,186.511]}],"id":21794,"pointables":[{"direction":[-0.160229,-0.0288142,-0.986659],"handId":3,"id":5,"length":61.2365,"tipPosition":[1.92469,195.027,-48.2733],"tipVelocity":[-34.2618,-20.987,-146.889],"tool":false},{"direction":[-0.0467934,-0.0377253,-0.998192],"handId":3,"id":4,"length":31.5956,"tipPosition":[38.8892,184.956,-47.046],"tipVelocity":[-16.7905,-7.01025,-55.3111],"tool":false},{"direction":[-0.0538347,-0.0643687,-0.996473],"handId":3,"id":2,"length":29.2519,"tipPosition":[57.3814,167.092,-41.7645],"tipVelocity":[-16.2106,-10.8504,-58.701],"tool":false},{"direction":[0.037385,-0.0853865,-0.995646],"handId":3,"id":6,"length":29.2222,"tipPosition":[69.0288,131.906,-30.1588],"tipVelocity":[-7.08604,-1.29834,-30.325],"tool":false},{"direction":[-0.359138,-0.115126,-0.926156],"handId":3,"id":7,"length":52.5725,"tipPosition":[-33.1411,130.203,-7.90619],"tipVelocity":[-10.8029,-25.6376,-37.033],"tool":false}],"r":[[-0.0993232,-0.795153,-0.598219],[0.439745,-0.574374,0.690448],[-0.892614,-0.194486,0.406714]],"s":-4.2214,"t":[-149.874,-327.175,942.136],"timestamp":217026626},
{"hands":[{"direction":[-0.0930838,0.507305,-0.855528],"id":3,"palmNormal":[-0.244195,-0.844691,-0.474574],"palmPosition":[27.5319,138.04,38.2132],"palmVelocity":[-23.3912,46.7982,-257.071],"r":[[0.694003,-0.156553,-0.702745],[-0.135135,0.930402,-0.340722],[0.707176,0.331427,0.624546]],"s":0.641826,"sphereCenter":[20.8055,142.759,3.05521],"sphereRadius":60.0367,"t":[21.1098,187.852,185.726]}],"id":21795,"pointables":[{"direction":[-0.0476032,-0.0390734,-0.998102],"handId":3,"id":4,"length":32.3357,"tipPosition":[38.659,184.77,-49.5982],"tipVelocity":[-25.6665,-20.7561,-284.618],"tool":false},{"direction":[-0.159223,-0.0300085,-0.986786],"handId":3,"id":5,"length":61.2964,"tipPosition":[1.6904,194.816,-49.0659],"tipVelocity":[-26.1279,-23.5862,-88.3907],"tool":false},{"direction":[-0.0559629,-0.0668105,-0.996195],"handId":3,"id":2,"length":28.9213,"tipPosition":[57.1269,166.822,-44.0386],"tipVelocity":[-28.3859,-30.1031,-253.605],"tool":false},{"direction":[0.0379251,-0.0844939,-0.995702],"handId":3,"id":6,"length":29.0618,"tipPosition":[69.0372,131.792,-31.6207],"tipVelocity":[0.936656,-12.7792,-163.034],"tool":false},{"direction":[-0.358916,-0.116099,-0.926121],"handId":3,"id":7,"length":52.542,"tipPosition":[-33.1253,129.906,-8.11842],"tipVelocity":[1.75907,-33.1471,-23.6672],"tool":false}],"r":[[-0.101141,-0.794354,-0.598975],[0.438409,-0.57604,0.68991],[-0.893067,-0.192818,0.406513]],"s":-4.22029,"t":[-150.05,-327.295,941.351],"timestamp":217035593},
{"hands":[{"direction":[-0.0944808,0.503942,-0.857432],"id":3,"palmNormal":[-0.242915,-0.847181,-0.47086],"palmPosition":[27.5489,137.855,38.7868],"palmVelocity":[1.8193,-19.8668,61.5167],"r":[[0.694592,-0.158205,-0.701793],[-0.133171,0.930384,-0.341542],[0.706971,0.330691,0.625169]],"s":0.642304,"sphereCenter":[20.7221,142.76,3.0736],"sphereRadius":60.1058,"t":[21.0056,187.746,185.306]}],"id":21796,"pointables":[{"direction":[-0.158634,-0.0313916,-0.986838],"handId":3,"id":5,"length":61.3633,"tipPosition":[1.5267,194.595,-49.419],"tipVelocity":[-17.5553,-23.6321,-37.8702],"tool":false},{"direction":[-0.0488335,-0.0394158,-0.998029],"handId":3,"id":4,"length":31.7384,"tipPosition":[38.5964,184.678,-49.2269],"tipVelocity":[-6.71602,-9.82172,39.8171],"tool":false},{"direction":[-0.0578988,-0.068913,-0.995941],"handId":3,"id":2,"length":28.4082,"tipPosition":[57.0942,166.762,-43.7802],"tipVelocity":[-3.50921,-6.41446,27.7108],"tool":false},{"direction":[0.0373004,-0.0847396,-0.995705],"handId":3,"id":6,"length":28.7491,"tipPosition":[69.0158,131.805,-31.6751],"tipVelocity":[-2.2941,1.44103,-5.83336],"tool":false},{"direction":[-0.358622,-0.116911,-0.926133],"handId":3,"id":7,"length":52.5334,"tipPosition":[-33.0856,129.618,-8.34235],"tipVelocity":[4.26441,-30.8915,-24.014],"tool":false}],"r":[[-0.102377,-0.793346,-0.6001],[0.437449,-0.577712,0.68912],[-0.893397,-0.191963,0.406193]],"s":-4.21982,"t":[-150.154,-327.401,940.932],"timestamp":217044918},
{"hands":[{"direction":[-0.0909709,0.507829,-0.855518],"id":3,"palmNormal":[-0.243979,-0.844227,-0.47559],"palmPosition":[27.3913,138.251,36.6349],"palmVelocity":[-17.5085,44.0096,-239.157],"r":[[0.696357,-0.159324,-0.699788],[-0.130931,0.930484,-0.342137],[0.705651,0.329873,0.627088]],"s":0.643285,"sphereCenter":[20.4899,142.608,2.00145],"sphereRadius":59.9614,"t":[20.8921,187.575,184.577]}],"id":21797,"pointables":[{"direction":[-0.0490388,-0.0398813,-0.998],"handId":3,"id":4,"length":31.4162,"tipPosition":[38.465,184.442,-50.9883],"tipVelocity":[-14.5988,-26.2305,-195.756],"tool":false},{"direction":[-0.157793,-0.0319628,-0.986955],"handId":3,"id":5,"length":61.4958,"tipPosition":[1.36634,194.353,-49.9371],"tipVelocity":[-17.8218,-26.8983,-57.5772],"tool":false},{"direction":[-0.0596007,-0.0709792,-0.995696],"handId":3,"id":2,"length":28.8116,"tipPosition":[56.9712,166.541,-45.3551],"tipVelocity":[-13.6674,-24.5108,-175.025],"tool":false},{"direction":[0.0376059,-0.0840539,-0.995751],"handId":3,"id":6,"length":28.9766,"tipPosition":[69.046,131.714,-32.7151],"tipVelocity":[3.34994,-10.1458,-115.581],"tool":false},{"direction":[-0.359396,-0.116996,-0.925822],"handId":3,"id":7,"length":52.5192,"tipPosition":[-32.952,129.33,-8.41147],"tipVelocity":[14.8431,-31.9386,-7.68214],"tool":false}],"r":[[-0.105115,-0.79264,-0.60056],[0.436145,-0.579472,0.688469],[-0.893716,-0.189563,0.406618]],"s":-4.21883,"t":[-150.267,-327.572,940.202],"timestamp":217053916},
{"hands":[{"direction":[-0.0885193,0.508898,-0.855244],"id":3,"palmNormal":[-0.243158,-0.843586,-0.477336],"palmPosition":[27.313,138.419,35.2877],"palmVelocity":[-2.83926,6.08624,-48.8063],"r":[[0.700206,-0.159531,-0.695889],[-0.127581,0.931066,-0.341817],[0.702449,0.328124,0.631585]],"s":0.645984,"sphereCenter":[20.3427,142.365,0.891873],"sphereRadius":60.0022,"t":[20.7763,187.263,183.597]}],"id":21800,"pointables":[{"direction":[-0.0472408,-0.0428465,-0.997964],"handId":3,"id":4,"length":32.3272,"tipPosition":[38.3471,183.822,-55.4039],"tipVelocity":[-4.27146,-22.4524,-159.97],"tool":false},{"direction":[-0.157226,-0.0321815,-0.987038],"handId":3,"id":5,"length":61.5953,"tipPosition":[1.22144,193.953,-50.5755],"tipVelocity":[-5.24935,-14.4929,-23.126],"tool":false},{"direction":[-0.0590876,-0.0738326,-0.995519],"handId":3,"id":2,"length":28.8128,"tipPosition":[56.8145,165.959,-49.1154],"tipVelocity":[-5.67641,-21.1078,-136.23],"tool":false},{"direction":[0.039171,-0.0820895,-0.995855],"handId":3,"id":6,"length":28.9307,"tipPosition":[69.1561,131.617,-33.9441],"tipVelocity":[3.98985,-3.50201,-44.5222],"tool":false},{"direction":[-0.358868,-0.118308,-0.92586],"handId":3,"id":7,"length":52.4647,"tipPosition":[-32.7179,128.875,-8.59978],"tipVelocity":[8.48155,-16.477,-6.82206],"tool":false}],"r":[[-0.110528,-0.792439,-0.599853],[0.433475,-0.581557,0.688397],[-0.894362,-0.183934,0.407781]],"s":-4.21614,"t":[-150.383,-327.885,939.222],"timestamp":217081519},
{"hands":[{"direction":[-0.0860169,0.509431,-0.855276],"id":3,"palmNormal":[-0.243718,-0.843021,-0.478233],"palmPosition":[27.2961,138.677,33.9359],"palmVelocity":[-1.84058,28.3291,-147.941],"r":[[0.704968,-0.15926,-0.691127],[-0.123855,0.931845,-0.341065],[0.698341,0.32604,0.637196]],"s":0.649278,"sphereCenter":[20.2181,142.114,-0.28406],"sphereRadius":59.9732,"t":[20.6922,186.95,182.758]}],"id":21801,"pointables":[{"direction":[-0.0456455,-0.0456779,-0.997913],"handId":3,"id":4,"length":32.2283,"tipPosition":[38.2901,183.378,-58.2948],"tipVelocity":[-6.24087,-48.6686,-316.387],"tool":false},{"direction":[-0.0582357,-0.0758829,-0.995415],"handId":3,"id":2,"length":29.3091,"tipPosition":[56.753,165.601,-51.3695],"tipVelocity":[-6.72923,-39.2003,-246.701],"tool":false},{"direction":[-0.157271,-0.0322418,-0.987029],"handId":3,"id":5,"length":61.6145,"tipPosition":[1.16888,193.647,-50.7379],"tipVelocity":[-5.75278,-33.4873,-17.7833],"tool":false},{"direction":[0.0404373,-0.0800911,-0.995967],"handId":3,"id":6,"length":29.2098,"tipPosition":[69.2158,131.54,-34.642],"tipVelocity":[6.53819,-8.49227,-76.3852],"tool":false},{"direction":[-0.358534,-0.119718,-0.925808],"handId":3,"id":7,"length":52.4259,"tipPosition":[-32.4278,128.563,-8.53254],"tipVelocity":[31.7442,-34.1877,7.35919],"tool":false}],"r":[[-0.117128,-0.792471,-0.598557],[0.430267,-0.583696,0.6886],[-0.895071,-0.176885,0.409341]],"s":-4.21284,"t":[-150.467,-328.197,938.384],"timestamp":217090656},
{"hands":[{"direction":[-0.0808927,0.516499,-0.851242],"id":3,"palmNormal":[-0.244819,-0.837567,-0.486654],"palmPosition":[27.1646,139.012,31.8106],"palmVelocity":[-14.3611,36.5234,-232.095],"r":[[0.709578,-0.158906,-0.686475],[-0.120385,0.932575,-0.34031],[0.694266,0.324117,0.642606]],"s":0.652292,"sphereCenter":[19.9866,141.859,-1.94861],"sphereRadius":59.7981,"t":[20.6392,186.65,182.039]}],"id":21802,"pointables":[{"direction":[-0.0439513,-0.0480822,-0.997876],"handId":3,"id":4,"length":32.7798,"tipPosition":[38.2663,183.015,-60.054],"tipVelocity":[-2.60144,-39.5627,-192.113],"tool":false},{"direction":[-0.0567706,-0.0765596,-0.995447],"handId":3,"id":2,"length":29.499,"tipPosition":[56.7193,165.327,-52.8134],"tipVelocity":[-3.68391,-29.8564,-157.679],"tool":false},{"direction":[-0.157225,-0.0325616,-0.987026],"handId":3,"id":5,"length":61.609,"tipPosition":[1.14704,193.343,-50.9086],"tipVelocity":[-2.3852,-33.2025,-18.6402],"tool":false},{"direction":[0.0415337,-0.0783781,-0.996058],"handId":3,"id":6,"length":29.0986,"tipPosition":[69.2545,131.49,-35.2418],"tipVelocity":[4.21681,-5.4522,-65.5023],"tool":false},{"direction":[-0.358434,-0.121015,-0.925678],"handId":3,"id":7,"length":52.4166,"tipPosition":[-32.3649,128.277,-8.85397],"tipVelocity":[6.8776,-31.2583,-35.102],"tool":false}],"r":[[-0.123535,-0.792517,-0.597207],[0.427243,-0.58566,0.688815],[-0.895658,-0.170059,0.410947]],"s":-4.20983,"t":[-150.52,-328.497,937.664],"timestamp":217099813},
{"hands":[{"direction":[-0.0766453,0.522059,-0.848131],"id":3,"palmNormal":[-0.245659,-0.833377,-0.493205],"palmPosition":[27.0713,139.284,30.2686],"palmVelocity":[-10.4895,30.5947,-173.341],"r":[[0.713116,-0.158887,-0.682803],[-0.117548,0.933089,-0.339894],[0.691121,0.322646,0.646724]],"s":0.654076,"sphereCenter":[19.8061,141.647,-3.20669],"sphereRadius":59.6438,"t":[20.6154,186.389,181.451]}],"id":21803,"pointables":[{"direction":[-0.0435287,-0.0511449,-0.997742],"handId":3,"id":4,"length":33.681,"tipPosition":[38.2717,182.74,-60.4079],"tipVelocity":[0.612253,-30.9314,-39.7883],"tool":false},{"direction":[-0.0572864,-0.077434,-0.99535],"handId":3,"id":2,"length":30.2445,"tipPosition":[56.7416,165.184,-53.0333],"tipVelocity":[2.50502,-16.0642,-24.718],"tool":false},{"direction":[-0.156622,-0.0336356,-0.987086],"handId":3,"id":5,"length":62.0991,"tipPosition":[1.1246,193.048,-51.366],"tipVelocity":[-2.5227,-33.2166,-51.4171],"tool":false},{"direction":[0.0419321,-0.0769326,-0.996154],"handId":3,"id":6,"length":29.5764,"tipPosition":[69.2921,131.488,-35.7814],"tipVelocity":[4.23057,-0.17799,-60.6555],"tool":false},{"direction":[-0.358764,-0.121616,-0.925472],"handId":3,"id":7,"length":52.4368,"tipPosition":[-32.4526,128.054,-9.40561],"tipVelocity":[-9.8678,-25.0777,-62.0102],"tool":false}],"r":[[-0.128548,-0.792369,-0.596345],[0.424888,-0.587352,0.688831],[-0.896072,-0.164832,0.412171]],"s":-4.20804,"t":[-150.544,-328.758,937.076],"timestamp":217108709},
{"hands":[{"direction":[-0.0726779,0.528222,-0.844528],"id":3,"palmNormal":[-0.24655,-0.828755,-0.500276],"palmPosition":[26.9789,139.538,28.8479],"palmVelocity":[-9.7781,26.8567,-150.357],"r":[[0.716103,-0.158911,-0.679665],[-0.115186,0.933484,-0.339617],[0.688425,0.321488,0.650166]],"s":0.655212,"sphereCenter":[19.6493,141.434,-4.42751],"sphereRadius":59.4801,"t":[20.6068,186.169,180.977]}],"id":21804,"pointables":[{"direction":[-0.0427754,-0.052956,-0.99768],"handId":3,"id":4,"length":34.9265,"tipPosition":[38.2961,182.553,-60.8518],"tipVelocity":[2.58268,-19.8155,-46.9805],"tool":false},{"direction":[-0.0566996,-0.0778954,-0.995348],"handId":3,"id":2,"length":31.3802,"tipPosition":[56.7482,165.005,-53.7523],"tipVelocity":[0.700502,-18.9981,-76.0957],"tool":false},{"direction":[-0.156716,-0.0338446,-0.987064],"handId":3,"id":5,"length":62.7992,"tipPosition":[1.14769,192.798,-51.4755],"tipVelocity":[2.44397,-26.3913,-11.5814],"tool":false},{"direction":[0.0420438,-0.0753491,-0.99627],"handId":3,"id":6,"length":30.2047,"tipPosition":[69.2966,131.517,-36.0629],"tipVelocity":[0.47721,3.04863,-29.7965],"tool":false},{"direction":[-0.35948,-0.121973,-0.925147],"handId":3,"id":7,"length":52.4332,"tipPosition":[-32.4639,127.908,-9.76421],"tipVelocity":[-1.19079,-15.362,-37.9511],"tool":false}],"r":[[-0.13281,-0.7922,-0.595635],[0.422968,-0.588789,0.688785],[-0.896359,-0.160457,0.413273]],"s":-4.20691,"t":[-150.553,-328.978,936.603],"timestamp":217118158},
{"hands":[{"direction":[-0.072061,0.527178,-0.845399],"id":3,"palmNormal":[-0.246075,-0.829798,-0.49904],"palmPosition":[27.0106,139.449,29.1648],"palmVelocity":[3.48242,-9.81002,34.8812],"r":[[0.718615,-0.158976,-0.676993],[-0.11313,0.933824,-0.339372],[0.686145,0.320466,0.653075]],"s":0.655815,"sphereCenter":[19.6722,141.249,-4.79881],"sphereRadius":59.5253,"t":[20.612,185.975,180.602]}],"id":21805,"pointables":[{"direction":[-0.0418342,-0.0536965,-0.997681],"handId":3,"id":4,"length":36.476,"tipPosition":[38.315,182.363,-61.4634],"tipVelocity":[2.08062,-20.8381,-67.3064],"tool":false},{"direction":[-0.0560712,-0.0776961,-0.995399],"handId":3,"id":2,"length":32.8008,"tipPosition":[56.7475,164.837,-54.1618],"tipVelocity":[-0.0720658,-18.5082,-45.0672],"tool":false},{"direction":[-0.15686,-0.034442,-0.98702],"handId":3,"id":5,"length":63.7917,"tipPosition":[1.19943,192.539,-51.5405],"tipVelocity":[5.69436,-28.5072,-7.15995],"tool":false},{"direction":[0.0417099,-0.0737046,-0.996408],"handId":3,"id":6,"length":31.0961,"tipPosition":[69.2885,131.585,-36.2808],"tipVelocity":[-0.88534,7.45809,-23.9727],"tool":false},{"direction":[-0.359895,-0.122296,-0.924943],"handId":3,"id":7,"length":52.4806,"tipPosition":[-32.4395,127.812,-10.0413],"tipVelocity":[2.6892,-10.6213,-30.4936],"tool":false}],"r":[[-0.136421,-0.792016,-0.595063],[0.421295,-0.590037,0.688743],[-0.896605,-0.156737,0.414166]],"s":-4.2063,"t":[-150.547,-329.173,936.227],"timestamp":217127245},
{"hands":[{"direction":[-0.0680918,0.532956,-0.841989],"id":3,"palmNormal":[-0.247568,-0.825278,-0.505572],"palmPosition":[26.9618,139.648,27.9099],"palmVelocity":[-5.44766,22.2494,-140.171],"r":[[0.720956,-0.159016,-0.67449],[-0.111231,0.934143,-0.339124],[0.683996,0.319518,0.655788]],"s":0.65581,"sphereCenter":[19.5486,141.076,-5.871],"sphereRadius":59.3782,"t":[20.6295,185.805,180.3]}],"id":21806,"pointables":[{"direction":[-0.0406929,-0.0539767,-0.997713],"handId":3,"id":4,"length":38.0627,"tipPosition":[38.3449,182.219,-61.7002],"tipVelocity":[3.33938,-16.0908,-26.4439],"tool":false},{"direction":[-0.0556592,-0.0781205,-0.995389],"handId":3,"id":2,"length":34.2865,"tipPosition":[56.7429,164.67,-54.6027],"tipVelocity":[-0.520391,-18.5599,-49.2449],"tool":false},{"direction":[-0.156671,-0.0352725,-0.987021],"handId":3,"id":5,"length":64.8151,"tipPosition":[1.26716,192.292,-51.6845],"tipVelocity":[7.5646,-27.5953,-16.0852],"tool":false},{"direction":[0.0408339,-0.0724602,-0.996535],"handId":3,"id":6,"length":31.9992,"tipPosition":[69.2735,131.703,-36.5095],"tipVelocity":[-1.68051,13.167,-25.5466],"tool":false},{"direction":[-0.359566,-0.122793,-0.925005],"handId":3,"id":7,"length":52.5307,"tipPosition":[-32.2654,127.78,-10.0103],"tipVelocity":[19.4409,-3.55247,3.4609],"tool":false}],"r":[[-0.139794,-0.791845,-0.594507],[0.419734,-0.59118,0.688716],[-0.896817,-0.153257,0.415008]],"s":-4.20631,"t":[-150.53,-329.342,935.925],"timestamp":217136198},
