[
{"hands":[],"id":206146,"pointables":[],"r":[[0.443058,0.886173,0.135637],[-0.762865,0.452147,-0.462168],[-0.470889,0.101295,0.876358]],"s":30.1486,"t":[-1978.4,-2195.24,4614.97],"timestamp":18179535093},
{"hands":[],"id":206147,"pointables":[],"r":[[0.443058,0.886173,0.135637],[-0.762865,0.452147,-0.462168],[-0.470889,0.101295,0.876358]],"s":30.1486,"t":[-1978.4,-2195.24,4614.97],"timestamp":18179543680},
{"hands":[],"id":206148,"pointables":[],"r":[[0.443058,0.886173,0.135637],[-0.762865,0.452147,-0.462168],[-0.470889,0.101295,0.876358]],"s":30.1486,"t":[-1978.4,-2195.24,4614.97],"timestamp":18179552202},
{"hands":[],"id":206149,"pointables":[],"r":[[0.443058,0.886173,0.135637],[-0.762865,0.452147,-0.462168],[-0.470889,0.101295,0.876358]],"s":30.1486,"t":[-1978.4,-2195.24,4614.97],"timestamp":18179561043},
{"hands":[],"id":206150,"pointables":[],"r":[[0.443058,0.886173,0.135637],[-0.762865,0.452147,-0.462168],[-0.470889,0.101295,0.876358]],"s":30.1486,"t":[-1978.4,-2195.24,4614.97],"timestamp":18179569625},
{"hands":[],"id":206151,"pointables":[],"r":[[0.443058,0.886173,0.135637],[-0.762865,0.452147,-0.462168],[-0.470889,0.101295,0.876358]],"s":30.1486,"t":[-1978.4,-2195.24,4614.97],"timestamp":18179578302},
{"hands":[],"id":206152,"pointables":[],"r":[[0.443058,0.886173,0.135637],[-0.762865,0.452147,-0.462168],[-0.470889,0.101295,0.876358]],"s":30.1486,"t":[-1978.4,-2195.24,4614.97],"timestamp":18179586965},
{"hands":[],"id":206153,"pointables":[],"r":[[0.443058,0.886173,0.135637],[-0.762865,0.452147,-0.462168],[-0.470889,0.101295,0.876358]],"s":30.1486,"t":[-1978.4,-2195.24,4614.97],"timestamp":18179595903},
{"hands":[],"id":206154,"pointables":[],"r":[[0.443058,0.886173,0.135637],[-0.762865,0.452147,-0.462168],[-0.470889,0.101295,0.876358]],"s":30.1486,"t":[-1978.4,-2195.24,4614.97],"timestamp":18179604420},
{"hands":[],"id":206155,"pointables":[],"r":[[0.443058,0.886173,0.135637],[-0.762865,0.452147,-0.462168],[-0.470889,0.101295,0.876358]],"s":30.1486,"t":[-1978.4,-2195.24,4614.97],"timestamp":18179612956},
{"hands":[],"id":206156,"pointables":[],"r":[[0.443058,0.886173,0.135637],[-0.762865,0.452147,-0.462168],[-0.470889,0.101295,0.876358]],"s":30.1486,"t":[-1978.4,-2195.24,4614.97],"timestamp":18179621708},
{"hands":[],"id":206157,"pointables":[],"r":[[0.443058,0.886173,0.135637],[-0.762865,0.452147,-0.462168],[-0.470889,0.101295,0.876358]],"s":30.1486,"t":[-1978.4,-2195.24,4614.97],"timestamp":18179630420},
{"hands":[],"id":206158,"pointables":[],"r":[[0.443058,0.886173,0.135637],[-0.762865,0.452147,-0.462168],[-0.470889,0.101295,0.876358]],"s":30.1486,"t":[-1978.4,-2195.24,4614.97],"timestamp":18179639109},
{"hands":[],"id":206159,"pointables":[],"r":[[0.443058,0.886173,0.135637],[-0.762865,0.452147,-0.462168],[-0.470889,0.101295,0.876358]],"s":30.1486,"t":[-1978.4,-2195.24,4614.97],"timestamp":18179647699},
{"hands":[],"id":206160,"pointables":[],"r":[[0.443058,0.886173,0.135637],[-0.762865,0.452147,-0.462168],[-0.470889,0.101295,0.876358]],"s":30.1486,"t":[-1978.4,-2195.24,4614.97],"timestamp":18179656560},
{"hands":[],"id":206161,"pointables":[],"r":[[0.443058,0.886173,0.135637],[-0.762865,0.452147,-0.462168],[-0.470889,0.101295,0.876358]],"s":30.1486,"t":[-1978.4,-2195.24,4614.97],"timestamp":18179665037},
{"hands":[],"id":206162,"pointables":[],"r":[[0.443058,0.886173,0.135637],[-0.762865,0.452147,-0.462168],[-0.470889,0.101295,0.876358]],"s":30.1486,"t":[-1978.4,-2195.24,4614.97],"timestamp":18179673788},
{"hands":[],"id":206163,"pointables":[],"r":[[0.443058,0.886173,0.135637],[-0.762865,0.452147,-0.462168],[-0.470889,0.101295,0.876358]],"s":30.1486,"t":[-1978.4,-2195.24,4614.97],"timestamp":18179682334},
{"hands":[],"id":206164,"pointables":[],"r":[[0.443058,0.886173,0.135637],[-0.762865,0.452147,-0.462168],[-0.470889,0.101295,0.876358]],"s":30.1486,"t":[-1978.4,-2195.24,4614.97],"timestamp":18179691088},
{"hands":[],"id":206165,"pointables":[],"r":[[0.443058,0.886173,0.135637],[-0.762865,0.452147,-0.462168],[-0.470889,0.101295,0.876358]],"s":30.1486,"t":[-1978.4,-2195.24,4614.97],"timestamp":18179699872},
{"hands":[],"id":206166,"pointables":[],"r":[[0.443058,0.886173,0.135637],[-0.762865,0.452147,-0.462168],[-0.470889,0.101295,0.876358]],"s":30.1486,"t":[-1978.4,-2195.24,4614.97],"timestamp":18179708445},
{"hands":[],"id":206167,"pointables":[],"r":[[0.443058,0.886173,0.135637],[-0.762865,0.452147,-0.462168],[-0.470889,0.101295,0.876358]],"s":30.1486,"t":[-1978.4,-2195.24,4614.97],"timestamp":18179717083},
{"hands":[],"id":206168,"pointables":[],"r":[[0.443058,0.886173,0.135637],[-0.762865,0.452147,-0.462168],[-0.470889,0.101295,0.876358]],"s":30.1486,"t":[-1978.4,-2195.24,4614.97],"timestamp":18179725708},
{"hands":[],"id":206169,"pointables":[],"r":[[0.443058,0.886173,0.135637],[-0.762865,0.452147,-0.462168],[-0.470889,0.101295,0.876358]],"s":30.1486,"t":[-1978.4,-2195.24,4614.97],"timestamp":18179734553},
{"hands":[],"id":206170,"pointables":[],"r":[[0.443058,0.886173,0.135637],[-0.762865,0.452147,-0.462168],[-0.470889,0.101295,0.876358]],"s":30.1486,"t":[-1978.4,-2195.24,4614.97],"timestamp":18179743158},
{"hands":[],"id":206171,"pointables":[],"r":[[0.443058,0.886173,0.135637],[-0.762865,0.452147,-0.462168],[-0.470889,0.101295,0.876358]],"s":30.1486,"t":[-1978.4,-2195.24,4614.97],"timestamp":18179751700},
{"hands":[],"id":206172,"pointables":[],"r":[[0.443058,0.886173,0.135637],[-0.762865,0.452147,-0.462168],[-0.470889,0.101295,0.876358]],"s":30.1486,"t":[-1978.4,-2195.24,4614.97],"timestamp":18179760508},
{"hands":[],"id":206173,"pointables":[],"r":[[0.443058,0.886173,0.135637],[-0.762865,0.452147,-0.462168],[-0.470889,0.101295,0.876358]],"s":30.1486,"t":[-1978.4,-2195.24,4614.97],"timestamp":18179769301},
{"hands":[],"id":206174,"pointables":[],"r":[[0.443058,0.886173,0.135637],[-0.762865,0.452147,-0.462168],[-0.470889,0.101295,0.876358]],"s":30.1486,"t":[-1978.4,-2195.24,4614.97],"timestamp":18179777798},
{"hands":[],"id":206175,"pointables":[],"r":[[0.443058,0.886173,0.135637],[-0.762865,0.452147,-0.462168],[-0.470889,0.101295,0.876358]],"s":30.1486,"t":[-1978.4,-2195.24,4614.97],"timestamp":18179786458},
{"hands":[],"id":206176,"pointables":[{"direction":[0.767468,-0.312697,-0.559654],"handId":3,"id":4,"length":36.505,"tipPosition":[-70.1975,78.5409,-113.857],"tipVelocity":[-69.9248,116.941,-19.7076],"tool":false}],"r":[[0.443058,0.886173,0.135637],[-0.762865,0.452147,-0.462168],[-0.470889,0.101295,0.876358]],"s":30.1486,"t":[-1978.71,-2194.72,4614.88],"timestamp":18179795270},
{"hands":[],"id":206177,"pointables":[{"direction":[0.761542,-0.32139,-0.562816],"handId":3,"id":4,"length":38.7586,"tipPosition":[-71.3291,79.8563,-113.487],"tipVelocity":[-127.911,148.686,41.8989],"tool":false}],"r":[[0.443058,0.886173,0.135637],[-0.762865,0.452147,-0.462168],[-0.470889,0.101295,0.876358]],"s":30.1486,"t":[-1979.43,-2193.81,4615.02],"timestamp":18179804117},
{"hands":[],"id":206178,"pointables":[{"direction":[0.751436,-0.324218,-0.574653],"handId":3,"id":4,"length":40.3558,"tipPosition":[-72.5903,81.2142,-112.899],"tipVelocity":[-147.238,158.525,68.5645],"tool":false}],"r":[[0.443058,0.886173,0.135637],[-0.762865,0.452147,-0.462168],[-0.470889,0.101295,0.876358]],"s":30.1486,"t":[-1980.42,-2192.67,4615.39],"timestamp":18179812683},
{"hands":[],"id":206179,"pointables":[{"direction":[0.743716,-0.332038,-0.580204],"handId":3,"id":4,"length":41.892,"tipPosition":[-73.9033,82.6099,-112.152],"tipVelocity":[-157.093,166.986,89.4203],"tool":false}],"r":[[0.443058,0.886173,0.135637],[-0.762865,0.452147,-0.462168],[-0.470889,0.101295,0.876358]],"s":30.1486,"t":[-1981.57,-2191.41,4615.95],"timestamp":18179821041},
{"hands":[],"id":206180,"pointables":[{"direction":[0.73658,-0.329903,-0.590435],"handId":3,"id":4,"length":43.1419,"tipPosition":[-75.4073,84.1181,-111.125],"tipVelocity":[-171.008,171.485,116.742],"tool":false}],"r":[[0.443058,0.886173,0.135637],[-0.762865,0.452147,-0.462168],[-0.470889,0.101295,0.876358]],"s":30.1486,"t":[-1982.9,-2190.02,4616.74],"timestamp":18179829836},
{"hands":[],"id":206181,"pointables":[{"direction":[0.731663,-0.329733,-0.596611],"handId":3,"id":4,"length":43.915,"tipPosition":[-76.8809,85.6122,-109.997],"tipVelocity":[-166.824,169.146,127.698],"tool":false}],"r":[[0.443058,0.886173,0.135637],[-0.762865,0.452147,-0.462168],[-0.470889,0.101295,0.876358]],"s":30.1486,"t":[-1984.3,-2188.58,4617.7],"timestamp":18179838669},
{"hands":[],"id":206182,"pointables":[{"direction":[0.723921,-0.329969,-0.605854],"handId":3,"id":4,"length":44.4904,"tipPosition":[-78.4164,87.1442,-108.631],"tipVelocity":[-181.958,181.546,161.896],"tool":false}],"r":[[0.443058,0.886173,0.135637],[-0.762865,0.452147,-0.462168],[-0.470889,0.101295,0.876358]],"s":30.1486,"t":[-1985.77,-2187.09,4618.86],"timestamp":18179847108},
{"hands":[],"id":206183,"pointables":[{"direction":[0.719508,-0.328797,-0.61172],"handId":3,"id":4,"length":45.2878,"tipPosition":[-80.0184,88.7185,-107.007],"tipVelocity":[-183.611,180.431,186.142],"tool":false}],"r":[[0.443058,0.886173,0.135637],[-0.762865,0.452147,-0.462168],[-0.470889,0.101295,0.876358]],"s":30.1486,"t":[-1987.3,-2185.56,4620.25],"timestamp":18179855833},
{"hands":[],"id":206184,"pointables":[{"direction":[0.719956,-0.372529,-0.585564],"handId":3,"id":4,"length":42.5447,"tipPosition":[-83.1425,88.7828,-107.532],"tipVelocity":[-352.044,7.24803,-59.1192],"tool":false}],"r":[[0.443058,0.886173,0.135637],[-0.762865,0.452147,-0.462168],[-0.470889,0.101295,0.876358]],"s":30.1486,"t":[-1989.63,-2184.77,4620.69],"timestamp":18179864707},
{"hands":[],"id":206185,"pointables":[{"direction":[0.716681,-0.366031,-0.593624],"handId":3,"id":4,"length":43.6919,"tipPosition":[-84.7697,90.5732,-105.222],"tipVelocity":[-187.877,206.72,266.665],"tool":false}],"r":[[0.443058,0.886173,0.135637],[-0.762865,0.452147,-0.462168],[-0.470889,0.101295,0.876358]],"s":30.1486,"t":[-1991.61,-2183.47,4622.06],"timestamp":18179873368},
{"hands":[],"id":206186,"pointables":[{"direction":[0.711009,-0.356766,-0.605957],"handId":3,"id":4,"length":44.7512,"tipPosition":[-86.5835,92.4369,-102.562],"tipVelocity":[-208.148,213.87,305.244],"tool":false}],"r":[[0.443058,0.886173,0.135637],[-0.762865,0.452147,-0.462168],[-0.470889,0.101295,0.876358]],"s":30.1486,"t":[-1993.5,-2181.89,4624.07],"timestamp":18179882082},
{"hands":[],"id":206187,"pointables":[{"direction":[0.702707,-0.346295,-0.621517],"handId":3,"id":4,"length":45.8276,"tipPosition":[-88.5935,94.3755,-99.4114],"tipVelocity":[-240.204,231.666,376.526],"tool":false}],"r":[[0.443058,0.886173,0.135637],[-0.762865,0.452147,-0.462168],[-0.470889,0.101295,0.876358]],"s":30.1486,"t":[-1995.46,-2180.13,4626.66],"timestamp":18179890450},
{"hands":[],"id":206188,"pointables":[{"direction":[0.696078,-0.334988,-0.635026],"handId":3,"id":4,"length":46.8368,"tipPosition":[-90.8181,96.4176,-95.7211],"tipVelocity":[-254.119,233.287,421.556],"tool":false}],"r":[[0.443058,0.886173,0.135637],[-0.762865,0.452147,-0.462168],[-0.470889,0.101295,0.876358]],"s":30.1486,"t":[-1997.55,-2178.23,4629.8],"timestamp":18179899204},
{"hands":[],"id":206189,"pointables":[{"direction":[0.70657,-0.334694,-0.623489],"handId":1,"id":4,"length":45.7413,"tipPosition":[-95.8301,97.3381,-93.3997],"tipVelocity":[-570.135,104.706,264.066],"tool":false}],"r":[[0.443058,0.886173,0.135637],[-0.762865,0.452147,-0.462168],[-0.470889,0.101295,0.876358]],"s":30.1486,"t":[-2001.1,-2176.82,4632.52],"timestamp":18179907995},
{"hands":[],"id":206190,"pointables":[{"direction":[0.702014,-0.345967,-0.622482],"handId":1,"id":4,"length":45.4832,"tipPosition":[-100.39,98.0347,-90.9233],"tipVelocity":[-539.337,82.3927,292.928],"tool":false}],"r":[[0.443058,0.886173,0.135637],[-0.762865,0.452147,-0.462168],[-0.470889,0.101295,0.876358]],"s":30.1486,"t":[-2005.15,-2175.77,4635.13],"timestamp":18179916449},
{"hands":[],"id":206191,"pointables":[{"direction":[0.699497,-0.352956,-0.621391],"handId":1,"id":4,"length":45.2288,"tipPosition":[-105.388,99.0867,-87.7046],"tipVelocity":[-572.587,120.526,368.74],"tool":false}],"r":[[0.443058,0.886173,0.135637],[-0.762865,0.452147,-0.462168],[-0.470889,0.101295,0.876358]],"s":30.1486,"t":[-2009.68,-2174.72,4638.04],"timestamp":18179925178},
{"hands":[],"id":206192,"pointables":[{"direction":[0.701349,-0.353764,-0.618838],"handId":1,"id":4,"length":45.9992,"tipPosition":[-110.653,100.333,-83.616],"tipVelocity":[-608.731,144.131,472.725],"tool":false},{"direction":[0.574623,-0.0990132,-0.812407],"handId":3,"id":2,"length":35.1756,"tipPosition":[-103.736,107.758,-52.676],"tipVelocity":[-529.761,768.97,322.581],"tool":false}],"r":[[0.444095,0.884416,0.143482],[-0.775953,0.459706,-0.431935],[-0.44797,0.0804849,0.890419]],"s":30.1458,"t":[-2014.4,-2172.22,4641.21],"timestamp":18179933827},
{"hands":[],"id":206193,"pointables":[{"direction":[0.696207,-0.360328,-0.620854],"handId":1,"id":4,"length":45.9777,"tipPosition":[-116.184,101.805,-78.4647],"tipVelocity":[-616.212,164.005,573.896],"tool":false},{"direction":[0.579761,-0.107448,-0.807671],"handId":3,"id":2,"length":38.3894,"tipPosition":[-107.733,112.316,-49.0226],"tipVelocity":[-445.284,507.799,407.019],"tool":false}],"r":[[0.441624,0.882728,0.160498],[-0.793741,0.467792,-0.388775],[-0.418262,0.0442989,0.907245]],"s":30.1423,"t":[-2019.15,-2169.46,4645],"timestamp":18179942803},
{"hands":[],"id":206194,"pointables":[{"direction":[0.68913,-0.372931,-0.621307],"handId":1,"id":4,"length":45.4482,"tipPosition":[-122.019,103.52,-71.8632],"tipVelocity":[-694.612,204.129,785.887],"tool":false},{"direction":[0.589584,-0.111494,-0.799975],"handId":3,"id":2,"length":41.0315,"tipPosition":[-111.289,115.611,-44.9136],"tipVelocity":[-423.397,392.26,489.165],"tool":false}],"r":[[0.431175,0.882104,0.189684],[-0.813703,0.470995,-0.340663],[-0.38984,-0.00746089,0.920852]],"s":30.1317,"t":[-2023.87,-2166.83,4649.57],"timestamp":18179951203},
{"hands":[],"id":206195,"pointables":[{"direction":[0.673127,-0.382095,-0.633169],"handId":1,"id":4,"length":44.6672,"tipPosition":[-128.14,105.458,-63.4986],"tipVelocity":[-708.316,224.257,967.911],"tool":false},{"direction":[0.591392,-0.112007,-0.798568],"handId":3,"id":2,"length":43.2838,"tipPosition":[-114.515,118.029,-40.2789],"tipVelocity":[-373.263,279.844,536.299],"tool":false}],"r":[[0.407906,0.882061,0.235755],[-0.836216,0.464585,-0.291383],[-0.366546,-0.078285,0.9271]],"s":30.1091,"t":[-2028.56,-2164.42,4655.11],"timestamp":18179959845},
{"hands":[],"id":206196,"pointables":[{"direction":[0.654741,-0.387961,-0.648691],"handId":1,"id":4,"length":43.3894,"tipPosition":[-133.92,107.47,-53.6594],"tipVelocity":[-661.401,230.174,1125.76],"tool":false},{"direction":[0.562144,-0.0772096,-0.823427],"handId":3,"id":2,"length":46.7652,"tipPosition":[-117.438,119.771,-35.2594],"tipVelocity":[-334.456,199.29,574.322],"tool":false}],"r":[[0.368979,0.878969,0.302108],[-0.862028,0.445166,-0.242354],[-0.34751,-0.171002,0.921952]],"s":30.0735,"t":[-2033.09,-2162.28,4661.59],"timestamp":18179968585},
{"hands":[],"id":206197,"pointables":[{"direction":[0.648791,-0.375018,-0.662141],"handId":1,"id":4,"length":42.493,"tipPosition":[-138.554,109.133,-42.9913],"tipVelocity":[-527.491,189.329,1214.5],"tool":false},{"direction":[0.566497,-0.0861888,-0.819544],"handId":3,"id":2,"length":48.1691,"tipPosition":[-120.274,120.949,-29.6288],"tipVelocity":[-322.807,134.048,641.003],"tool":false}],"r":[[0.318623,0.865933,0.385539],[-0.889783,0.413444,-0.193262],[-0.326751,-0.281468,0.902225]],"s":30.0278,"t":[-2037.22,-2160.5,4668.91],"timestamp":18179977369},
{"hands":[],"id":206198,"pointables":[{"direction":[0.624659,-0.350583,-0.697777],"handId":1,"id":4,"length":41.4475,"tipPosition":[-143.024,110.666,-32.4024],"tipVelocity":[-520.563,178.508,1233.27],"tool":false},{"direction":[0.57608,-0.0982027,-0.811473],"handId":3,"id":2,"length":49.4709,"tipPosition":[-122.97,121.759,-23.6906],"tipVelocity":[-314.063,94.4291,691.609],"tool":false}],"r":[[0.25794,0.837991,0.480873],[-0.917888,0.3679,-0.148766],[-0.301578,-0.403015,0.864078]],"s":29.9848,"t":[-2041.07,-2159.02,4676.7],"timestamp":18179985955},
{"hands":[],"id":206199,"pointables":[{"direction":[0.570709,-0.336958,-0.748833],"handId":1,"id":4,"length":39.5655,"tipPosition":[-145.65,111.582,-23.426],"tipVelocity":[-305.976,106.776,1045.84],"tool":false}],"r":[[0.210802,0.80503,0.554517],[-0.9378,0.326626,-0.117676],[-0.275852,-0.49522,0.82381]],"s":29.955,"t":[-2044.32,-2157.83,4685.08],"timestamp":18179994538},
{"hands":[],"id":206200,"pointables":[{"direction":[0.53038,-0.323592,-0.783572],"handId":1,"id":4,"length":37.5853,"tipPosition":[-147.527,111.913,-15.5874],"tipVelocity":[-209.934,37.0536,876.406],"tool":false}],"r":[[0.174304,0.772146,0.611072],[-0.95194,0.290855,-0.0959874],[-0.251849,-0.564973,0.785734]],"s":29.9342,"t":[-2046.88,-2157.06,4693.19],"timestamp":18180003482},
{"hands":[],"id":206201,"pointables":[{"direction":[0.570865,-0.0661332,-0.818377],"handId":3,"id":6,"length":37.545,"tipPosition":[-138.499,120.585,19.5881],"tipVelocity":[-137.358,12.2894,32.2399],"tool":false}],"r":[[0.146036,0.741849,0.654472],[-0.96204,0.260671,-0.0808065],[-0.230548,-0.617828,0.751755]],"s":29.9196,"t":[-2048.74,-2156.63,4697.38],"timestamp":18180011993},
{"hands":[],"id":206202,"pointables":[{"direction":[0.543381,-0.117648,-0.831202],"handId":3,"id":6,"length":36.1307,"tipPosition":[-139.748,120.296,21.2466],"tipVelocity":[-142.498,-32.9163,189.193],"tool":false}],"r":[[0.124095,0.715165,0.687851],[-0.969312,0.235626,-0.07011],[-0.212216,-0.658042,0.722458]],"s":29.9095,"t":[-2050.3,-2156.56,4700.31],"timestamp":18180020759},
{"hands":[],"id":206203,"pointables":[{"direction":[0.495807,-0.127416,-0.859035],"handId":3,"id":6,"length":32.9069,"tipPosition":[-140.928,119.609,23.6972],"tipVelocity":[-140.042,-81.5802,290.946],"tool":false}],"r":[[0.10701,0.692315,0.713617],[-0.974596,0.215071,-0.0625062],[-0.196752,-0.688799,0.697742]],"s":29.9024,"t":[-2051.66,-2156.86,4703],"timestamp":18180029182},
{"hands":[],"id":206204,"pointables":[{"direction":[0.393853,-0.0391302,-0.91834],"handId":5,"id":6,"length":30.5496,"tipPosition":[-141.912,118.515,26.5959],"tipVelocity":[-112.193,-124.559,330.179],"tool":false}],"r":[[0.0936621,0.673106,0.733591],[-0.978475,0.198325,-0.0570453],[-0.183887,-0.712457,0.677193]],"s":29.8974,"t":[-2052.84,-2157.56,4705.79],"timestamp":18180037961},
{"hands":[],"id":206205,"pointables":[{"direction":[0.352207,-0.0138547,-0.93582],"handId":3,"id":6,"length":28.6214,"tipPosition":[-142.801,117.058,29.843],"tipVelocity":[-100.377,-164.675,366.912],"tool":false}],"r":[[0.0831977,0.657163,0.749143],[-0.981351,0.18475,-0.0530802],[-0.173286,-0.730756,0.660279]],"s":29.894,"t":[-2053.87,-2158.64,4708.81],"timestamp":18180046811},
{"hands":[],"id":206206,"pointables":[],"r":[[0.0749681,0.64405,0.761301],[-0.983505,0.173784,-0.050169],[-0.164613,-0.744983,0.646455]],"s":29.8916,"t":[-2054.7,-2159.51,4711.23],"timestamp":18180055528},
{"hands":[],"id":206207,"pointables":[],"r":[[0.0684778,0.633335,0.770842],[-0.985133,0.164947,-0.0480081],[-0.157553,-0.756095,0.635214]],"s":29.8899,"t":[-2055.36,-2160.2,4713.16],"timestamp":18180063949},
{"hands":[],"id":206208,"pointables":[],"r":[[0.0633464,0.624621,0.778354],[-0.986375,0.157838,-0.0463875],[-0.151829,-0.764811,0.626109]],"s":29.8887,"t":[-2055.89,-2160.75,4714.71],"timestamp":18180072578},
{"hands":[],"id":206209,"pointables":[],"r":[[0.059281,0.617562,0.784285],[-0.987329,0.152128,-0.0451605],[-0.147201,-0.77167,0.618755]],"s":29.8878,"t":[-2056.31,-2161.19,4715.94],"timestamp":18180081317},
{"hands":[],"id":206210,"pointables":[],"r":[[0.0560543,0.611858,0.788979],[-0.988066,0.147545,-0.0442235],[-0.143469,-0.777084,0.612827]],"s":29.8873,"t":[-2056.65,-2161.54,4716.93],"timestamp":18180089944},
{"hands":[],"id":206211,"pointables":[],"r":[[0.0534896,0.60726,0.792701],[-0.98864,0.14387,-0.0435024],[-0.140463,-0.781369,0.608057]],"s":29.8868,"t":[-2056.92,-2161.83,4717.73],"timestamp":18180098550},
{"hands":[],"id":206212,"pointables":[],"r":[[0.0514485,0.603558,0.795657],[-0.989089,0.140924,-0.0429439],[-0.138046,-0.784766,0.604223]],"s":29.8866,"t":[-2057.14,-2162.05,4718.36],"timestamp":18180107475},
{"hands":[],"id":206213,"pointables":[],"r":[[0.0498226,0.600583,0.798009],[-0.989441,0.138564,-0.0425089],[-0.136105,-0.787465,0.601145]],"s":29.8864,"t":[-2057.31,-2162.23,4718.87],"timestamp":18180115945},
{"hands":[],"id":206214,"pointables":[],"r":[[0.0485263,0.598193,0.799881],[-0.989718,0.136673,-0.0421684],[-0.134547,-0.789611,0.598675]],"s":29.8862,"t":[-2057.45,-2162.38,4719.27],"timestamp":18180124675},
{"hands":[],"id":206215,"pointables":[],"r":[[0.047492,0.596276,0.801374],[-0.989937,0.13516,-0.0419008],[-0.133298,-0.79132,0.596695]],"s":29.8861,"t":[-2057.56,-2162.5,4719.6],"timestamp":18180133297},
{"hands":[],"id":206216,"pointables":[],"r":[[0.0466665,0.594738,0.802564],[-0.990111,0.133948,-0.0416898],[-0.132296,-0.792682,0.595108]],"s":29.8861,"t":[-2057.65,-2162.59,4719.85],"timestamp":18180141946},
{"hands":[],"id":206217,"pointables":[],"r":[[0.0460073,0.593506,0.803514],[-0.990249,0.132978,-0.041523],[-0.131493,-0.793768,0.593836]],"s":29.886,"t":[-2057.72,-2162.66,4720.06],"timestamp":18180150706},
{"hands":[],"id":206218,"pointables":[],"r":[[0.0454806,0.592518,0.804272],[-0.990358,0.132201,-0.0413908],[-0.13085,-0.794635,0.592818]],"s":29.886,"t":[-2057.78,-2162.72,4720.23],"timestamp":18180159333},
{"hands":[],"id":206219,"pointables":[],"r":[[0.0450598,0.591727,0.804878],[-0.990445,0.13158,-0.0412858],[-0.130336,-0.795327,0.592002]],"s":29.8859,"t":[-2057.82,-2162.77,4720.36],"timestamp":18180167988},
{"hands":[],"id":206220,"pointables":[],"r":[[0.0447234,0.591094,0.805362],[-0.990515,0.131082,-0.0412024],[-0.129923,-0.79588,0.59135]],"s":29.8859,"t":[-2057.86,-2162.81,4720.47],"timestamp":18180176700},
{"hands":[],"id":206221,"pointables":[],"r":[[0.0444545,0.590587,0.805749],[-0.99057,0.130685,-0.041136],[-0.129593,-0.796322,0.590827]],"s":29.8859,"t":[-2057.89,-2162.84,4720.55],"timestamp":18180185323},
{"hands":[],"id":206222,"pointables":[],"r":[[0.0442395,0.590181,0.806058],[-0.990614,0.130366,-0.0410831],[-0.129329,-0.796675,0.590409]],"s":29.8859,"t":[-2057.91,-2162.86,4720.62],"timestamp":18180194066},
{"hands":[],"id":206223,"pointables":[],"r":[[0.0440676,0.589856,0.806305],[-0.99065,0.130112,-0.0410409],[-0.129118,-0.796957,0.590074]],"s":29.8859,"t":[-2057.93,-2162.88,4720.67],"timestamp":18180202709},
{"hands":[],"id":206224,"pointables":[],"r":[[0.0439301,0.589596,0.806503],[-0.990678,0.129908,-0.0410072],[-0.128949,-0.797183,0.589806]],"s":29.8859,"t":[-2057.94,-2162.9,4720.72],"timestamp":18180211308},
{"hands":[],"id":206225,"pointables":[],"r":[[0.0438202,0.589388,0.806661],[-0.9907,0.129745,-0.0409803],[-0.128813,-0.797363,0.589592]],"s":29.8859,"t":[-2057.96,-2162.91,4720.75],"timestamp":18180220082},
{"hands":[],"id":206226,"pointables":[],"r":[[0.0437322,0.589221,0.806787],[-0.990718,0.129614,-0.0409588],[-0.128705,-0.797508,0.58942]],"s":29.8859,"t":[-2057.96,-2162.92,4720.78],"timestamp":18180228668},
{"hands":[],"id":206227,"pointables":[],"r":[[0.0436619,0.589088,0.806889],[-0.990733,0.12951,-0.0409417],[-0.128618,-0.797623,0.589283]],"s":29.8859,"t":[-2057.97,-2162.93,4720.8],"timestamp":18180237287},
{"hands":[],"id":206228,"pointables":[],"r":[[0.0436057,0.588981,0.806969],[-0.990744,0.129426,-0.040928],[-0.128549,-0.797715,0.589173]],"s":29.8859,"t":[-2057.98,-2162.93,4720.82],"timestamp":18180246111},
{"hands":[],"id":206229,"pointables":[],"r":[[0.0435607,0.588896,0.807034],[-0.990753,0.12936,-0.040917],[-0.128493,-0.797789,0.589086]],"s":29.8859,"t":[-2057.98,-2162.94,4720.84],"timestamp":18180254892},
{"hands":[],"id":206230,"pointables":[],"r":[[0.0435247,0.588828,0.807086],[-0.990761,0.129306,-0.0409083],[-0.128449,-0.797848,0.589015]],"s":29.8859,"t":[-2057.99,-2162.94,4720.85],"timestamp":18180263632},
{"hands":[],"id":206231,"pointables":[],"r":[[0.0434959,0.588773,0.807127],[-0.990766,0.129263,-0.0409013],[-0.128413,-0.797895,0.588959]],"s":29.8859,"t":[-2057.99,-2162.95,4720.86],"timestamp":18180272081},
{"hands":[],"id":206232,"pointables":[],"r":[[0.0434728,0.588729,0.80716],[-0.990771,0.129229,-0.0408957],[-0.128385,-0.797933,0.588914]],"s":29.8859,"t":[-2057.99,-2162.95,4720.86],"timestamp":18180281032},
{"hands":[],"id":206233,"pointables":[],"r":[[0.0434544,0.588695,0.807187],[-0.990775,0.129202,-0.0408912],[-0.128362,-0.797963,0.588878]],"s":29.8859,"t":[-2057.99,-2162.95,4720.87],"timestamp":18180289637},
{"hands":[],"id":206234,"pointables":[],"r":[[0.0434397,0.588667,0.807208],[-0.990778,0.12918,-0.0408876],[-0.128344,-0.797988,0.588849]],"s":29.8859,"t":[-2058,-2162.95,4720.87],"timestamp":18180298224},
{"hands":[],"id":206235,"pointables":[],"r":[[0.0434279,0.588644,0.807225],[-0.99078,0.129162,-0.0408847],[-0.12833,-0.798007,0.588826]],"s":29.8859,"t":[-2058,-2162.95,4720.88],"timestamp":18180306702},
{"hands":[],"id":206236,"pointables":[],"r":[[0.0434184,0.588626,0.807238],[-0.990782,0.129148,-0.0408824],[-0.128318,-0.798022,0.588808]],"s":29.8859,"t":[-2058,-2162.95,4720.88],"timestamp":18180315687},
{"hands":[],"id":206237,"pointables":[],"r":[[0.0434109,0.588612,0.807249],[-0.990784,0.129137,-0.0408806],[-0.128309,-0.798035,0.588793]],"s":29.8859,"t":[-2058,-2162.96,4720.88],"timestamp":18180324302},
{"hands":[],"id":206238,"pointables":[],"r":[[0.0434048,0.588601,0.807258],[-0.990785,0.129128,-0.0408791],[-0.128301,-0.798045,0.588781]],"s":29.8859,"t":[-2058,-2162.96,4720.88],"timestamp":18180333031},
{"hands":[],"id":206239,"pointables":[],"r":[[0.0434,0.588591,0.807265],[-0.990786,0.129121,-0.040878],[-0.128295,-0.798053,0.588772]],"s":29.8859,"t":[-2058,-2162.96,4720.89],"timestamp":18180341459},
{"hands":[],"id":206240,"pointables":[],"r":[[0.0433962,0.588584,0.80727],[-0.990787,0.129115,-0.040877],[-0.12829,-0.798059,0.588764]],"s":29.8859,"t":[-2058,-2162.96,4720.89],"timestamp":18180350083},
{"hands":[],"id":206241,"pointables":[],"r":[[0.0433931,0.588578,0.807275],[-0.990787,0.129111,-0.0408763],[-0.128287,-0.798064,0.588758]],"s":29.8859,"t":[-2058,-2162.96,4720.89],"timestamp":18180359164},
{"hands":[],"id":206242,"pointables":[],"r":[[0.0433906,0.588573,0.807278],[-0.990788,0.129107,-0.0408757],[-0.128284,-0.798068,0.588753]],"s":29.8859,"t":[-2058,-2162.96,4720.89],"timestamp":18180367667},
{"hands":[],"id":206243,"pointables":[],"r":[[0.0433886,0.58857,0.807281],[-0.990788,0.129104,-0.0408752],[-0.128281,-0.798071,0.58875]],"s":29.8859,"t":[-2058,-2162.96,4720.89],"timestamp":18180376200},
{"hands":[],"id":206244,"pointables":[],"r":[[0.043387,0.588567,0.807284],[-0.990789,0.129102,-0.0408748],[-0.128279,-0.798074,0.588747]],"s":29.8859,"t":[-2058,-2162.96,4720.89],"timestamp":18180385060},
{"hands":[],"id":206245,"pointables":[],"r":[[0.0433858,0.588564,0.807285],[-0.990789,0.1291,-0.0408745],[-0.128278,-0.798076,0.588744]],"s":29.8859,"t":[-2058,-2162.96,4720.89],"timestamp":18180393672},
{"hands":[],"id":206246,"pointables":[],"r":[[0.0433847,0.588562,0.807287],[-0.990789,0.129098,-0.0408743],[-0.128276,-0.798078,0.588742]],"s":29.8859,"t":[-2058,-2162.96,4720.89],"timestamp":18180402391},
{"hands":[],"id":206247,"pointables":[],"r":[[0.0433839,0.588561,0.807288],[-0.990789,0.129097,-0.0408741],[-0.128275,-0.798079,0.58874]],"s":29.8859,"t":[-2058,-2162.96,4720.89],"timestamp":18180410835},
{"hands":[],"id":206248,"pointables":[],"r":[[0.0433833,0.58856,0.807289],[-0.990789,0.129096,-0.0408739],[-0.128275,-0.79808,0.588739]],"s":29.8859,"t":[-2058,-2162.96,4720.89],"timestamp":18180419811},
{"hands":[],"id":206249,"pointables":[],"r":[[0.0433828,0.588559,0.80729],[-0.990789,0.129095,-0.0408738],[-0.128274,-0.798081,0.588738]],"s":29.8859,"t":[-2058,-2162.96,4720.89],"timestamp":18180428320},
{"hands":[],"id":206250,"pointables":[],"r":[[0.0433824,0.588558,0.80729],[-0.99079,0.129095,-0.0408737],[-0.128273,-0.798082,0.588737]],"s":29.8859,"t":[-2058,-2162.96,4720.89],"timestamp":18180437059},
{"hands":[],"id":206251,"pointables":[],"r":[[0.043382,0.588557,0.807291],[-0.99079,0.129094,-0.0408736],[-0.128273,-0.798082,0.588737]],"s":29.8859,"t":[-2058,-2162.96,4720.89],"timestamp":18180445544},
{"hands":[],"id":206252,"pointables":[],"r":[[0.0433818,0.588557,0.807291],[-0.99079,0.129094,-0.0408735],[-0.128273,-0.798083,0.588736]],"s":29.8859,"t":[-2058,-2162.96,4720.89],"timestamp":18180454242},
{"hands":[],"id":206253,"pointables":[],"r":[[0.0433815,0.588556,0.807291],[-0.99079,0.129094,-0.0408735],[-0.128272,-0.798083,0.588736]],"s":29.8859,"t":[-2058,-2162.96,4720.89],"timestamp":18180462982},
{"hands":[],"id":206256,"pointables":[],"r":[[0.0433814,0.588556,0.807292],[-0.99079,0.129093,-0.0408734],[-0.128272,-0.798083,0.588735]],"s":29.8859,"t":[-2058,-2162.96,4720.89],"timestamp":18180489255},
{"hands":[],"id":206257,"pointables":[],"r":[[0.0433812,0.588556,0.807292],[-0.99079,0.129093,-0.0408734],[-0.128272,-0.798083,0.588735]],"s":29.8859,"t":[-2058,-2162.96,4720.89],"timestamp":18180497585},
{"hands":[],"id":206258,"pointables":[],"r":[[0.0433811,0.588556,0.807292],[-0.99079,0.129093,-0.0408734],[-0.128272,-0.798084,0.588735]],"s":29.8859,"t":[-2058,-2162.96,4720.89],"timestamp":18180506253},
{"hands":[],"id":206259,"pointables":[],"r":[[0.043381,0.588555,0.807292],[-0.99079,0.129093,-0.0408734],[-0.128272,-0.798084,0.588735]],"s":29.8859,"t":[-2058,-2162.96,4720.89],"timestamp":18180515193},
{"hands":[],"id":206260,"pointables":[],"r":[[0.043381,0.588555,0.807292],[-0.99079,0.129093,-0.0408734],[-0.128272,-0.798084,0.588735]],"s":29.8859,"t":[-2058,-2162.96,4720.89],"timestamp":18180523719},
{"hands":[],"id":206261,"pointables":[],"r":[[0.0433809,0.588555,0.807292],[-0.99079,0.129093,-0.0408733],[-0.128272,-0.798084,0.588735]],"s":29.8859,"t":[-2058,-2162.96,4720.89],"timestamp":18180532181},
{"hands":[],"id":206262,"pointables":[],"r":[[0.0433809,0.588555,0.807292],[-0.99079,0.129093,-0.0408733],[-0.128272,-0.798084,0.588735]],"s":29.8859,"t":[-2058,-2162.96,4720.89],"timestamp":18180541178},
{"hands":[],"id":206263,"pointables":[],"r":[[0.0433808,0.588555,0.807292],[-0.99079,0.129092,-0.0408733],[-0.128272,-0.798084,0.588734]],"s":29.8859,"t":[-2058,-2162.96,4720.89],"timestamp":18180549878},
{"hands":[],"id":206264,"pointables":[],"r":[[0.0433808,0.588555,0.807293],[-0.99079,0.129092,-0.0408733],[-0.128272,-0.798084,0.588734]],"s":29.8859,"t":[-2058,-2162.96,4720.89],"timestamp":18180558556},
{"hands":[],"id":206265,"pointables":[],"r":[[0.0433808,0.588555,0.807293],[-0.99079,0.129092,-0.0408733],[-0.128272,-0.798084,0.588734]],"s":29.8859,"t":[-2058,-2162.96,4720.89],"timestamp":18180566953},
{"hands":[],"id":206266,"pointables":[],"r":[[0.0433808,0.588555,0.807293],[-0.99079,0.129092,-0.0408733],[-0.128271,-0.798084,0.588734]],"s":29.8859,"t":[-2058,-2162.96,4720.89],"timestamp":18180575584},
{"hands":[],"id":206267,"pointables":[],"r":[[0.0433808,0.588555,0.807293],[-0.99079,0.129092,-0.0408733],[-0.128271,-0.798084,0.588734]],"s":29.8859,"t":[-2058,-2162.96,4720.89],"timestamp":18180584408},
{"hands":[],"id":206268,"pointables":[],"r":[[0.0433807,0.588555,0.807293],[-0.99079,0.129092,-0.0408733],[-0.128271,-0.798084,0.588734]],"s":29.8859,"t":[-2058,-2162.96,4720.89],"timestamp":18180593182},
{"hands":[],"id":206269,"pointables":[],"r":[[0.0433807,0.588555,0.807293],[-0.99079,0.129092,-0.0408733],[-0.128271,-0.798084,0.588734]],"s":29.8859,"t":[-2058,-2162.96,4720.89],"timestamp":18180601668},
{"hands":[],"id":206270,"pointables":[],"r":[[0.0433807,0.588555,0.807293],[-0.99079,0.129092,-0.0408733],[-0.128271,-0.798084,0.588734]],"s":29.8859,"t":[-2058,-2162.96,4720.89],"timestamp":18180610550},
{"hands":[],"id":206271,"pointables":[],"r":[[0.0433807,0.588555,0.807293],[-0.99079,0.129092,-0.0408733],[-0.128271,-0.798084,0.588734]],"s":29.8859,"t":[-2058,-2162.96,4720.89],"timestamp":18180619177},
{"hands":[],"id":206272,"pointables":[],"r":[[0.0433807,0.588555,0.807293],[-0.99079,0.129092,-0.0408733],[-0.128271,-0.798084,0.588734]],"s":29.8859,"t":[-2058,-2162.96,4720.89],"timestamp":18180627932},
{"hands":[],"id":206273,"pointables":[],"r":[[0.0433807,0.588555,0.807293],[-0.99079,0.129092,-0.0408733],[-0.128271,-0.798084,0.588734]],"s":29.8859,"t":[-2058,-2162.96,4720.89],"timestamp":18180636333},
{"hands":[],"id":206274,"pointables":[],"r":[[0.0433807,0.588555,0.807293],[-0.99079,0.129092,-0.0408733],[-0.128271,-0.798084,0.588734]],"s":29.8859,"t":[-2058,-2162.96,4720.89],"timestamp":18180645136},
{"hands":[],"id":206275,"pointables":[],"r":[[0.0433807,0.588555,0.807293],[-0.99079,0.129092,-0.0408733],[-0.128271,-0.798084,0.588734]],"s":29.8859,"t":[-2058,-2162.96,4720.89],"timestamp":18180653899},
{"hands":[],"id":206276,"pointables":[],"r":[[0.0433807,0.588555,0.807293],[-0.99079,0.129092,-0.0408733],[-0.128271,-0.798084,0.588734]],"s":29.8859,"t":[-2058,-2162.96,4720.89],"timestamp":18180662554},
{"hands":[],"id":206277,"pointables":[],"r":[[0.0433807,0.588555,0.807293],[-0.99079,0.129092,-0.0408733],[-0.128271,-0.798084,0.588734]],"s":29.8859,"t":[-2058,-2162.96,4720.89],"timestamp":18180670912},
{"hands":[],"id":206278,"pointables":[],"r":[[0.0433807,0.588555,0.807293],[-0.99079,0.129092,-0.0408733],[-0.128271,-0.798084,0.588734]],"s":29.8859,"t":[-2058,-2162.96,4720.89],"timestamp":18180679795},
{"hands":[],"id":206279,"pointables":[],"r":[[0.0433807,0.588555,0.807293],[-0.99079,0.129092,-0.0408733],[-0.128271,-0.798084,0.588734]],"s":29.8859,"t":[-2058,-2162.96,4720.89],"timestamp":18180688630},
{"hands":[],"id":206280,"pointables":[],"r":[[0.0433807,0.588555,0.807293],[-0.99079,0.129092,-0.0408733],[-0.128271,-0.798084,0.588734]],"s":29.8859,"t":[-2058,-2162.96,4720.89],"timestamp":18180697262},
{"hands":[],"id":206281,"pointables":[],"r":[[0.0433807,0.588555,0.807293],[-0.99079,0.129092,-0.0408733],[-0.128271,-0.798084,0.588734]],"s":29.8859,"t":[-2058,-2162.96,4720.89],"timestamp":18180705706},
{"hands":[],"id":206282,"pointables":[],"r":[[0.0433807,0.588555,0.807293],[-0.99079,0.129092,-0.0408733],[-0.128271,-0.798084,0.588734]],"s":29.8859,"t":[-2058,-2162.96,4720.89],"timestamp":18180714365},
{"hands":[],"id":206283,"pointables":[],"r":[[0.0433807,0.588555,0.807293],[-0.99079,0.129092,-0.0408733],[-0.128271,-0.798084,0.588734]],"s":29.8859,"t":[-2058,-2162.96,4720.89],"timestamp":18180723058},
{"hands":[],"id":206284,"pointables":[],"r":[[0.0433807,0.588555,0.807293],[-0.99079,0.129092,-0.0408733],[-0.128271,-0.798084,0.588734]],"s":29.8859,"t":[-2058,-2162.96,4720.89],"timestamp":18180731754},
{"hands":[],"id":206285,"pointables":[],"r":[[0.0433807,0.588555,0.807293],[-0.99079,0.129092,-0.0408733],[-0.128271,-0.798084,0.588734]],"s":29.8859,"t":[-2058,-2162.96,4720.89],"timestamp":18180740334},
{"hands":[],"id":206286,"pointables":[],"r":[[0.0433807,0.588555,0.807293],[-0.99079,0.129092,-0.0408733],[-0.128271,-0.798084,0.588734]],"s":29.8859,"t":[-2058,-2162.96,4720.89],"timestamp":18180749139},
{"hands":[],"id":206287,"pointables":[],"r":[[0.0433807,0.588555,0.807293],[-0.99079,0.129092,-0.0408733],[-0.128271,-0.798084,0.588734]],"s":29.8859,"t":[-2058,-2162.96,4720.89],"timestamp":18180757746},
{"hands":[],"id":206288,"pointables":[],"r":[[0.0433807,0.588555,0.807293],[-0.99079,0.129092,-0.0408733],[-0.128271,-0.798084,0.588734]],"s":29.8859,"t":[-2058,-2162.96,4720.89],"timestamp":18180766373},
{"hands":[],"id":206289,"pointables":[],"r":[[0.0433807,0.588555,0.807293],[-0.99079,0.129092,-0.0408733],[-0.128271,-0.798084,0.588734]],"s":29.8859,"t":[-2058,-2162.96,4720.89],"timestamp":18180775059},
{"hands":[],"id":206290,"pointables":[],"r":[[0.0433807,0.588555,0.807293],[-0.99079,0.129092,-0.0408733],[-0.128271,-0.798084,0.588734]],"s":29.8859,"t":[-2058,-2162.96,4720.89],"timestamp":18180783739},
{"hands":[],"id":206291,"pointables":[],"r":[[0.0433807,0.588555,0.807293],[-0.99079,0.129092,-0.0408733],[-0.128271,-0.798084,0.588734]],"s":29.8859,"t":[-2058,-2162.96,4720.89],"timestamp":18180792688},
{"hands":[],"id":206292,"pointables":[],"r":[[0.0433807,0.588555,0.807293],[-0.99079,0.129092,-0.0408733],[-0.128271,-0.798084,0.588734]],"s":29.8859,"t":[-2058,-2162.96,4720.89],"timestamp":18180801183},
{"hands":[],"id":206293,"pointables":[],"r":[[0.0433807,0.588555,0.807293],[-0.99079,0.129092,-0.0408733],[-0.128271,-0.798084,0.588734]],"s":29.8859,"t":[-2058,-2162.96,4720.89],"timestamp":18180809828},
{"hands":[],"id":206294,"pointables":[],"r":[[0.0433807,0.588555,0.807293],[-0.99079,0.129092,-0.0408733],[-0.128271,-0.798084,0.588734]],"s":29.8859,"t":[-2058,-2162.96,4720.89],"timestamp":18180818505},
{"hands":[],"id":206295,"pointables":[],"r":[[0.0433807,0.588555,0.807293],[-0.99079,0.129092,-0.0408733],[-0.128271,-0.798084,0.588734]],"s":29.8859,"t":[-2058,-2162.96,4720.89],"timestamp":18180827371},
{"hands":[],"id":206296,"pointables":[],"r":[[0.0433807,0.588555,0.807293],[-0.99079,0.129092,-0.0408733],[-0.128271,-0.798084,0.588734]],"s":29.8859,"t":[-2058,-2162.96,4720.89],"timestamp":18180835830},
{"hands":[],"id":206297,"pointables":[],"r":[[0.0433807,0.588555,0.807293],[-0.99079,0.129092,-0.0408733],[-0.128271,-0.798084,0.588734]],"s":29.8859,"t":[-2058,-2162.96,4720.89],"timestamp":18180844461},
{"hands":[],"id":206298,"pointables":[],"r":[[0.0433807,0.588555,0.807293],[-0.99079,0.129092,-0.0408733],[-0.128271,-0.798084,0.588734]],"s":29.8859,"t":[-2058,-2162.96,4720.89],"timestamp":18180853513},
{"hands":[],"id":206299,"pointables":[],"r":[[0.0433807,0.588555,0.807293],[-0.99079,0.129092,-0.0408733],[-0.128271,-0.798084,0.588734]],"s":29.8859,"t":[-2058,-2162.96,4720.89],"timestamp":18180861922},
{"hands":[],"id":206300,"pointables":[],"r":[[0.0433807,0.588555,0.807293],[-0.99079,0.129092,-0.0408733],[-0.128271,-0.798084,0.588734]],"s":29.8859,"t":[-2058,-2162.96,4720.89],"timestamp":18180870690},
{"hands":[],"id":206301,"pointables":[],"r":[[0.0433807,0.588555,0.807293],[-0.99079,0.129092,-0.0408733],[-0.128271,-0.798084,0.588734]],"s":29.8859,"t":[-2058,-2162.96,4720.89],"timestamp":18180879209},
{"hands":[],"id":206302,"pointables":[],"r":[[0.0433807,0.588555,0.807293],[-0.99079,0.129092,-0.0408733],[-0.128271,-0.798084,0.588734]],"s":29.8859,"t":[-2058,-2162.96,4720.89],"timestamp":18180887835},
{"hands":[],"id":206303,"pointables":[],"r":[[0.0433807,0.588555,0.807293],[-0.99079,0.129092,-0.0408733],[-0.128271,-0.798084,0.588734]],"s":29.8859,"t":[-2058,-2162.96,4720.89],"timestamp":18180896552},
{"hands":[],"id":206304,"pointables":[],"r":[[0.0433807,0.588555,0.807293],[-0.99079,0.129092,-0.0408733],[-0.128271,-0.798084,0.588734]],"s":29.8859,"t":[-2058,-2162.96,4720.89],"timestamp":18180905219},
{"hands":[],"id":206305,"pointables":[],"r":[[0.0433807,0.588555,0.807293],[-0.99079,0.129092,-0.0408733],[-0.128271,-0.798084,0.588734]],"s":29.8859,"t":[-2058,-2162.96,4720.89],"timestamp":18180913841},
{"hands":[],"id":206306,"pointables":[],"r":[[0.0433807,0.588555,0.807293],[-0.99079,0.129092,-0.0408733],[-0.128271,-0.798084,0.588734]],"s":29.8859,"t":[-2058,-2162.96,4720.89],"timestamp":18180922762},
{"hands":[],"id":206307,"pointables":[],"r":[[0.0433807,0.588555,0.807293],[-0.99079,0.129092,-0.0408733],[-0.128271,-0.798084,0.588734]],"s":29.8859,"t":[-2058,-2162.96,4720.89],"timestamp":18180931354},
{"hands":[],"id":206308,"pointables":[],"r":[[0.0433807,0.588555,0.807293],[-0.99079,0.129092,-0.0408733],[-0.128271,-0.798084,0.588734]],"s":29.8859,"t":[-2058,-2162.96,4720.89],"timestamp":18180939846},
{"hands":[],"id":206309,"pointables":[],"r":[[0.0433807,0.588555,0.807293],[-0.99079,0.129092,-0.0408733],[-0.128271,-0.798084,0.588734]],"s":29.8859,"t":[-2058,-2162.96,4720.89],"timestamp":18180948581},
{"hands":[],"id":206310,"pointables":[],"r":[[0.0433807,0.588555,0.807293],[-0.99079,0.129092,-0.0408733],[-0.128271,-0.798084,0.588734]],"s":29.8859,"t":[-2058,-2162.96,4720.89],"timestamp":18180957320},
