[
{"hands":[],"id":199871,"pointables":[],"r":[[-0.322296,0.74465,0.584484],[-0.92765,-0.125393,-0.351771],[-0.188656,-0.655571,0.731188]],"s":30.3515,"t":[-2258.22,-2115.54,4793.9],"timestamp":18125072682},
{"hands":[],"id":199872,"pointables":[],"r":[[-0.322296,0.74465,0.584484],[-0.92765,-0.125393,-0.351771],[-0.188656,-0.655571,0.731188]],"s":30.3515,"t":[-2258.22,-2115.54,4793.9],"timestamp":18125081287},
{"hands":[],"id":199873,"pointables":[],"r":[[-0.322296,0.74465,0.584484],[-0.92765,-0.125393,-0.351771],[-0.188656,-0.655571,0.731188]],"s":30.3515,"t":[-2258.22,-2115.54,4793.9],"timestamp":18125089962},
{"hands":[],"id":199874,"pointables":[],"r":[[-0.322296,0.74465,0.584484],[-0.92765,-0.125393,-0.351771],[-0.188656,-0.655571,0.731188]],"s":30.3515,"t":[-2258.22,-2115.54,4793.9],"timestamp":18125098691},
{"hands":[],"id":199875,"pointables":[],"r":[[-0.322296,0.74465,0.584484],[-0.92765,-0.125393,-0.351771],[-0.188656,-0.655571,0.731188]],"s":30.3515,"t":[-2258.22,-2115.54,4793.9],"timestamp":18125107290},
{"hands":[],"id":199876,"pointables":[],"r":[[-0.322296,0.74465,0.584484],[-0.92765,-0.125393,-0.351771],[-0.188656,-0.655571,0.731188]],"s":30.3515,"t":[-2258.22,-2115.54,4793.9],"timestamp":18125115949},
{"hands":[],"id":199877,"pointables":[],"r":[[-0.322296,0.74465,0.584484],[-0.92765,-0.125393,-0.351771],[-0.188656,-0.655571,0.731188]],"s":30.3515,"t":[-2258.22,-2115.54,4793.9],"timestamp":18125124674},
{"hands":[],"id":199878,"pointables":[],"r":[[-0.322296,0.74465,0.584484],[-0.92765,-0.125393,-0.351771],[-0.188656,-0.655571,0.731188]],"s":30.3515,"t":[-2258.22,-2115.54,4793.9],"timestamp":18125133315},
{"hands":[],"id":199879,"pointables":[],"r":[[-0.322296,0.74465,0.584484],[-0.92765,-0.125393,-0.351771],[-0.188656,-0.655571,0.731188]],"s":30.3515,"t":[-2258.22,-2115.54,4793.9],"timestamp":18125142047},
{"hands":[],"id":199880,"pointables":[],"r":[[-0.322296,0.74465,0.584484],[-0.92765,-0.125393,-0.351771],[-0.188656,-0.655571,0.731188]],"s":30.3515,"t":[-2258.22,-2115.54,4793.9],"timestamp":18125150711},
{"hands":[],"id":199881,"pointables":[],"r":[[-0.322296,0.74465,0.584484],[-0.92765,-0.125393,-0.351771],[-0.188656,-0.655571,0.731188]],"s":30.3515,"t":[-2258.22,-2115.54,4793.9],"timestamp":18125159469},
{"hands":[],"id":199882,"pointables":[],"r":[[-0.322296,0.74465,0.584484],[-0.92765,-0.125393,-0.351771],[-0.188656,-0.655571,0.731188]],"s":30.3515,"t":[-2258.22,-2115.54,4793.9],"timestamp":18125168074},
{"hands":[],"id":199883,"pointables":[],"r":[[-0.322296,0.74465,0.584484],[-0.92765,-0.125393,-0.351771],[-0.188656,-0.655571,0.731188]],"s":30.3515,"t":[-2258.22,-2115.54,4793.9],"timestamp":18125176703},
{"hands":[],"id":199884,"pointables":[],"r":[[-0.322296,0.74465,0.584484],[-0.92765,-0.125393,-0.351771],[-0.188656,-0.655571,0.731188]],"s":30.3515,"t":[-2258.22,-2115.54,4793.9],"timestamp":18125185328},
{"hands":[],"id":199885,"pointables":[],"r":[[-0.322296,0.74465,0.584484],[-0.92765,-0.125393,-0.351771],[-0.188656,-0.655571,0.731188]],"s":30.3515,"t":[-2258.22,-2115.54,4793.9],"timestamp":18125194107},
{"hands":[],"id":199886,"pointables":[],"r":[[-0.322296,0.74465,0.584484],[-0.92765,-0.125393,-0.351771],[-0.188656,-0.655571,0.731188]],"s":30.3515,"t":[-2258.22,-2115.54,4793.9],"timestamp":18125202698},
{"hands":[],"id":199887,"pointables":[],"r":[[-0.322296,0.74465,0.584484],[-0.92765,-0.125393,-0.351771],[-0.188656,-0.655571,0.731188]],"s":30.3515,"t":[-2258.22,-2115.54,4793.9],"timestamp":18125211463},
{"hands":[],"id":199888,"pointables":[],"r":[[-0.322296,0.74465,0.584484],[-0.92765,-0.125393,-0.351771],[-0.188656,-0.655571,0.731188]],"s":30.3515,"t":[-2258.22,-2115.54,4793.9],"timestamp":18125220190},
{"hands":[],"id":199889,"pointables":[],"r":[[-0.322296,0.74465,0.584484],[-0.92765,-0.125393,-0.351771],[-0.188656,-0.655571,0.731188]],"s":30.3515,"t":[-2258.22,-2115.54,4793.9],"timestamp":18125228805},
{"hands":[],"id":199890,"pointables":[{"direction":[0.517713,-0.303026,-0.800093],"handId":3,"id":4,"length":28.0599,"tipPosition":[-64.4894,47.5085,-62.4284],"tipVelocity":[-214.396,88.6052,136.043],"tool":false}],"r":[[-0.322296,0.74465,0.584484],[-0.92765,-0.125393,-0.351771],[-0.188656,-0.655571,0.731188]],"s":30.3515,"t":[-2259.14,-2115.16,4794.48],"timestamp":18125237410},
{"hands":[],"id":199891,"pointables":[{"direction":[0.498996,-0.311574,-0.808656],"handId":3,"id":4,"length":27.841,"tipPosition":[-66.5526,48.3078,-60.8626],"tipVelocity":[-238.13,92.2475,180.722],"tool":false}],"r":[[-0.322296,0.74465,0.584484],[-0.92765,-0.125393,-0.351771],[-0.188656,-0.655571,0.731188]],"s":30.3515,"t":[-2260.63,-2114.56,4795.56],"timestamp":18125246074},
{"hands":[],"id":199892,"pointables":[{"direction":[0.46549,-0.322341,-0.824267],"handId":3,"id":4,"length":27.5096,"tipPosition":[-68.7203,49.0399,-59.114],"tipVelocity":[-252.266,85.1998,203.491],"tool":false}],"r":[[-0.322296,0.74465,0.584484],[-0.92765,-0.125393,-0.351771],[-0.188656,-0.655571,0.731188]],"s":30.3515,"t":[-2262.46,-2113.9,4796.97],"timestamp":18125254667},
{"hands":[],"id":199893,"pointables":[{"direction":[0.422318,-0.346959,-0.837417],"handId":3,"id":4,"length":26.2277,"tipPosition":[-70.9075,49.683,-57.3155],"tipVelocity":[-242.589,71.3277,199.481],"tool":false}],"r":[[-0.322296,0.74465,0.584484],[-0.92765,-0.125393,-0.351771],[-0.188656,-0.655571,0.731188]],"s":30.3515,"t":[-2264.47,-2113.25,4798.58],"timestamp":18125263683},
{"hands":[],"id":199894,"pointables":[{"direction":[0.274944,-0.343252,-0.8981],"handId":3,"id":4,"length":24.7176,"tipPosition":[-73.1231,50.1963,-55.5168],"tipVelocity":[-264.292,61.2391,214.565],"tool":false},{"direction":[-0.160492,-0.224196,-0.961238],"handId":1,"id":2,"length":36.3999,"tipPosition":[-166.555,156.078,76.541],"tipVelocity":[-180.858,139.891,-264.803],"tool":false}],"r":[[-0.322676,0.74555,0.583126],[-0.927934,-0.127722,-0.35018],[-0.186599,-0.654097,0.733034]],"s":30.3473,"t":[-2266.41,-2112.5,4799.27],"timestamp":18125272066},
{"hands":[],"id":199895,"pointables":[{"direction":[-0.241167,-0.20373,-0.948858],"handId":1,"id":2,"length":38.1454,"tipPosition":[-167.836,157.028,73.2157],"tipVelocity":[-145.66,108.084,-378.184],"tool":false}],"r":[[-0.322982,0.746267,0.582039],[-0.928157,-0.129582,-0.348903],[-0.184953,-0.652912,0.734505]],"s":30.3444,"t":[-2268.02,-2111.66,4797.96],"timestamp":18125280859},
{"hands":[],"id":199896,"pointables":[{"direction":[-0.31873,-0.185613,-0.929494],"handId":5,"id":2,"length":39.6457,"tipPosition":[-169.382,158.266,71.2172],"tipVelocity":[-175.459,140.523,-226.865],"tool":false}],"r":[[-0.323228,0.746838,0.581168],[-0.928333,-0.131069,-0.347878],[-0.183636,-0.651961,0.735679]],"s":30.3424,"t":[-2269.59,-2110.61,4796.3],"timestamp":18125289668},
{"hands":[],"id":199897,"pointables":[{"direction":[-0.378844,-0.15336,-0.912665],"handId":5,"id":2,"length":40.791,"tipPosition":[-170.863,159.443,69.0804],"tipVelocity":[-169.919,134.959,-245.072],"tool":false}],"r":[[-0.323425,0.747294,0.580472],[-0.928472,-0.132257,-0.347057],[-0.182582,-0.651198,0.736617]],"s":30.341,"t":[-2271.12,-2109.5,4794.41],"timestamp":18125298387},
{"hands":[],"id":199898,"pointables":[{"direction":[-0.386388,-0.145413,-0.910801],"handId":5,"id":2,"length":41.8071,"tipPosition":[-172.075,160.434,66.9867],"tipVelocity":[-143.449,117.327,-247.87],"tool":false}],"r":[[-0.323584,0.747659,0.579914],[-0.928582,-0.133206,-0.346398],[-0.181739,-0.650586,0.737366]],"s":30.34,"t":[-2272.49,-2108.45,4792.41],"timestamp":18125306834},
{"hands":[],"id":199899,"pointables":[{"direction":[-0.403723,-0.127166,-0.906],"handId":5,"id":2,"length":42.7488,"tipPosition":[-173.34,161.432,64.7464],"tipVelocity":[-147.159,116.146,-260.734],"tool":false}],"r":[[-0.323711,0.747949,0.579468],[-0.928669,-0.133966,-0.345871],[-0.181065,-0.650096,0.737964]],"s":30.3393,"t":[-2273.81,-2107.43,4790.29],"timestamp":18125315426},
{"hands":[],"id":199900,"pointables":[{"direction":[-0.320509,-0.0344283,-0.94662],"handId":1,"id":2,"length":41.8566,"tipPosition":[-174.625,162.298,61.9293],"tipVelocity":[-142.378,95.9085,-312.047],"tool":false}],"r":[[-0.323813,0.748182,0.579111],[-0.928739,-0.134573,-0.345448],[-0.180525,-0.649703,0.738442]],"s":30.3388,"t":[-2275.11,-2106.48,4787.83],"timestamp":18125324454},
{"hands":[],"id":199901,"pointables":[{"direction":[0.053225,-0.128849,-0.990235],"handId":1,"id":2,"length":41.6391,"tipPosition":[-175.76,163.057,58.7536],"tipVelocity":[-135.046,90.3687,-377.739],"tool":false}],"r":[[-0.323895,0.748367,0.578825],[-0.928794,-0.135058,-0.34511],[-0.180094,-0.649388,0.738824]],"s":30.3385,"t":[-2276.33,-2105.63,4785],"timestamp":18125332861},
{"hands":[],"id":199902,"pointables":[{"direction":[0.0466419,0.0310418,-0.998429],"handId":1,"id":2,"length":40.9043,"tipPosition":[-176.733,163.726,55.5782],"tipVelocity":[-113.561,78.0161,-370.75],"tool":false}],"r":[[-0.32396,0.748516,0.578596],[-0.928838,-0.135447,-0.344839],[-0.179748,-0.649136,0.739129]],"s":30.3382,"t":[-2277.43,-2104.87,4782.01],"timestamp":18125341426},
{"hands":[],"id":199903,"pointables":[{"direction":[0.300932,-0.0884829,-0.949532],"handId":1,"id":2,"length":38.8224,"tipPosition":[-177.492,164.243,52.5184],"tipVelocity":[-86.4682,58.9316,-348.574],"tool":false}],"r":[[-0.324013,0.748635,0.578413],[-0.928873,-0.135757,-0.344622],[-0.179472,-0.648935,0.739374]],"s":30.3381,"t":[-2278.35,-2104.23,4778.98],"timestamp":18125350204},
{"hands":[],"id":199904,"pointables":[{"direction":[0.0442867,-0.115156,-0.99236],"handId":1,"id":2,"length":41.0013,"tipPosition":[-177.194,164.037,49.3377],"tipVelocity":[34.0938,-23.5345,-364.175],"tool":false}],"r":[[-0.324055,0.748729,0.578267],[-0.928901,-0.136006,-0.344449],[-0.179251,-0.648773,0.739569]],"s":30.3379,"t":[-2278.67,-2104.01,4775.87],"timestamp":18125358938},
{"hands":[],"id":199905,"pointables":[{"direction":[-0.0655372,-0.114397,-0.991271],"handId":5,"id":2,"length":42.1713,"tipPosition":[-177.986,164.811,47.5694],"tipVelocity":[-89.9484,87.9018,-200.966],"tool":false}],"r":[[-0.324088,0.748805,0.57815],[-0.928924,-0.136204,-0.34431],[-0.179074,-0.648644,0.739725]],"s":30.3379,"t":[-2279.22,-2103.52,4773.44],"timestamp":18125367737},
{"hands":[],"id":199906,"pointables":[{"direction":[-0.195984,-0.107534,-0.974693],"handId":5,"id":2,"length":44.5676,"tipPosition":[-178.467,165.295,44.9532],"tipVelocity":[-56.8009,57.0966,-308.766],"tool":false}],"r":[[-0.324115,0.748866,0.578056],[-0.928942,-0.136363,-0.344199],[-0.178933,-0.64854,0.73985]],"s":30.3378,"t":[-2279.74,-2103.03,4770.91],"timestamp":18125376210},
{"hands":[],"id":199907,"pointables":[{"direction":[-0.240083,-0.0854656,-0.966983],"handId":5,"id":2,"length":45.7346,"tipPosition":[-178.796,165.72,42.3375],"tipVelocity":[-37.1506,48.0672,-295.597],"tool":false}],"r":[[-0.324137,0.748915,0.577981],[-0.928956,-0.13649,-0.34411],[-0.17882,-0.648458,0.73995]],"s":30.3378,"t":[-2280.16,-2102.57,4768.34],"timestamp":18125385059},
{"hands":[],"id":199908,"pointables":[{"direction":[0.178075,-0.187795,-0.965931],"handId":1,"id":2,"length":44.2456,"tipPosition":[-179.194,166.07,40.1456],"tipVelocity":[-45.4598,39.9701,-250.416],"tool":false}],"r":[[-0.324154,0.748953,0.577921],[-0.928967,-0.136592,-0.344038],[-0.178729,-0.648391,0.74003]],"s":30.3377,"t":[-2280.57,-2102.17,4765.96],"timestamp":18125393812},
{"hands":[],"id":199911,"pointables":[],"r":[[-0.324168,0.748984,0.577873],[-0.928976,-0.136673,-0.343981],[-0.178657,-0.648338,0.740094]],"s":30.3377,"t":[-2280.9,-2101.85,4764.05],"timestamp":18125419641},
{"hands":[],"id":199912,"pointables":[],"r":[[-0.324179,0.749009,0.577835],[-0.928984,-0.136738,-0.343936],[-0.178599,-0.648296,0.740145]],"s":30.3377,"t":[-2281.16,-2101.59,4762.53],"timestamp":18125428199},
{"hands":[],"id":199913,"pointables":[],"r":[[-0.324187,0.749029,0.577804],[-0.92899,-0.136791,-0.343899],[-0.178553,-0.648262,0.740186]],"s":30.3377,"t":[-2281.37,-2101.38,4761.31],"timestamp":18125436830},
{"hands":[],"id":199914,"pointables":[],"r":[[-0.324194,0.749045,0.57778],[-0.928994,-0.136832,-0.34387],[-0.178515,-0.648235,0.740219]],"s":30.3377,"t":[-2281.54,-2101.21,4760.33],"timestamp":18125445565},
{"hands":[],"id":199915,"pointables":[],"r":[[-0.3242,0.749058,0.57776],[-0.928998,-0.136865,-0.343847],[-0.178486,-0.648213,0.740245]],"s":30.3377,"t":[-2281.68,-2101.08,4759.55],"timestamp":18125454443},
{"hands":[],"id":199916,"pointables":[],"r":[[-0.324205,0.749068,0.577744],[-0.929001,-0.136892,-0.343828],[-0.178462,-0.648196,0.740266]],"s":30.3377,"t":[-2281.78,-2100.98,4758.93],"timestamp":18125462954},
{"hands":[],"id":199917,"pointables":[{"direction":[-0.176582,-0.188979,-0.965974],"handId":1,"id":2,"length":40.5884,"tipPosition":[-177.471,166.825,26.5179],"tipVelocity":[72.9139,-16.8068,-229.982],"tool":false}],"r":[[-0.324208,0.749076,0.577732],[-0.929003,-0.136913,-0.343813],[-0.178443,-0.648182,0.740283]],"s":30.3377,"t":[-2281.52,-2101,4757.62],"timestamp":18125471652},
{"hands":[],"id":199918,"pointables":[],"r":[[-0.324211,0.749083,0.577722],[-0.929005,-0.136931,-0.343801],[-0.178428,-0.648171,0.740296]],"s":30.3377,"t":[-2281.31,-2101.01,4756.57],"timestamp":18125480556},
{"hands":[],"id":199919,"pointables":[],"r":[[-0.324213,0.749088,0.577714],[-0.929007,-0.136944,-0.343792],[-0.178416,-0.648162,0.740307]],"s":30.3377,"t":[-2281.14,-2101.03,4755.73],"timestamp":18125489186},
{"hands":[],"id":199920,"pointables":[{"direction":[-0.244648,-0.244453,-0.938291],"handId":1,"id":6,"length":35.6688,"tipPosition":[-208.531,168.331,60.2098],"tipVelocity":[-132.633,2.66249,-520.352],"tool":false}],"r":[[-0.324215,0.749092,0.577707],[-0.929008,-0.136955,-0.343784],[-0.178406,-0.648155,0.740315]],"s":30.3377,"t":[-2281.61,-2101.02,4753.12],"timestamp":18125497577},
{"hands":[],"id":199921,"pointables":[{"direction":[-0.21566,-0.249649,-0.944016],"handId":1,"id":6,"length":35.6165,"tipPosition":[-209.041,168.314,57.0593],"tipVelocity":[-58.3316,-1.92631,-359.98],"tool":false}],"r":[[-0.324217,0.749095,0.577702],[-0.929009,-0.136964,-0.343778],[-0.178398,-0.648149,0.740322]],"s":30.3377,"t":[-2282.11,-2101.03,4750.25],"timestamp":18125506329},
{"hands":[],"id":199922,"pointables":[],"r":[[-0.324218,0.749098,0.577698],[-0.92901,-0.136971,-0.343773],[-0.178392,-0.648145,0.740328]],"s":30.3377,"t":[-2282.5,-2101.03,4747.94],"timestamp":18125514998},
{"hands":[],"id":199923,"pointables":[{"direction":[-0.471404,0.066791,-0.879384],"handId":1,"id":6,"length":39.2441,"tipPosition":[-201.234,168.875,60.0269],"tipVelocity":[449.415,32.3002,170.828],"tool":false}],"r":[[-0.324219,0.7491,0.577695],[-0.92901,-0.136976,-0.343769],[-0.178387,-0.648141,0.740332]],"s":30.3377,"t":[-2278.79,-2100.75,4748.28],"timestamp":18125523701},
{"hands":[],"id":199924,"pointables":[],"r":[[-0.32422,0.749102,0.577692],[-0.929011,-0.136981,-0.343766],[-0.178383,-0.648138,0.740335]],"s":30.3377,"t":[-2275.83,-2100.53,4748.54],"timestamp":18125532323},
{"hands":[],"id":199925,"pointables":[{"direction":[-0.281127,-0.285761,-0.916138],"handId":1,"id":6,"length":35.9395,"tipPosition":[-201.848,169.575,59.9004],"tipVelocity":[-35.6449,40.6068,-7.34288],"tool":false}],"r":[[-0.32422,0.749103,0.57769],[-0.929011,-0.136984,-0.343764],[-0.17838,-0.648136,0.740338]],"s":30.3377,"t":[-2274.65,-2100.07,4748.61],"timestamp":18125540925},
{"hands":[],"id":199926,"pointables":[{"direction":[-0.212271,-0.301851,-0.929423],"handId":1,"id":6,"length":36.2108,"tipPosition":[-202.846,169.396,56.0171],"tipVelocity":[-114.672,-20.526,-446.406],"tool":false}],"r":[[-0.324221,0.749104,0.577688],[-0.929012,-0.136987,-0.343762],[-0.178377,-0.648134,0.740341]],"s":30.3377,"t":[-2274.56,-2099.93,4746.71],"timestamp":18125549624},
{"hands":[],"id":199927,"pointables":[{"direction":[-0.147816,-0.334966,-0.930563],"handId":1,"id":6,"length":36.9804,"tipPosition":[-203.351,169.171,52.7112],"tipVelocity":[-56.954,-25.3898,-372.459],"tool":false}],"r":[[-0.324221,0.749105,0.577687],[-0.929012,-0.13699,-0.34376],[-0.178375,-0.648132,0.740342]],"s":30.3377,"t":[-2274.77,-2099.97,4744.1],"timestamp":18125558500},
{"hands":[],"id":199928,"pointables":[{"direction":[-0.120091,-0.335294,-0.934428],"handId":1,"id":6,"length":37.7117,"tipPosition":[-203.663,169.009,50.1141],"tipVelocity":[-36.8324,-19.1452,-306.981],"tool":false}],"r":[[-0.324222,0.749106,0.577686],[-0.929012,-0.136991,-0.343759],[-0.178374,-0.648131,0.740344]],"s":30.3377,"t":[-2275.03,-2100.07,4741.5],"timestamp":18125566960},
{"hands":[],"id":199929,"pointables":[{"direction":[-0.0872986,-0.343844,-0.93496],"handId":1,"id":6,"length":38.9886,"tipPosition":[-203.633,168.803,47.9765],"tipVelocity":[3.29208,-22.9517,-238.415],"tool":false}],"r":[[-0.324222,0.749106,0.577685],[-0.929012,-0.136993,-0.343758],[-0.178372,-0.64813,0.740345]],"s":30.3377,"t":[-2275.14,-2100.23,4739.13],"timestamp":18125575926},
{"hands":[],"id":199930,"pointables":[{"direction":[0.0152009,-0.469613,-0.882741],"handId":1,"id":6,"length":39.0325,"tipPosition":[-202.963,169.367,49.0247],"tipVelocity":[78.931,66.3677,123.422],"tool":false}],"r":[[-0.324222,0.749107,0.577684],[-0.929012,-0.136994,-0.343757],[-0.178371,-0.648129,0.740346]],"s":30.3377,"t":[-2274.87,-2100.02,4738.47],"timestamp":18125584419},
{"hands":[],"id":199931,"pointables":[{"direction":[-0.0417175,-0.432092,-0.900864],"handId":1,"id":6,"length":39.4539,"tipPosition":[-202.918,169.351,47.6805],"tipVelocity":[5.1138,-1.83037,-152.96],"tool":false}],"r":[[-0.324222,0.749107,0.577684],[-0.929012,-0.136995,-0.343756],[-0.178371,-0.648129,0.740347]],"s":30.3377,"t":[-2274.71,-2099.93,4737.47],"timestamp":18125593207},
{"hands":[],"id":199932,"pointables":[{"direction":[-0.0553274,-0.404777,-0.91274],"handId":1,"id":6,"length":40.4552,"tipPosition":[-202.552,169.169,46.3754],"tipVelocity":[43.2158,-21.468,-154.099],"tool":false}],"r":[[-0.324222,0.749107,0.577683],[-0.929012,-0.136996,-0.343756],[-0.17837,-0.648128,0.740347]],"s":30.3377,"t":[-2274.44,-2099.97,4736.31],"timestamp":18125601676},
{"hands":[],"id":199933,"pointables":[{"direction":[-0.0189522,-0.427558,-0.903789],"handId":1,"id":6,"length":39.3338,"tipPosition":[-202.329,169.002,44.9807],"tipVelocity":[25.246,-18.9007,-158.292],"tool":false}],"r":[[-0.324222,0.749108,0.577683],[-0.929013,-0.136996,-0.343755],[-0.178369,-0.648128,0.740348]],"s":30.3377,"t":[-2274.2,-2100.08,4735.04],"timestamp":18125610487},
{"hands":[],"id":199934,"pointables":[{"direction":[0.0100285,-0.426397,-0.904481],"handId":1,"id":6,"length":38.3841,"tipPosition":[-202.133,168.867,43.6471],"tipVelocity":[22.7818,-15.6798,-154.876],"tool":false}],"r":[[-0.324222,0.749108,0.577683],[-0.929013,-0.136997,-0.343755],[-0.178369,-0.648128,0.740348]],"s":30.3377,"t":[-2273.98,-2100.2,4733.73],"timestamp":18125619098},
{"hands":[],"id":199935,"pointables":[{"direction":[-0.0253154,-0.384346,-0.922842],"handId":1,"id":6,"length":37.0146,"tipPosition":[-202.051,168.881,42.5598],"tipVelocity":[9.28577,1.54004,-122.984],"tool":false}],"r":[[-0.324222,0.749108,0.577682],[-0.929013,-0.136997,-0.343755],[-0.178369,-0.648127,0.740348]],"s":30.3377,"t":[-2273.83,-2100.25,4732.54],"timestamp":18125627939},
{"hands":[],"id":199936,"pointables":[{"direction":[-0.0559861,-0.344876,-0.936977],"handId":1,"id":6,"length":37.3629,"tipPosition":[-201.857,168.824,41.4529],"tipVelocity":[23.0699,-6.81413,-131.879],"tool":false}],"r":[[-0.324223,0.749108,0.577682],[-0.929013,-0.136998,-0.343755],[-0.178368,-0.648127,0.740349]],"s":30.3377,"t":[-2273.66,-2100.31,4731.39],"timestamp":18125636332},
{"hands":[{"direction":[-0.521853,0.239261,-0.789175],"id":1,"palmNormal":[0.607719,-0.559726,-0.521987],"palmPosition":[-125.561,150.269,91.3126],"palmVelocity":[467.246,-198.74,674.646],"r":[[1,0,0],[0,1,0],[0,0,1]],"s":1,"sphereCenter":[-146.348,170.403,76.7501],"sphereRadius":59.3407,"t":[0,0,0]}],"id":199937,"pointables":[{"direction":[-0.0702502,-0.32969,-0.941472],"handId":1,"id":6,"length":37.9854,"tipPosition":[-201.564,168.72,40.4009],"tipVelocity":[33.5237,-11.8695,-120.16],"tool":false}],"r":[[-0.324223,0.749108,0.577682],[-0.929013,-0.136998,-0.343754],[-0.178368,-0.648127,0.740349]],"s":30.3377,"t":[-2273.42,-2100.39,4730.29],"timestamp":18125645087},
{"hands":[{"direction":[-0.526956,0.24929,-0.786098],"id":1,"palmNormal":[0.597843,-0.558165,-0.540041],"palmPosition":[-125.621,150.206,83.6595],"palmVelocity":[-6.91743,-7.29231,-885.261],"r":[[1,0,0],[0,1,0],[0,0,1]],"s":1,"sphereCenter":[-145.554,169.621,75.1747],"sphereRadius":58.5768,"t":[0.247511,-0.0522518,-0.383677]}],"id":199938,"pointables":[{"direction":[-0.0909599,-0.325041,-0.941315],"handId":1,"id":6,"length":38.1802,"tipPosition":[-201.069,168.615,39.6336],"tipVelocity":[57.2612,-12.0883,-88.7628],"tool":false}],"r":[[-0.324223,0.749108,0.577682],[-0.929013,-0.136998,-0.343754],[-0.178368,-0.648127,0.740349]],"s":30.3377,"t":[-2273.06,-2100.48,4729.35],"timestamp":18125653732},
{"hands":[{"direction":[-0.53431,0.256941,-0.781648],"id":1,"palmNormal":[0.590572,-0.552772,-0.557661],"palmPosition":[-125.674,150.253,77.6331],"palmVelocity":[-6.02293,5.34143,-682.415],"r":[[1,0,0],[0,1,0],[0,0,1]],"s":1,"sphereCenter":[-145.099,168.834,73.9553],"sphereRadius":57.89,"t":[0.628219,-0.170231,-1.03756]}],"id":199939,"pointables":[{"direction":[-0.0964896,-0.32417,-0.941065],"handId":1,"id":6,"length":38.5666,"tipPosition":[-200.555,168.431,38.7095],"tipVelocity":[58.1933,-20.8025,-104.642],"tool":false}],"r":[[-0.324223,0.749108,0.577682],[-0.929013,-0.136998,-0.343754],[-0.178368,-0.648127,0.740349]],"s":30.3377,"t":[-2272.62,-2100.62,4728.42],"timestamp":18125662563},
{"hands":[{"direction":[-0.537715,0.263153,-0.780183],"id":1,"palmNormal":[0.58538,-0.551783,-0.56857],"palmPosition":[-125.076,149.933,74.3224],"palmVelocity":[70.3436,-37.6583,-389.771],"r":[[1,0,0],[0,1,0],[0,0,1]],"s":1,"sphereCenter":[-144.591,168.352,73.1924],"sphereRadius":57.5079,"t":[1.09469,-0.307124,-1.74559]}],"id":199940,"pointables":[{"direction":[-0.0977506,-0.326523,-0.940121],"handId":1,"id":6,"length":38.8148,"tipPosition":[-200.003,168.276,37.9473],"tipVelocity":[65.0142,-18.3431,-89.7306],"tool":false}],"r":[[-0.324223,0.749108,0.577682],[-0.929013,-0.136998,-0.343754],[-0.178368,-0.648127,0.740349]],"s":30.3377,"t":[-2272.12,-2100.76,4727.58],"timestamp":18125671057},
{"hands":[{"direction":[-0.536781,0.268675,-0.781573],"id":1,"palmNormal":[0.585556,-0.550055,-0.574223],"palmPosition":[-123.848,149.264,73.8916],"palmVelocity":[142.018,-77.4102,-49.8247],"r":[[1,0,0],[0,1,0],[0,0,1]],"s":1,"sphereCenter":[-143.44,168.013,72.2156],"sphereRadius":57.3803,"t":[1.62964,-0.499632,-2.54063]}],"id":199941,"pointables":[{"direction":[-0.0842296,-0.337129,-0.937683],"handId":1,"id":6,"length":39.3437,"tipPosition":[-199.399,168.028,37.0653],"tipVelocity":[69.7935,-28.6982,-102.016],"tool":false}],"r":[[-0.324223,0.749108,0.577682],[-0.929013,-0.136998,-0.343754],[-0.178368,-0.648127,0.740349]],"s":30.3377,"t":[-2271.58,-2100.96,4726.71],"timestamp":18125679703},
{"hands":[{"direction":[-0.518144,0.251055,-0.798281],"id":1,"palmNormal":[0.595945,-0.568491,-0.541705],"palmPosition":[-120.134,147.783,84.6838],"palmVelocity":[412.498,-164.477,1198.6],"r":[[0.999992,-0.00110456,-0.00393283],[0.00110437,0.999999,-0.0000510861],[0.00393288,0.0000467424,0.999992]],"s":0.999256,"sphereCenter":[-142.907,169.456,73.9498],"sphereRadius":59.0753,"t":[2.2851,-0.60335,-3.09942]}],"id":199942,"pointables":[{"direction":[-0.295169,0.0176457,-0.955282],"handId":1,"id":2,"length":39.622,"tipPosition":[-150.88,159.293,3.94395],"tipVelocity":[117.654,14.5723,20.8418],"tool":false},{"direction":[-0.114155,-0.310278,-0.943767],"handId":1,"id":6,"length":39.7828,"tipPosition":[-198.907,167.866,36.2325],"tipVelocity":[54.7087,-17.8878,-92.4889],"tool":false}],"r":[[-0.322501,0.751803,0.575139],[-0.929358,-0.136143,-0.343161],[-0.179688,-0.64518,0.7426]],"s":30.3369,"t":[-2270.91,-2101.07,4726.12],"timestamp":18125688707},
{"hands":[{"direction":[-0.503359,0.239245,-0.811597],"id":1,"palmNormal":[0.602093,-0.583852,-0.518691],"palmPosition":[-117.344,146.649,89.7881],"palmVelocity":[333.322,-135.494,609.833],"r":[[0.999973,-0.00198837,-0.00707897],[0.00198774,0.999998,-0.0000954283],[0.00707915,0.0000813545,0.999975]],"s":0.998735,"sphereCenter":[-142.02,169.937,74.7545],"sphereRadius":59.9123,"t":[2.87796,-0.753057,-3.80634]}],"id":199943,"pointables":[{"direction":[-0.144417,-0.284176,-0.947833],"handId":1,"id":6,"length":40.2693,"tipPosition":[-198.377,167.671,35.3774],"tipVelocity":[63.3502,-23.3807,-102.156],"tool":false}],"r":[[-0.321119,0.75395,0.573098],[-0.929632,-0.135457,-0.34269],[-0.180741,-0.642815,0.744394]],"s":30.3364,"t":[-2270.32,-2101.22,4725.4],"timestamp":18125697077},
{"hands":[{"direction":[-0.483766,0.22643,-0.826395],"id":1,"palmNormal":[0.614059,-0.594285,-0.49181],"palmPosition":[-114.548,145.651,94.7701],"palmVelocity":[325.202,-116.058,579.367],"r":[[0.99995,-0.00269551,-0.00959579],[0.00269436,0.999996,-0.000133125],[0.00959611,0.000107263,0.999954]],"s":0.99837,"sphereCenter":[-140.722,169.729,73.8256],"sphereRadius":60.1262,"t":[3.48231,-0.960967,-4.6056]}],"id":199944,"pointables":[{"direction":[-0.144972,-0.279767,-0.949059],"handId":1,"id":6,"length":37.0791,"tipPosition":[-197.761,167.405,34.4858],"tipVelocity":[71.6196,-30.9471,-103.687],"tool":false}],"r":[[-0.320012,0.755662,0.571461],[-0.92985,-0.134906,-0.342314],[-0.18158,-0.640918,0.745824]],"s":30.336,"t":[-2269.71,-2101.43,4724.59],"timestamp":18125705676},
{"hands":[{"direction":[-0.471116,0.21672,-0.837251],"id":1,"palmNormal":[0.616906,-0.60767,-0.473578],"palmPosition":[-112.424,144.544,96.1735],"palmVelocity":[241.893,-126.036,159.839],"r":[[0.999881,-0.0042675,-0.0147927],[0.00426374,0.999991,-0.000286128],[0.0147938,0.000223022,0.999891]],"s":0.999214,"sphereCenter":[-139.967,169.893,74.3755],"sphereRadius":60.7314,"t":[4.26493,-1.11765,-5.23529]}],"id":199945,"pointables":[{"direction":[-0.255306,-0.0627044,-0.964825],"handId":1,"id":2,"length":39.2205,"tipPosition":[-149.566,159.299,3.80102],"tipVelocity":[51.0159,0.238441,-5.5512],"tool":false},{"direction":[-0.154506,-0.271793,-0.949872],"handId":1,"id":6,"length":38.746,"tipPosition":[-197.153,167.188,33.7086],"tipVelocity":[69.267,-24.7229,-88.5279],"tool":false}],"r":[[-0.317611,0.759194,0.568108],[-0.930323,-0.133637,-0.341527],[-0.183365,-0.636997,0.74874]],"s":30.3369,"t":[-2268.93,-2101.58,4723.95],"timestamp":18125714456},
{"hands":[{"direction":[-0.477968,0.226376,-0.832495],"id":1,"palmNormal":[0.612206,-0.599237,-0.492195],"palmPosition":[-113.995,144.828,83.4923],"palmVelocity":[-182.094,32.9003,-1470.11],"r":[[0.999781,-0.00518233,-0.0202935],[0.00518399,0.999987,0.0000289345],[0.0202931,-0.00013413,0.999794]],"s":1.01298,"sphereCenter":[-139.053,168.819,72.6838],"sphereRadius":60.0386,"t":[5.57475,-1.41991,-6.14954]}],"id":199946,"pointables":[{"direction":[-0.238804,0.0405222,-0.970222],"handId":1,"id":2,"length":35.0027,"tipPosition":[-146.519,158.587,2.09066],"tipVelocity":[353.284,-82.526,-198.279],"tool":false},{"direction":[-0.157331,-0.271671,-0.949443],"handId":1,"id":6,"length":39.3064,"tipPosition":[-196.526,167.004,33.0213],"tipVelocity":[72.6433,-21.3035,-79.677],"tool":false}],"r":[[-0.315754,0.762811,0.564287],[-0.930671,-0.133156,-0.340767],[-0.184802,-0.632763,0.75197]],"s":30.3507,"t":[-2267.62,-2101.88,4723.04],"timestamp":18125723082},
{"hands":[{"direction":[-0.483307,0.236838,-0.827986],"id":1,"palmNormal":[0.606371,-0.593376,-0.508489],"palmPosition":[-115.052,145.099,75.7652],"palmVelocity":[-122.691,31.4633,-896.939],"r":[[0.999799,-0.00711551,-0.0187549],[0.00708882,0.999974,-0.00148928],[0.018765,0.00135603,0.999823]],"s":1.01639,"sphereCenter":[-137.971,167.733,70.495],"sphereRadius":59.3589,"t":[6.03912,-1.48528,-7.185]}],"id":199947,"pointables":[{"direction":[-0.191984,0.0710519,-0.978823],"handId":1,"id":2,"length":34.9849,"tipPosition":[-147.876,159.131,0.536615],"tipVelocity":[-157.588,63.0612,-180.388],"tool":false},{"direction":[-0.149142,-0.278847,-0.948684],"handId":1,"id":6,"length":39.8165,"tipPosition":[-195.93,166.804,32.262],"tipVelocity":[69.1187,-23.2446,-88.1328],"tool":false}],"r":[[-0.314224,0.762098,0.566101],[-0.931006,-0.13072,-0.340794],[-0.185717,-0.634129,0.750593]],"s":30.3541,"t":[-2267.15,-2101.95,4722],"timestamp":18125731697},
{"hands":[{"direction":[-0.487324,0.244799,-0.824893],"id":1,"palmNormal":[0.601491,-0.590238,-0.520389],"palmPosition":[-115.482,145.203,71.71],"palmVelocity":[-49.2827,11.8777,-464.991],"r":[[0.999809,-0.00866004,-0.0175217],[0.008614,0.999959,-0.00270155],[0.0175443,0.0025501,0.999843]],"s":1.01878,"sphereCenter":[-137.148,166.883,69.0898],"sphereRadius":58.821,"t":[6.62255,-1.64516,-8.04923]}],"id":199948,"pointables":[{"direction":[-0.165279,-0.267531,-0.949268],"handId":1,"id":6,"length":40.2829,"tipPosition":[-195.228,166.549,31.569],"tipVelocity":[80.5499,-29.1708,-79.4643],"tool":false}],"r":[[-0.313001,0.761522,0.567551],[-0.931271,-0.128771,-0.340811],[-0.186451,-0.635218,0.749489]],"s":30.3565,"t":[-2266.57,-2102.11,4721.14],"timestamp":18125740418},
{"hands":[{"direction":[-0.489202,0.250901,-0.823514],"id":1,"palmNormal":[0.600405,-0.58647,-0.528415],"palmPosition":[-114.962,144.756,71.6902],"palmVelocity":[59.984,-51.5378,-2.29202],"r":[[0.999814,-0.00989436,-0.0165336],[0.00983496,0.999945,-0.00366988],[0.016569,0.00350659,0.999857]],"s":1.02046,"sphereCenter":[-136.359,166.468,68.6438],"sphereRadius":58.714,"t":[7.25636,-1.8399,-8.81461]}],"id":199949,"pointables":[{"direction":[-0.1677,-0.267104,-0.948964],"handId":1,"id":6,"length":40.7138,"tipPosition":[-194.544,166.32,30.9025],"tipVelocity":[78.9517,-26.493,-76.9142],"tool":false}],"r":[[-0.312023,0.761059,0.568709],[-0.931481,-0.127211,-0.340822],[-0.187039,-0.636087,0.748606]],"s":30.3581,"t":[-2265.93,-2102.3,4720.37],"timestamp":18125749084},
{"hands":[{"direction":[-0.471955,0.233356,-0.836968],"id":1,"palmNormal":[0.617666,-0.591305,-0.499093],"palmPosition":[-111.842,144.008,85.0971],"palmVelocity":[354.869,-85.1377,1525.08],"r":[[0.99987,-0.0124474,-0.0102617],[0.0123828,0.999903,-0.00634018],[0.0103396,0.00621228,0.999927]],"s":1.0165,"sphereCenter":[-135.491,166.477,68.4458],"sphereRadius":59.0788,"t":[7.53757,-1.91148,-9.77574]}],"id":199950,"pointables":[{"direction":[-0.014351,-0.033064,-0.99935],"handId":1,"id":2,"length":31.7312,"tipPosition":[-148.749,159.568,-0.988931],"tipVelocity":[-33.346,16.7178,-58.2759],"tool":false},{"direction":[-0.189192,-0.247753,-0.950171],"handId":1,"id":6,"length":42.1801,"tipPosition":[-193.814,165.985,30.1143],"tipVelocity":[83.058,-38.0483,-89.6575],"tool":false}],"r":[[-0.310763,0.757393,0.574266],[-0.931796,-0.123534,-0.341313],[-0.187567,-0.641167,0.744126]],"s":30.3542,"t":[-2265.65,-2102.38,4719.41],"timestamp":18125757875},
{"hands":[{"direction":[-0.457274,0.220588,-0.848208],"id":1,"palmNormal":[0.620629,-0.607213,-0.474451],"palmPosition":[-109.774,143.235,90.1711],"palmVelocity":[241.015,-90.0837,591.309],"r":[[0.999872,-0.0159624,-0.00100823],[0.0159514,0.999822,-0.0101197],[0.00116958,0.0101023,0.999948]],"s":1.00912,"sphereCenter":[-134.2,165.872,67.2589],"sphereRadius":59.0981,"t":[7.71297,-1.95597,-10.7969]}],"id":199951,"pointables":[{"direction":[0.0824814,-0.0850034,-0.992961],"handId":1,"id":2,"length":28.777,"tipPosition":[-149.343,159.895,-2.30008],"tipVelocity":[-69.2054,38.0927,-152.797],"tool":false},{"direction":[-0.212271,-0.225451,-0.950849],"handId":1,"id":6,"length":42.5798,"tipPosition":[-193.081,165.623,29.2629],"tipVelocity":[85.4259,-42.1516,-99.2164],"tool":false}],"r":[[-0.309122,0.751887,0.582331],[-0.932208,-0.118365,-0.34202],[-0.188233,-0.648579,0.737505]],"s":30.3468,"t":[-2265.48,-2102.42,4718.39],"timestamp":18125766456},
{"hands":[{"direction":[-0.431287,0.196169,-0.863496],"id":1,"palmNormal":[0.657988,-0.584851,-0.436336],"palmPosition":[-108.704,143.69,97.205],"palmVelocity":[124.648,53.1007,819.515],"r":[[0.999739,-0.0203475,0.010367],[0.0204999,0.99968,-0.0148153],[-0.0100623,0.015024,0.999837]],"s":0.999337,"sphereCenter":[-132.903,165.629,66.498],"sphereRadius":59.3087,"t":[7.90071,-2.00875,-11.7841]}],"id":199952,"pointables":[{"direction":[0.113038,-0.101611,-0.988381],"handId":1,"id":2,"length":26.0615,"tipPosition":[-149.779,160.188,-3.43523],"tipVelocity":[-50.8016,34.0738,-132.255],"tool":false},{"direction":[-0.237885,-0.20346,-0.949745],"handId":1,"id":6,"length":42.8219,"tipPosition":[-192.244,165.209,28.4919],"tipVelocity":[97.4203,-48.3013,-89.833],"tool":false}],"r":[[-0.307007,0.745024,0.592187],[-0.932718,-0.111862,-0.342817],[-0.189163,-0.657591,0.72924]],"s":30.337,"t":[-2265.29,-2102.47,4717.4],"timestamp":18125775039},
{"hands":[{"direction":[-0.420075,0.186798,-0.872188],"id":1,"palmNormal":[0.666732,-0.589311,-0.421448],"palmPosition":[-107.07,143.136,98.3899],"palmVelocity":[186.141,-63.0864,134.922],"r":[[0.999427,-0.0252059,0.0225716],[0.0256577,0.999472,-0.0199582],[-0.0220566,0.0205259,0.999546]],"s":0.988529,"sphereCenter":[-131.923,165.685,65.9913],"sphereRadius":59.6178,"t":[8.11812,-2.06357,-12.7164]}],"id":199953,"pointables":[{"direction":[0.239853,-0.240117,-0.940646],"handId":1,"id":2,"length":22.9781,"tipPosition":[-150.05,160.429,-4.42307],"tipVelocity":[-30.8096,27.4872,-112.485],"tool":false},{"direction":[-0.266425,-0.175993,-0.947652],"handId":1,"id":6,"length":43.0012,"tipPosition":[-191.48,164.854,27.7245],"tipVelocity":[87.0828,-40.4356,-87.3762],"tool":false}],"r":[[-0.304548,0.737552,0.602716],[-0.933283,-0.104609,-0.343569],[-0.190351,-0.667138,0.720204]],"s":30.3262,"t":[-2265.07,-2102.53,4716.47],"timestamp":18125783821},
{"hands":[{"direction":[-0.426872,0.199291,-0.867315],"id":1,"palmNormal":[0.657196,-0.587923,-0.440921],"palmPosition":[-108.173,143.045,84.5652],"palmVelocity":[-124.527,-10.3083,-1560.7],"r":[[0.998927,-0.0292472,0.0358955],[0.0301409,0.999243,-0.0246133],[-0.0351485,0.0256689,0.999052]],"s":0.979643,"sphereCenter":[-130.769,165.065,64.9428],"sphereRadius":59.2399,"t":[8.40449,-2.09567,-13.4672]}],"id":199954,"pointables":[{"direction":[0.305629,-0.312753,-0.89932],"handId":1,"id":2,"length":22.7105,"tipPosition":[-150.073,160.508,-5.28453],"tipVelocity":[-2.61423,8.89024,-97.2521],"tool":false},{"direction":[-0.267493,-0.188354,-0.944971],"handId":1,"id":6,"length":43.1241,"tipPosition":[-190.746,164.756,27.4477],"tipVelocity":[82.8404,-11.0092,-31.251],"tool":false}],"r":[[-0.302992,0.729102,0.613683],[-0.933695,-0.0981816,-0.344345],[-0.19081,-0.677326,0.710507]],"s":30.3173,"t":[-2264.79,-2102.56,4715.72],"timestamp":18125792679},
{"hands":[{"direction":[-0.43398,0.20901,-0.862771],"id":1,"palmNormal":[0.647643,-0.58844,-0.45712],"palmPosition":[-108.909,142.967,77.6261],"palmVelocity":[-87.7418,-9.30137,-826.872],"r":[[0.998296,-0.032772,0.0482913],[0.0341868,0.999001,-0.0287688],[-0.0473003,0.0303706,0.998419]],"s":0.971574,"sphereCenter":[-129.905,164.64,64.027],"sphereRadius":59.0771,"t":[8.7208,-2.13103,-14.1679]}],"id":199955,"pointables":[{"direction":[0.350137,-0.373495,-0.859014],"handId":1,"id":2,"length":22.1081,"tipPosition":[-149.994,160.563,-6.00594],"tipVelocity":[9.36961,6.54367,-85.9647],"tool":false},{"direction":[-0.26353,-0.194351,-0.94487],"handId":1,"id":6,"length":43.474,"tipPosition":[-190.132,164.624,26.8677],"tipVelocity":[73.1498,-15.7471,-69.1135],"tool":false}],"r":[[-0.301711,0.721082,0.623708],[-0.934043,-0.0924069,-0.344998],[-0.191137,-0.68666,0.701402]],"s":30.3092,"t":[-2264.47,-2102.6,4715.02],"timestamp":18125801071},
{"hands":[{"direction":[-0.440992,0.217083,-0.858458],"id":1,"palmNormal":[0.63986,-0.588134,-0.471232],"palmPosition":[-109.523,142.992,73.3379],"palmVelocity":[-70.0612,2.81394,-489.304],"r":[[0.997547,-0.0362188,0.0598952],[0.0382298,0.998731,-0.0327776],[-0.0586321,0.034987,0.997666]],"s":0.963552,"sphereCenter":[-129.287,164.336,63.3318],"sphereRadius":58.9394,"t":[9.04495,-2.12529,-14.791]}],"id":199956,"pointables":[{"direction":[0.376329,-0.435334,-0.817839],"handId":1,"id":2,"length":21.4518,"tipPosition":[-149.957,160.76,-6.58519],"tipVelocity":[4.18931,22.5507,-66.0939],"tool":false},{"direction":[-0.265518,-0.192263,-0.944741],"handId":1,"id":6,"length":43.9093,"tipPosition":[-189.505,164.52,26.3563],"tipVelocity":[71.5748,-11.8613,-58.3578],"tool":false}],"r":[[-0.300326,0.713477,0.633052],[-0.934389,-0.0867288,-0.345536],[-0.191628,-0.695291,0.692712]],"s":30.3012,"t":[-2264.15,-2102.59,4714.39],"timestamp":18125809835},
{"hands":[{"direction":[-0.442729,0.225412,-0.856729],"id":1,"palmNormal":[0.632282,-0.592073,-0.479513],"palmPosition":[-109.442,142.773,72.1295],"palmVelocity":[9.15905,-24.6811,-136.468],"r":[[0.996716,-0.0395248,0.0706772],[0.0421872,0.99844,-0.0365828],[-0.069121,0.0394443,0.996828]],"s":0.955931,"sphereCenter":[-128.276,163.9,62.5705],"sphereRadius":58.8335,"t":[9.47001,-2.18254,-15.3991]}],"id":199957,"pointables":[{"direction":[0.376472,-0.416414,-0.827567],"handId":1,"id":2,"length":20.9488,"tipPosition":[-149.686,160.772,-7.21183],"tipVelocity":[30.7098,1.28244,-70.7668],"tool":false},{"direction":[-0.249665,-0.207854,-0.945761],"handId":1,"id":6,"length":44.0857,"tipPosition":[-188.725,164.268,25.7964],"tipVelocity":[88.0858,-28.4413,-63.2271],"tool":false}],"r":[[-0.2989,0.706322,0.641692],[-0.934723,-0.0812462,-0.345965],[-0.192228,-0.703213,0.6845]],"s":30.2936,"t":[-2263.72,-2102.65,4713.79],"timestamp":18125818690},
{"hands":[{"direction":[-0.429834,0.211238,-0.866475],"id":1,"palmNormal":[0.640859,-0.600985,-0.455883],"palmPosition":[-107.308,142.361,83.1064],"palmVelocity":[255.507,-49.3817,1314.29],"r":[[0.995675,-0.043546,0.0820665],[0.04703,0.998051,-0.0410085],[-0.0801208,0.0446907,0.995783]],"s":0.947349,"sphereCenter":[-127.011,163.541,62.0538],"sphereRadius":58.8018,"t":[10.006,-2.29222,-15.9573]}],"id":199958,"pointables":[{"direction":[0.344597,-0.346095,-0.872623],"handId":1,"id":2,"length":21.0554,"tipPosition":[-149.469,160.901,-7.80099],"tipVelocity":[25.8911,15.4379,-70.5406],"tool":false},{"direction":[-0.273955,-0.193245,-0.942128],"handId":1,"id":6,"length":44.3072,"tipPosition":[-187.647,163.815,25.3691],"tipVelocity":[129.037,-54.2579,-51.1531],"tool":false}],"r":[[-0.296851,0.698714,0.650905],[-0.935143,-0.0746862,-0.346309],[-0.193357,-0.711492,0.675569]],"s":30.285,"t":[-2263.18,-2102.76,4713.23],"timestamp":18125827042},
{"hands":[{"direction":[-0.421945,0.200634,-0.873452],"id":1,"palmNormal":[0.640006,-0.614921,-0.439014],"palmPosition":[-105.638,141.933,89.0622],"palmVelocity":[187.594,-48.0561,669.031],"r":[[0.994535,-0.0482064,0.0926035],[0.0526199,0.997563,-0.0458238],[-0.0901688,0.0504462,0.994648]],"s":0.93783,"sphereCenter":[-125.948,162.521,61.0105],"sphereRadius":58.5619,"t":[10.582,-2.42385,-16.522]}],"id":199959,"pointables":[{"direction":[0.271039,-0.222329,-0.93654],"handId":1,"id":2,"length":19.5576,"tipPosition":[-149.189,161.029,-8.30319],"tipVelocity":[31.5052,14.3871,-56.4149],"tool":false},{"direction":[-0.288494,-0.179548,-0.940497],"handId":1,"id":6,"length":44.4748,"tipPosition":[-186.696,163.38,24.7289],"tipVelocity":[106.871,-48.8888,-71.9241],"tool":false}],"r":[[-0.294027,0.691672,0.659649],[-0.935642,-0.0673037,-0.346475],[-0.19525,-0.719068,0.666947]],"s":30.2755,"t":[-2262.61,-2102.89,4712.66],"timestamp":18125835944},
