[
{"hands":[],"id":26464,"pointables":[],"r":[[0.293907,-0.043248,-0.954855],[0.345062,0.936409,0.0637986],[0.891376,-0.348235,0.290141]],"s":3.1643,"t":[-159.905,-660.363,75.0175],"timestamp":310380822},
{"hands":[],"id":26465,"pointables":[],"r":[[0.293907,-0.043248,-0.954855],[0.345062,0.936409,0.0637986],[0.891376,-0.348235,0.290141]],"s":3.1643,"t":[-159.905,-660.363,75.0175],"timestamp":310389293},
{"hands":[],"id":26466,"pointables":[],"r":[[0.293907,-0.043248,-0.954855],[0.345062,0.936409,0.0637986],[0.891376,-0.348235,0.290141]],"s":3.1643,"t":[-159.905,-660.363,75.0175],"timestamp":310398100},
{"hands":[],"id":26467,"pointables":[],"r":[[0.293907,-0.043248,-0.954855],[0.345062,0.936409,0.0637986],[0.891376,-0.348235,0.290141]],"s":3.1643,"t":[-159.905,-660.363,75.0175],"timestamp":310406734},
{"hands":[],"id":26468,"pointables":[],"r":[[0.293907,-0.043248,-0.954855],[0.345062,0.936409,0.0637986],[0.891376,-0.348235,0.290141]],"s":3.1643,"t":[-159.905,-660.363,75.0175],"timestamp":310415448},
{"hands":[],"id":26469,"pointables":[],"r":[[0.293907,-0.043248,-0.954855],[0.345062,0.936409,0.0637986],[0.891376,-0.348235,0.290141]],"s":3.1643,"t":[-159.905,-660.363,75.0175],"timestamp":310424188},
{"hands":[],"id":26470,"pointables":[],"r":[[0.293907,-0.043248,-0.954855],[0.345062,0.936409,0.0637986],[0.891376,-0.348235,0.290141]],"s":3.1643,"t":[-159.905,-660.363,75.0175],"timestamp":310432740},
{"hands":[],"id":26471,"pointables":[],"r":[[0.293907,-0.043248,-0.954855],[0.345062,0.936409,0.0637986],[0.891376,-0.348235,0.290141]],"s":3.1643,"t":[-159.905,-660.363,75.0175],"timestamp":310441324},
{"hands":[],"id":26472,"pointables":[],"r":[[0.293907,-0.043248,-0.954855],[0.345062,0.936409,0.0637986],[0.891376,-0.348235,0.290141]],"s":3.1643,"t":[-159.905,-660.363,75.0175],"timestamp":310450128},
{"hands":[],"id":26473,"pointables":[],"r":[[0.293907,-0.043248,-0.954855],[0.345062,0.936409,0.0637986],[0.891376,-0.348235,0.290141]],"s":3.1643,"t":[-159.905,-660.363,75.0175],"timestamp":310458847},
{"hands":[],"id":26474,"pointables":[],"r":[[0.293907,-0.043248,-0.954855],[0.345062,0.936409,0.0637986],[0.891376,-0.348235,0.290141]],"s":3.1643,"t":[-159.905,-660.363,75.0175],"timestamp":310467484},
{"hands":[],"id":26475,"pointables":[],"r":[[0.293907,-0.043248,-0.954855],[0.345062,0.936409,0.0637986],[0.891376,-0.348235,0.290141]],"s":3.1643,"t":[-159.905,-660.363,75.0175],"timestamp":310476094},
{"hands":[],"id":26476,"pointables":[],"r":[[0.293907,-0.043248,-0.954855],[0.345062,0.936409,0.0637986],[0.891376,-0.348235,0.290141]],"s":3.1643,"t":[-159.905,-660.363,75.0175],"timestamp":310484733},
{"hands":[],"id":26477,"pointables":[],"r":[[0.293907,-0.043248,-0.954855],[0.345062,0.936409,0.0637986],[0.891376,-0.348235,0.290141]],"s":3.1643,"t":[-159.905,-660.363,75.0175],"timestamp":310493417},
{"hands":[],"id":26478,"pointables":[],"r":[[0.293907,-0.043248,-0.954855],[0.345062,0.936409,0.0637986],[0.891376,-0.348235,0.290141]],"s":3.1643,"t":[-159.905,-660.363,75.0175],"timestamp":310502186},
{"hands":[],"id":26479,"pointables":[],"r":[[0.293907,-0.043248,-0.954855],[0.345062,0.936409,0.0637986],[0.891376,-0.348235,0.290141]],"s":3.1643,"t":[-159.905,-660.363,75.0175],"timestamp":310510839},
{"hands":[],"id":26480,"pointables":[],"r":[[0.293907,-0.043248,-0.954855],[0.345062,0.936409,0.0637986],[0.891376,-0.348235,0.290141]],"s":3.1643,"t":[-159.905,-660.363,75.0175],"timestamp":310519419},
{"hands":[],"id":26481,"pointables":[],"r":[[0.293907,-0.043248,-0.954855],[0.345062,0.936409,0.0637986],[0.891376,-0.348235,0.290141]],"s":3.1643,"t":[-159.905,-660.363,75.0175],"timestamp":310528022},
{"hands":[],"id":26482,"pointables":[],"r":[[0.293907,-0.043248,-0.954855],[0.345062,0.936409,0.0637986],[0.891376,-0.348235,0.290141]],"s":3.1643,"t":[-159.905,-660.363,75.0175],"timestamp":310536780},
{"hands":[],"id":26483,"pointables":[],"r":[[0.293907,-0.043248,-0.954855],[0.345062,0.936409,0.0637986],[0.891376,-0.348235,0.290141]],"s":3.1643,"t":[-159.905,-660.363,75.0175],"timestamp":310545429},
{"hands":[],"id":26484,"pointables":[],"r":[[0.293907,-0.043248,-0.954855],[0.345062,0.936409,0.0637986],[0.891376,-0.348235,0.290141]],"s":3.1643,"t":[-159.905,-660.363,75.0175],"timestamp":310554164},
{"hands":[],"id":26485,"pointables":[],"r":[[0.293907,-0.043248,-0.954855],[0.345062,0.936409,0.0637986],[0.891376,-0.348235,0.290141]],"s":3.1643,"t":[-159.905,-660.363,75.0175],"timestamp":310563014},
{"hands":[],"id":26486,"pointables":[],"r":[[0.293907,-0.043248,-0.954855],[0.345062,0.936409,0.0637986],[0.891376,-0.348235,0.290141]],"s":3.1643,"t":[-159.905,-660.363,75.0175],"timestamp":310571747},
{"hands":[],"id":26487,"pointables":[],"r":[[0.293907,-0.043248,-0.954855],[0.345062,0.936409,0.0637986],[0.891376,-0.348235,0.290141]],"s":3.1643,"t":[-159.905,-660.363,75.0175],"timestamp":310580363},
{"hands":[],"id":26488,"pointables":[],"r":[[0.293907,-0.043248,-0.954855],[0.345062,0.936409,0.0637986],[0.891376,-0.348235,0.290141]],"s":3.1643,"t":[-159.905,-660.363,75.0175],"timestamp":310588937},
{"hands":[],"id":26489,"pointables":[],"r":[[0.293907,-0.043248,-0.954855],[0.345062,0.936409,0.0637986],[0.891376,-0.348235,0.290141]],"s":3.1643,"t":[-159.905,-660.363,75.0175],"timestamp":310597463},
{"hands":[],"id":26490,"pointables":[],"r":[[0.293907,-0.043248,-0.954855],[0.345062,0.936409,0.0637986],[0.891376,-0.348235,0.290141]],"s":3.1643,"t":[-159.905,-660.363,75.0175],"timestamp":310606218},
{"hands":[],"id":26491,"pointables":[],"r":[[0.293907,-0.043248,-0.954855],[0.345062,0.936409,0.0637986],[0.891376,-0.348235,0.290141]],"s":3.1643,"t":[-159.905,-660.363,75.0175],"timestamp":310614993},
{"hands":[],"id":26492,"pointables":[],"r":[[0.293907,-0.043248,-0.954855],[0.345062,0.936409,0.0637986],[0.891376,-0.348235,0.290141]],"s":3.1643,"t":[-159.905,-660.363,75.0175],"timestamp":310623929},
{"hands":[],"id":26493,"pointables":[],"r":[[0.293907,-0.043248,-0.954855],[0.345062,0.936409,0.0637986],[0.891376,-0.348235,0.290141]],"s":3.1643,"t":[-159.905,-660.363,75.0175],"timestamp":310632389},
{"hands":[],"id":26494,"pointables":[],"r":[[0.293907,-0.043248,-0.954855],[0.345062,0.936409,0.0637986],[0.891376,-0.348235,0.290141]],"s":3.1643,"t":[-159.905,-660.363,75.0175],"timestamp":310641100},
{"hands":[],"id":26495,"pointables":[],"r":[[0.293907,-0.043248,-0.954855],[0.345062,0.936409,0.0637986],[0.891376,-0.348235,0.290141]],"s":3.1643,"t":[-159.905,-660.363,75.0175],"timestamp":310649782},
{"hands":[],"id":26496,"pointables":[],"r":[[0.293907,-0.043248,-0.954855],[0.345062,0.936409,0.0637986],[0.891376,-0.348235,0.290141]],"s":3.1643,"t":[-159.905,-660.363,75.0175],"timestamp":310658242},
{"hands":[],"id":26497,"pointables":[],"r":[[0.293907,-0.043248,-0.954855],[0.345062,0.936409,0.0637986],[0.891376,-0.348235,0.290141]],"s":3.1643,"t":[-159.905,-660.363,75.0175],"timestamp":310666957},
{"hands":[],"id":26498,"pointables":[{"direction":[0.560662,0.166301,0.811173],"handId":5,"id":7,"length":30.2919,"tipPosition":[139.489,107.848,-14.9261],"tipVelocity":[409.242,339.689,551.616],"tool":false}],"r":[[0.293907,-0.043248,-0.954855],[0.345062,0.936409,0.0637986],[0.891376,-0.348235,0.290141]],"s":3.1643,"t":[-158.077,-658.845,77.4827],"timestamp":310675895},
{"hands":[],"id":26499,"pointables":[{"direction":[0.552925,0.127871,0.82336],"handId":5,"id":7,"length":31.2068,"tipPosition":[141.337,110.761,-10.8607],"tipVelocity":[217.939,343.567,479.465],"tool":false}],"r":[[0.293907,-0.043248,-0.954855],[0.345062,0.936409,0.0637986],[0.891376,-0.348235,0.290141]],"s":3.1643,"t":[-156.238,-656.63,80.748],"timestamp":310684374},
{"hands":[],"id":26500,"pointables":[{"direction":[0.550361,0.0984492,0.829102],"handId":5,"id":7,"length":32.0791,"tipPosition":[142.766,113.886,-6.92144],"tipVelocity":[165.871,362.748,457.258],"tool":false}],"r":[[0.293907,-0.043248,-0.954855],[0.345062,0.936409,0.0637986],[0.891376,-0.348235,0.290141]],"s":3.1643,"t":[-154.604,-653.959,84.3503],"timestamp":310692989},
{"hands":[],"id":26501,"pointables":[],"r":[[0.293907,-0.043248,-0.954855],[0.345062,0.936409,0.0637986],[0.891376,-0.348235,0.290141]],"s":3.1643,"t":[-153.297,-651.823,87.2321],"timestamp":310701767},
{"hands":[],"id":26502,"pointables":[{"direction":[0.0126862,0.215876,-0.976338],"handId":5,"id":8,"length":25.8346,"tipPosition":[77.0399,140.342,14.0697],"tipVelocity":[-1424.28,526.908,2063.72],"tool":false}],"r":[[0.293907,-0.043248,-0.954855],[0.345062,0.936409,0.0637986],[0.891376,-0.348235,0.290141]],"s":3.1643,"t":[-158.664,-648.528,97.3963],"timestamp":310710221},
{"hands":[],"id":26503,"pointables":[{"direction":[-0.0487447,0.164898,-0.985105],"handId":5,"id":9,"length":29.233,"tipPosition":[118.896,135.821,-7.06398],"tipVelocity":[201.663,377.976,-31.4111],"tool":false},{"direction":[-0.0924714,0.367865,-0.92527],"handId":5,"id":8,"length":23.2868,"tipPosition":[68.7356,146.518,30.5452],"tipVelocity":[-944.316,702.4,1873.49],"tool":false}],"r":[[0.314731,-0.0494983,-0.94789],[0.341077,0.937835,0.0642757],[0.885783,-0.343533,0.312048]],"s":3.26769,"t":[-162.981,-644.505,106.528],"timestamp":310719015},
{"hands":[],"id":26504,"pointables":[{"direction":[-0.188552,0.0691128,-0.979628],"handId":5,"id":9,"length":27.1511,"tipPosition":[120.078,139.567,-6.10395],"tipVelocity":[136.575,432.637,110.884],"tool":false},{"direction":[-0.187522,0.363855,-0.912384],"handId":5,"id":8,"length":21.3744,"tipPosition":[64.5851,152.218,41.2822],"tipVelocity":[-479.372,658.302,1240.13],"tool":false}],"r":[[0.341092,-0.0565971,-0.938325],[0.336372,0.939441,0.0656107],[0.877787,-0.338005,0.339474]],"s":3.38402,"t":[-165.881,-640.132,114.019],"timestamp":310727673},
{"hands":[],"id":26505,"pointables":[{"direction":[-0.341034,-0.0296666,-0.939583],"handId":5,"id":9,"length":25.4715,"tipPosition":[120.861,143.829,-4.14142],"tipVelocity":[90.0123,490.275,225.76],"tool":false},{"direction":[-0.234619,0.403657,-0.884316],"handId":5,"id":8,"length":19.9132,"tipPosition":[62.7625,157.7,48.1364],"tipVelocity":[-209.668,630.584,788.471],"tool":false}],"r":[[0.366452,-0.0626842,-0.928323],[0.332069,0.940833,0.0675541],[0.869162,-0.333023,0.365586]],"s":3.48572,"t":[-167.591,-635.51,119.968],"timestamp":310736366},
{"hands":[],"id":26506,"pointables":[{"direction":[-0.313008,-0.000640548,-0.94975],"handId":5,"id":9,"length":24.0308,"tipPosition":[121.586,148.981,-1.16672],"tipVelocity":[83.6008,593.666,342.746],"tool":false},{"direction":[-0.298381,0.270212,-0.915398],"handId":5,"id":8,"length":18.8891,"tipPosition":[62.0219,162.95,53.734],"tipVelocity":[-85.3338,604.891,644.955],"tool":false}],"r":[[0.38834,-0.0685819,-0.918961],[0.327947,0.942226,0.0682675],[0.861187,-0.327881,0.388395]],"s":3.5675,"t":[-168.45,-630.598,125.086],"timestamp":310745045},
{"hands":[],"id":26507,"pointables":[{"direction":[-0.341578,-0.00841177,-0.939816],"handId":5,"id":9,"length":22.7781,"tipPosition":[122.441,155.45,2.59518],"tipVelocity":[99.1202,750.393,436.365],"tool":false},{"direction":[-0.324244,0.30767,-0.894542],"handId":5,"id":8,"length":17.9852,"tipPosition":[61.7302,168.302,58.6407],"tipVelocity":[-33.8389,620.903,569.165],"tool":false}],"r":[[0.405061,-0.0754583,-0.91117],[0.323689,0.943878,0.0657289],[0.855074,-0.32156,0.406753]],"s":3.63014,"t":[-168.738,-625.187,129.812],"timestamp":310753666},
{"hands":[],"id":26508,"pointables":[{"direction":[-0.296344,0.073792,-0.952226],"handId":5,"id":9,"length":21.7948,"tipPosition":[122.979,162.754,7.10498],"tipVelocity":[62.2206,844.305,521.364],"tool":false},{"direction":[-0.349841,0.366727,-0.862045],"handId":5,"id":8,"length":17.2016,"tipPosition":[61.7468,173.879,63.3134],"tipVelocity":[1.92305,644.704,540.191],"tool":false}],"r":[[0.416866,-0.0836743,-0.905108],[0.319234,0.9458,0.0595934],[0.851065,-0.313784,0.420984]],"s":3.6752,"t":[-168.744,-619.261,134.47],"timestamp":310762316},
{"hands":[],"id":26509,"pointables":[{"direction":[-0.413172,-0.0359275,-0.909944],"handId":5,"id":9,"length":20.888,"tipPosition":[123.129,170.554,12.2987],"tipVelocity":[17.1385,890.994,593.228],"tool":false},{"direction":[-0.367156,0.395909,-0.841696],"handId":5,"id":8,"length":16.54,"tipPosition":[61.8783,179.504,67.57],"tipVelocity":[15.0242,642.452,486.189],"tool":false}],"r":[[0.423613,-0.0933012,-0.901026],[0.3146,0.94792,0.0497506],[0.849458,-0.304538,0.430903]],"s":3.70403,"t":[-168.676,-612.942,139.162],"timestamp":310771071},
{"hands":[],"id":26510,"pointables":[],"r":[[0.429016,-0.100945,-0.897639],[0.310931,0.949512,0.0418274],[0.848096,-0.297048,0.438743]],"s":3.72429,"t":[-168.622,-607.887,142.916],"timestamp":310779613},
{"hands":[],"id":26511,"pointables":[],"r":[[0.433342,-0.107022,-0.894852],[0.30802,0.950719,0.0354584],[0.846958,-0.290998,0.444952]],"s":3.73852,"t":[-168.579,-603.842,145.918],"timestamp":310788233},
{"hands":[],"id":26512,"pointables":[{"direction":[-0.380034,0.146044,-0.91337],"handId":11,"id":8,"length":16.9894,"tipPosition":[74.0332,192.433,70.0483],"tipVelocity":[468.882,498.77,95.6047],"tool":false}],"r":[[0.436805,-0.11186,-0.892574],[0.305708,0.951642,0.0303442],[0.846016,-0.286121,0.449879]],"s":3.7485,"t":[-162.48,-595.355,148.659],"timestamp":310796994},
{"hands":[],"id":26513,"pointables":[],"r":[[0.439577,-0.115713,-0.89072],[0.303868,0.952353,0.0262409],[0.845243,-0.282196,0.453794]],"s":3.75549,"t":[-157.601,-588.566,150.851],"timestamp":310805743},
{"hands":[],"id":26514,"pointables":[{"direction":[-0.481067,-0.191236,-0.855572],"handId":11,"id":8,"length":18.972,"tipPosition":[78.8119,205.753,65.7994],"tipVelocity":[272.887,760.599,-242.63],"tool":false}],"r":[[0.441795,-0.118786,-0.889217],[0.302402,0.952904,0.0229507],[0.844612,-0.279041,0.456909]],"s":3.76039,"t":[-152.772,-578.511,149.823],"timestamp":310814506},
{"hands":[],"id":26515,"pointables":[{"direction":[-0.499821,-0.40781,-0.764114],"handId":11,"id":8,"length":21.9133,"tipPosition":[81.3738,215.294,65.8962],"tipVelocity":[301.222,1121.85,11.3886],"tool":false}],"r":[[0.44357,-0.121237,-0.888002],[0.301234,0.953334,0.0203139],[0.844099,-0.276507,0.459391]],"s":3.76383,"t":[-149.076,-568.713,149.358],"timestamp":310823011},
{"hands":[],"id":26516,"pointables":[{"direction":[-0.492438,-0.504818,-0.708988],"handId":11,"id":8,"length":24.7765,"tipPosition":[83.5074,224.232,69.5417],"tipVelocity":[243.501,1020.01,416.051],"tool":false}],"r":[[0.44499,-0.123194,-0.887022],[0.300303,0.95367,0.0182014],[0.843684,-0.274474,0.461369]],"s":3.76623,"t":[-146.162,-559.346,150.947],"timestamp":310831773},
{"hands":[],"id":26517,"pointables":[],"r":[[0.446126,-0.124757,-0.886232],[0.299559,0.953935,0.0165095],[0.843348,-0.272844,0.462947]],"s":3.76792,"t":[-143.83,-551.851,152.219],"timestamp":310840437},
{"hands":[],"id":26518,"pointables":[],"r":[[0.447035,-0.126005,-0.885597],[0.298965,0.954144,0.0151548],[0.843078,-0.271538,0.464206]],"s":3.7691,"t":[-141.965,-545.856,153.237],"timestamp":310849263},
{"hands":[{"direction":[-0.305991,0.226972,-0.619138],"id":11,"palmNormal":[-0.38385,-0.591351,0.000783816],"palmPosition":[115.523,251.361,92.2099],"palmVelocity":[132.587,3025.54,429.535],"r":[[1,0,0],[0,1,0],[0,0,1]],"s":1,"sphereCenter":[106.204,232.548,116.952],"sphereRadius":67.3685,"t":[0,0,0]}],"id":26519,"pointables":[],"r":[[0.447762,-0.127002,-0.885087],[0.298491,0.954309,0.0140702],[0.84286,-0.270491,0.465212]],"s":3.76992,"t":[-140.241,-535.773,154.801],"timestamp":310858001},
{"hands":[{"direction":[-0.110589,0.487678,-0.724325],"id":5,"palmNormal":[-0.0631773,-0.672646,-0.304135],"palmPosition":[115.226,208.219,130.303],"palmVelocity":[21.6266,-38.0096,426.243],"r":[[1,0,0],[0,1,0],[0,0,1]],"s":1,"sphereCenter":[13.779,205.078,113.782],"sphereRadius":56.0187,"t":[0,0,0]},{"direction":[-0.317424,0.173097,-0.668361],"id":11,"palmNormal":[-0.456584,-0.593442,0.0796605],"palmPosition":[117.125,257.57,88.615],"palmVelocity":[189.462,734.36,-425.186],"r":[[1,0,0],[0,1,0],[0,0,1]],"s":1,"sphereCenter":[107.361,236.713,112.537],"sphereRadius":59.001,"t":[0.32038,1.2418,-0.718989]}],"id":26520,"pointables":[],"r":[[0.447315,-0.124576,-0.885658],[0.300218,0.95371,0.0174817],[0.842484,-0.27371,0.464008]],"s":3.81917,"t":[-138.683,-527.117,156.054],"timestamp":310866456},
{"hands":[{"direction":[-0.129082,0.520559,-0.71516],"id":5,"palmNormal":[-0.160101,-0.671086,-0.349902],"palmPosition":[113.656,213.631,131.255],"palmVelocity":[-179.301,618.162,108.746],"r":[[1,0,0],[0,1,0],[0,0,1]],"s":1,"sphereCenter":[33.0963,208.781,117.926],"sphereRadius":56.7223,"t":[-0.313955,1.0824,0.190414]}],"id":26521,"pointables":[],"r":[[0.446959,-0.122632,-0.886109],[0.301599,0.953221,0.0202088],[0.842179,-0.276282,0.463037]],"s":3.85389,"t":[-137.751,-519.11,157.247],"timestamp":310875211},
{"hands":[{"direction":[-0.137797,0.544707,-0.713574],"id":5,"palmNormal":[-0.247491,-0.668068,-0.377712],"palmPosition":[111.278,221.935,131.665],"palmVelocity":[-274.273,957.795,47.3544],"r":[[1,0,0],[0,1,0],[0,0,1]],"s":1,"sphereCenter":[49.5663,215.313,122.251],"sphereRadius":57.842,"t":[-1.04071,3.60914,0.424858]}],"id":26522,"pointables":[],"r":[[0.446677,-0.121076,-0.886465],[0.302704,0.952821,0.0223891],[0.841932,-0.278338,0.462253]],"s":3.87833,"t":[-137.481,-511.044,158.283],"timestamp":310883881},
{"hands":[{"direction":[-0.079635,0.52532,-0.73801],"id":5,"palmNormal":[0.0116379,-0.603636,-0.276272],"palmPosition":[-167.023,242.491,132.257],"palmVelocity":[-32151.2,2374.82,68.3529],"r":[[1,0,0],[0,1,0],[0,0,1]],"s":1,"sphereCenter":[0.482373,225.27,124.58],"sphereRadius":58.8087,"t":[-57.2822,9.74182,0.730746]},{"direction":[-0.274193,0.276429,-0.652313],"id":11,"palmNormal":[-0.469508,-0.574423,-0.0880576],"palmPosition":[114.29,247.251,107.726],"palmVelocity":[-108.692,-395.67,732.747],"r":[[1,0,0],[0,1,0],[0,0,1]],"s":1,"sphereCenter":[108.68,238.849,116.911],"sphereRadius":58.518,"t":[0,0,0]}],"id":26523,"pointables":[],"r":[[0.429241,-0.0865814,-0.899031],[0.292817,0.954971,0.0478362],[0.854407,-0.283784,0.435265]],"s":4.65025,"t":[-165.379,-503.567,161.082],"timestamp":310892537},
{"hands":[{"direction":[0.0172682,0.502243,-0.739655],"id":5,"palmNormal":[0.200861,-0.550212,-0.115787],"palmPosition":[-176.479,256.594,135.299],"palmVelocity":[-1120.97,1671.72,360.621],"r":[[1,0,0],[0,1,0],[0,0,1]],"s":1,"sphereCenter":[-42.383,234.787,130.783],"sphereRadius":62.3377,"t":[-104.167,17.4685,1.5839]},{"direction":[-0.262142,0.375089,-0.608968],"id":11,"palmNormal":[-0.484883,-0.54096,-0.227385],"palmPosition":[112.246,245.606,119.771],"palmVelocity":[-242.255,-194.905,1427.8],"r":[[1,0,0],[0,1,0],[0,0,1]],"s":1,"sphereCenter":[110.044,241.992,122.214],"sphereRadius":58.1736,"t":[-0.408732,-0.328845,2.40898]}],"id":26524,"pointables":[],"r":[[0.412243,-0.0467842,-0.909872],[0.281508,0.956353,0.0783709],[0.866492,-0.288444,0.40742]],"s":5.25021,"t":[-188.847,-496.339,164.83],"timestamp":310900973},
{"hands":[{"direction":[0.0125692,0.490945,-0.765336],"id":5,"palmNormal":[0.387579,-0.455491,-0.108812],"palmPosition":[-177.059,264.69,137.098],"palmVelocity":[-65.792,919.207,204.239],"r":[[1,0,0],[0,1,0],[0,0,1]],"s":1,"sphereCenter":[-81.156,246.128,133.319],"sphereRadius":67.3827,"t":[-141.79,25.2691,2.6262]},{"direction":[-0.225282,0.45072,-0.593001],"id":11,"palmNormal":[-0.491655,-0.520007,-0.337236],"palmPosition":[109.869,246.322,126.172],"palmVelocity":[-269.856,81.2591,726.806],"r":[[1,0,0],[0,1,0],[0,0,1]],"s":1,"sphereCenter":[109.132,243.415,123.269],"sphereRadius":57.6827,"t":[-1.2111,-0.448774,5.61651]}],"id":26525,"pointables":[],"r":[[0.396771,-0.00895305,-0.917874],[0.271127,0.95648,0.107871],[0.876962,-0.291661,0.381931]],"s":5.70367,"t":[-207.917,-489.676,168.648],"timestamp":310909781},
{"hands":[{"direction":[0.0400219,0.529264,-0.685952],"id":1,"palmNormal":[0.523556,-0.4941,-0.0219752],"palmPosition":[97.7135,224.098,160.188],"palmVelocity":[9985.09,-1112.97,323.274],"r":[[1,0,0],[0,1,0],[0,0,1]],"s":1,"sphereCenter":[-105.542,239.852,136.895],"sphereRadius":63.7298,"t":[0,0,0]},{"direction":[0.111378,0.463104,-0.755698],"id":5,"palmNormal":[0.466535,-0.483943,0.0104195],"palmPosition":[-182.157,233.47,156.801],"palmVelocity":[-583.455,-3572.55,2254.55],"r":[[1,0,0],[0,1,0],[0,0,1]],"s":1,"sphereCenter":[-106.016,239.901,145.873],"sphereRadius":66.6668,"t":[-172.909,25.2655,7.40054]},{"direction":[-0.233432,0.314157,-0.63504],"id":11,"palmNormal":[-0.421463,-0.59602,-0.154083],"palmPosition":[109.18,273.86,110.071],"palmVelocity":[-78.8361,3151.16,-1842.43],"r":[[1,0,0],[0,1,0],[0,0,1]],"s":1,"sphereCenter":[108.526,251.943,120.063],"sphereRadius":50.3569,"t":[-1.99078,4.96288,4.96233]}],"id":26526,"pointables":[],"r":[[0.403213,-0.0234046,-0.914807],[0.273004,0.957227,0.09584],[0.873435,-0.288389,0.392356]],"s":6.05269,"t":[-223.31,-490.13,173.383],"timestamp":310918520},
{"hands":[{"direction":[-0.110176,0.487019,-0.619165],"id":1,"palmNormal":[0.330511,-0.576382,0.067593],"palmPosition":[133.6,207.18,167.971],"palmVelocity":[4158.81,-1960.5,902.013],"r":[[1,0,0],[0,1,0],[0,0,1]],"s":1,"sphereCenter":[-55.0037,240.798,139.081],"sphereRadius":65.2539,"t":[7.17728,-3.38343,1.55669]},{"direction":[0.147964,0.510482,-0.723379],"id":5,"palmNormal":[0.579357,-0.444148,0.0417027],"palmPosition":[-176.984,240.833,156.373],"palmVelocity":[599.524,853.254,-49.5146],"r":[[1,0,0],[0,1,0],[0,0,1]],"s":1,"sphereCenter":[-127.048,245.157,143.911],"sphereRadius":67.5616,"t":[-196.769,26.7351,11.1346]},{"direction":[-0.210959,0.399842,-0.612814],"id":11,"palmNormal":[-0.428888,-0.568907,-0.287902],"palmPosition":[106.978,260.366,126.787],"palmVelocity":[-255.178,-1563.78,1937.11],"r":[[1,0,0],[0,1,0],[0,0,1]],"s":1,"sphereCenter":[105.466,248.98,120.981],"sphereRadius":51.6785,"t":[-3.05491,6.59343,7.78204]}],"id":26527,"pointables":[],"r":[[0.406799,-0.0224781,-0.913241],[0.269578,0.958131,0.0964991],[0.872836,-0.285445,0.395826]],"s":6.31687,"t":[-234.591,-493.191,178.728],"timestamp":310927149},
{"hands":[{"direction":[-0.175145,0.437067,-0.653099],"id":1,"palmNormal":[0.360778,-0.621229,-0.0518276],"palmPosition":[82.8847,281.266,152.463],"palmVelocity":[-1936.43,2828.76,-592.128],"r":[[1,0,0],[0,1,0],[0,0,1]],"s":1,"sphereCenter":[-29.8454,255.922,138.804],"sphereRadius":58.029,"t":[2.77607,8.72689,-0.299517]},{"direction":[0.071869,0.512635,-0.73379],"id":5,"palmNormal":[0.66785,-0.311396,-0.0467468],"palmPosition":[-170.906,262.186,151.659],"palmVelocity":[232.078,815.318,-179.999],"r":[[1,0,0],[0,1,0],[0,0,1]],"s":1,"sphereCenter":[-151.211,253.827,145.228],"sphereRadius":74.1149,"t":[-214.642,32.1815,13.1789]},{"direction":[-0.253208,0.424609,-0.623405],"id":11,"palmNormal":[-0.530525,-0.471191,-0.107452],"palmPosition":[112.809,291.169,124.422],"palmVelocity":[222.646,1176.13,-90.2713],"r":[[1,0,0],[0,1,0],[0,0,1]],"s":1,"sphereCenter":[107.192,260.629,123.513],"sphereRadius":47.0151,"t":[-2.73999,14.0584,9.56498]}],"id":26530,"pointables":[],"r":[[0.404409,-0.0417539,-0.913625],[0.276583,0.957766,0.0786561],[0.871754,-0.284502,0.398878]],"s":6.48099,"t":[-242.449,-489.48,182.06],"timestamp":310953339},
{"hands":[{"direction":[-0.177932,0.522595,-0.55986],"id":1,"palmNormal":[0.181233,-0.507814,-0.251384],"palmPosition":[95.1096,281.457,147.355],"palmVelocity":[1470.04,22.9453,-614.247],"r":[[1,0,0],[0,1,0],[0,0,1]],"s":1,"sphereCenter":[-3.55602,262.039,140.508],"sphereRadius":56.7164,"t":[1.70008,18.4533,-2.8061]},{"direction":[0.0334965,0.497931,-0.759536],"id":5,"palmNormal":[0.746879,-0.224618,-0.0755134],"palmPosition":[-171.004,278.972,144.872],"palmVelocity":[-11.8341,2018.58,-816.139],"r":[[1,0,0],[0,1,0],[0,0,1]],"s":1,"sphereCenter":[-159.942,259.793,147.974],"sphereRadius":72.5593,"t":[-228.959,39.8959,13.457]}],"id":26531,"pointables":[],"r":[[0.405071,-0.0448306,-0.913185],[0.277043,0.957858,0.0758674],[0.8713,-0.283724,0.400421]],"s":6.61062,"t":[-247.523,-484.813,183.537],"timestamp":310961655},
{"hands":[],"id":26532,"pointables":[],"r":[[0.405601,-0.0472883,-0.912826],[0.277414,0.957924,0.0736405],[0.870936,-0.2831,0.401654]],"s":6.70309,"t":[-251.582,-481.079,184.718],"timestamp":310970352},
{"hands":[{"direction":[-0.2352,0.464451,-0.603725],"id":1,"palmNormal":[-0.0688312,-0.449116,-0.0710285],"palmPosition":[104.404,322.34,140.283],"palmVelocity":[533.582,2347.08,-405.992],"r":[[1,0,0],[0,1,0],[0,0,1]],"s":1,"sphereCenter":[10.4647,275.164,144.225],"sphereRadius":56.4124,"t":[0,0,0]},{"direction":[0.0954992,0.542462,-0.71481],"id":5,"palmNormal":[0.786891,-0.264559,-0.0172376],"palmPosition":[-162.624,279.083,140.146],"palmVelocity":[481.127,6.36949,-271.309],"r":[[1,0,0],[0,1,0],[0,0,1]],"s":1,"sphereCenter":[-151.38,261.293,151.062],"sphereRadius":73.7802,"t":[0,0,0]},{"direction":[-0.269706,0.4694,-0.62229],"id":11,"palmNormal":[-0.625691,-0.394196,0.00513925],"palmPosition":[115.525,310.88,124.383],"palmVelocity":[105.537,765.918,-1.54187],"r":[[1,0,0],[0,1,0],[0,0,1]],"s":1,"sphereCenter":[105.224,272.55,127.035],"sphereRadius":45.1235,"t":[0,0,0]}],"id":26533,"pointables":[{"direction":[-0.350491,-0.503635,-0.789625],"handId":3,"id":8,"length":49.4733,"tipPosition":[58.2499,306.776,120.806],"tipVelocity":[-504.062,628.295,450.604],"tool":false}],"r":[[0.399634,-0.0696214,-0.914027],[0.286563,0.956626,0.0524256],[0.870732,-0.282877,0.402251]],"s":6.76841,"t":[-255.809,-476.472,187.274],"timestamp":310979074},
{"hands":[{"direction":[-0.213309,0.533398,-0.577207],"id":1,"palmNormal":[-0.155112,-0.446099,-0.245049],"palmPosition":[92.5094,289.153,144.048],"palmVelocity":[-1363.44,-3804.11,431.529],"r":[[1,0,0],[0,1,0],[0,0,1]],"s":1,"sphereCenter":[27.1637,275.685,142.633],"sphereRadius":57.259,"t":[-2.37893,-6.63742,0.752931]},{"direction":[0.119165,0.610981,-0.577613],"id":5,"palmNormal":[0.820331,-0.245425,-0.0956066],"palmPosition":[-182.56,241.046,165.157],"palmVelocity":[-2285.24,-4360.02,2866.93],"r":[[1,0,0],[0,1,0],[0,0,1]],"s":1,"sphereCenter":[-159.485,252.349,160.325],"sphereRadius":69.4911,"t":[-3.98728,-7.60736,5.00222]},{"direction":[-0.232063,0.506846,-0.637142],"id":11,"palmNormal":[-0.237573,-0.346539,-0.0573024],"palmPosition":[-132.62,292.808,137.631],"palmVelocity":[-28444,-2071.53,1518.6],"r":[[1,0,0],[0,1,0],[0,0,1]],"s":1,"sphereCenter":[53.3458,272.205,131.6],"sphereRadius":48.552,"t":[-49.6291,-3.61441,2.64966]}],"id":26534,"pointables":[],"r":[[0.410803,-0.10961,-0.905111],[0.301144,0.953342,0.0212294],[0.860554,-0.28129,0.424644]],"s":6.79594,"t":[-263.179,-479.424,191.968],"timestamp":310987798},
{"hands":[{"direction":[-0.189126,0.604713,-0.517025],"id":1,"palmNormal":[-0.221355,-0.389365,-0.396858],"palmPosition":[91.8944,285.435,147.753],"palmVelocity":[-71.2679,-430.915,429.349],"r":[[1,0,0],[0,1,0],[0,0,1]],"s":1,"sphereCenter":[41.2405,279.29,144.543],"sphereRadius":57.533,"t":[-4.40507,-12.691,2.09625]},{"direction":[0.0955223,0.672325,-0.458104],"id":5,"palmNormal":[0.846428,-0.165364,-0.161653],"palmPosition":[-180.808,228.263,178.678],"palmVelocity":[203.009,-1481.46,1566.86],"r":[[1,0,0],[0,1,0],[0,0,1]],"s":1,"sphereCenter":[-175.158,255.312,159.467],"sphereRadius":75.942,"t":[-6.82675,-16.2499,11.7081]},{"direction":[-0.218574,0.54409,-0.641754],"id":11,"palmNormal":[0.0645296,-0.279309,-0.120598],"palmPosition":[-162.484,307.566,139.904],"palmVelocity":[-3460.86,1710.23,263.414],"r":[[1,0,0],[0,1,0],[0,0,1]],"s":1,"sphereCenter":[0.409832,283.964,137.548],"sphereRadius":51.8434,"t":[-95.3051,-3.55442,5.22398]}],"id":26535,"pointables":[],"r":[[0.423119,-0.144919,-0.89441],[0.314018,0.949402,-0.00527649],[0.849919,-0.278628,0.447218]],"s":6.83932,"t":[-269.198,-482.53,196.465],"timestamp":310996427},
{"hands":[{"direction":[-0.175175,0.663619,-0.468475],"id":1,"palmNormal":[-0.265382,-0.353084,-0.51334],"palmPosition":[90.4077,286.502,149.775],"palmVelocity":[-169.91,121.928,231.1],"r":[[1,0,0],[0,1,0],[0,0,1]],"s":1,"sphereCenter":[51.8845,282.696,145.327],"sphereRadius":57.6578,"t":[-6.32332,-17.3205,3.57532]},{"direction":[0.137648,0.715118,-0.385643],"id":5,"palmNormal":[0.867678,-0.211073,-0.106399],"palmPosition":[-181.055,223.963,185.626],"palmVelocity":[-28.1488,-491.467,794.128],"r":[[1,0,0],[0,1,0],[0,0,1]],"s":1,"sphereCenter":[-180.493,252.136,163.318],"sphereRadius":73.8133,"t":[-9.14759,-24.0241,18.4625]},{"direction":[-0.166943,0.561976,-0.659874],"id":11,"palmNormal":[0.145629,-0.389147,-0.234135],"palmPosition":[-148.304,293.022,129.903],"palmVelocity":[1620.56,-1662.15,-1143.01],"r":[[1,0,0],[0,1,0],[0,0,1]],"s":1,"sphereCenter":[-25.9591,283.158,138.454],"sphereRadius":54.2398,"t":[-129.01,-6.41518,5.28317]}],"id":26536,"pointables":[],"r":[[0.428358,-0.17723,-0.886058],[0.32935,0.943746,-0.0295471],[0.84145,-0.279166,0.462632]],"s":6.86228,"t":[-274.062,-485.874,200.466],"timestamp":311005177},
{"hands":[{"direction":[-0.166272,0.710565,-0.436214],"id":1,"palmNormal":[-0.30382,-0.338688,-0.595165],"palmPosition":[88.2847,284.182,151.42],"palmVelocity":[-246.025,-268.83,190.626],"r":[[1,0,0],[0,1,0],[0,0,1]],"s":1,"sphereCenter":[59.9193,285.38,145.963],"sphereRadius":58.1059,"t":[-8.28251,-21.4881,5.08757]},{"direction":[0.106224,0.759685,-0.300157],"id":5,"palmNormal":[0.847451,-0.128032,-0.22836],"palmPosition":[-182.308,222.746,188.913],"palmVelocity":[-145.237,-141.01,380.844],"r":[[1,0,0],[0,1,0],[0,0,1]],"s":1,"sphereCenter":[-182.469,248.986,166.623],"sphereRadius":70.8808,"t":[-11.2549,-30.4867,24.5233]},{"direction":[-0.0990739,0.585817,-0.660702],"id":11,"palmNormal":[0.335653,-0.395467,-0.202808],"palmPosition":[-156.465,290.307,139.199],"palmVelocity":[-945.798,-314.632,1077.31],"r":[[1,0,0],[0,1,0],[0,0,1]],"s":1,"sphereCenter":[-50.7973,281.21,142.457],"sphereRadius":55.8865,"t":[-157.606,-9.24679,7.18976]}],"id":26537,"pointables":[],"r":[[0.434992,-0.204363,-0.876937],[0.341675,0.938528,-0.0492333],[0.833091,-0.278211,0.478078]],"s":6.87934,"t":[-278.378,-489.013,204.325],"timestamp":311013806},
{"hands":[{"direction":[-0.238307,0.704791,-0.43197],"id":1,"palmNormal":[-0.198736,-0.358892,-0.667491],"palmPosition":[72.6563,296.469,148.741],"palmVelocity":[-1804.88,1418.96,-309.404],"r":[[1,0,0],[0,1,0],[0,0,1]],"s":1,"sphereCenter":[60.7639,287.692,144.722],"sphereRadius":59.3707,"t":[-33.1113,-20.5815,4.74549]},{"direction":[0.0436898,0.43386,-0.638087],"id":11,"palmNormal":[0.336564,-0.412328,0.0437661],"palmPosition":[-144.255,266.627,131.333],"palmVelocity":[1410.14,-2734.68,-908.421],"r":[[1,0,0],[0,1,0],[0,0,1]],"s":1,"sphereCenter":[-62.4841,283.059,117.622],"sphereRadius":69.3856,"t":[-165.799,-22.5024,4.21004]}],"id":26538,"pointables":[{"direction":[-0.51718,-0.381598,-0.766099],"handId":1,"id":8,"length":52.9542,"tipPosition":[10.5514,312.757,118.61],"tipVelocity":[-1099.27,137.836,-50.6187],"tool":false}],"r":[[0.422042,-0.258237,-0.869019],[0.369201,0.92444,-0.0954019],[0.827992,-0.280579,0.485494]],"s":6.86039,"t":[-304.385,-487.593,205.156],"timestamp":311022465},
{"hands":[{"direction":[-0.279131,0.707661,-0.44064],"id":1,"palmNormal":[-0.144108,-0.403441,-0.708578],"palmPosition":[75.5558,296.34,147.663],"palmVelocity":[337.828,-15.0508,-125.513],"r":[[0.999735,0.0226526,-0.00414434],[-0.0226626,0.99974,-0.00236868],[0.00408961,0.00246197,0.999989]],"s":1.15137,"sphereCenter":[62.5803,289.787,141.801],"sphereRadius":59.9877,"t":[-56.3246,-19.2424,3.87817]},{"direction":[0.17453,0.719301,-0.363343],"id":5,"palmNormal":[0.842487,-0.222456,-0.107745],"palmPosition":[-152.973,294.56,156.835],"palmVelocity":[1701.38,4165.07,-1860.43],"r":[[1,0,0],[0,1,0],[0,0,1]],"s":1,"sphereCenter":[-180.023,266.616,157.468],"sphereRadius":64.1609,"t":[0,0,0]},{"direction":[0.0672755,0.501955,-0.615836],"id":11,"palmNormal":[0.489353,-0.30801,0.119867],"palmPosition":[-167.604,303.509,137.732],"palmVelocity":[-2720.46,4297.12,745.587],"r":[[1,0,0],[0,1,0],[0,0,1]],"s":1,"sphereCenter":[-77.6854,290.092,128.137],"sphereRadius":65.1145,"t":[-181.57,-10.6891,5.91987]}],"id":26539,"pointables":[{"direction":[-0.56132,-0.318104,-0.764022],"handId":1,"id":8,"length":55.7837,"tipPosition":[-30.83,313.073,115.207],"tipVelocity":[-4821.32,36.824,-396.44],"tool":false},{"direction":[-0.383497,-0.323636,-0.86498],"handId":1,"id":2,"length":39.2652,"tipPosition":[64.1152,349.859,119.596],"tipVelocity":[-211.331,375.981,71.9449],"tool":false}],"r":[[0.416886,-0.279041,-0.865068],[0.379441,0.918248,-0.113338],[0.825973,-0.280993,0.488684]],"s":7.0004,"t":[-328.187,-485.996,204.875],"timestamp":311031048},
{"hands":[{"direction":[-0.265685,0.751095,-0.358392],"id":1,"palmNormal":[-0.181249,-0.304771,-0.767166],"palmPosition":[85.4808,284.64,150.291],"palmVelocity":[1136.62,-1339.82,300.97],"r":[[0.999141,0.0407557,-0.00749839],[-0.0407878,0.999159,-0.00418601],[0.00732148,0.00448826,0.999963]],"s":1.25969,"sphereCenter":[67.3474,291.403,143.188],"sphereRadius":59.6581,"t":[-72.9102,-20.511,3.70992]},{"direction":[0.162216,0.758527,-0.25836],"id":5,"palmNormal":[0.879987,-0.186222,-0.103948],"palmPosition":[-176.91,243.095,181.066],"palmVelocity":[-2741.32,-5893.83,2774.98],"r":[[1,0,0],[0,1,0],[0,0,1]],"s":1,"sphereCenter":[-196.614,265.648,161.986],"sphereRadius":73.7111,"t":[-4.78744,-10.293,4.84622]}],"id":26540,"pointables":[],"r":[[0.413706,-0.322044,-0.851549],[0.397174,0.905487,-0.149484],[0.819207,-0.27637,0.502513]],"s":7.14478,"t":[-348.63,-491.036,207.336],"timestamp":311039780},
{"hands":[{"direction":[-0.260532,0.704695,-0.439716],"id":1,"palmNormal":[-0.331759,-0.383688,-0.605308],"palmPosition":[78.5647,342.839,145.69],"palmVelocity":[-798.994,6723.51,-531.614],"r":[[0.998422,0.0552213,-0.0102051],[-0.0552803,0.998455,-0.00558968],[0.00988069,0.006145,0.999932]],"s":1.33672,"sphereCenter":[69.2227,305.068,142.096],"sphereRadius":52.1335,"t":[-82.2116,-18.2335,4.26902]},{"direction":[-0.00856332,0.398496,-0.664911],"id":11,"palmNormal":[0.457025,-0.464349,0.0826735],"palmPosition":[-38.4892,318.651,129.425],"palmVelocity":[7425.54,870.823,-477.753],"r":[[1,0,0],[0,1,0],[0,0,1]],"s":1,"sphereCenter":[-73.9706,291.742,144.091],"sphereRadius":78.7543,"t":[0,0,0]}],"id":26541,"pointables":[{"direction":[-0.659576,-0.285856,-0.695159],"handId":11,"id":8,"length":61.1672,"tipPosition":[-46.112,315.733,114.006],"tipVelocity":[-878.884,152.984,-69.0353],"tool":false},{"direction":[-0.41339,-0.218441,-0.883964],"handId":1,"id":2,"length":40.6571,"tipPosition":[62.0979,355.683,120.882],"tipVelocity":[-116.017,334.912,73.985],"tool":false}],"r":[[0.409666,-0.352653,-0.841315],[0.409119,0.895331,-0.17608],[0.81535,-0.272064,0.511063]],"s":7.28256,"t":[-363.177,-491.435,208.588],"timestamp":311048436},
{"hands":[{"direction":[-0.358299,0.655416,-0.416721],"id":1,"palmNormal":[-0.370144,-0.475247,-0.363523],"palmPosition":[116.67,225.489,159.843],"palmVelocity":[4406.73,-13571.2,1636.75],"r":[[0.997691,0.0667808,-0.0123849],[-0.0668669,0.99774,-0.00668025],[0.0119108,0.00749297,0.999901]],"s":1.39126,"sphereCenter":[81.7195,288.826,145.587],"sphereRadius":53.019,"t":[-67.8098,-75.7699,11.6251]},{"direction":[0.212238,0.778415,-0.22904],"id":5,"palmNormal":[0.879598,-0.256373,-0.094948],"palmPosition":[-175.708,220.305,184.315],"palmVelocity":[69.4736,-1317.13,187.751],"r":[[1,0,0],[0,1,0],[0,0,1]],"s":1,"sphereCenter":[-191.776,257.094,164.198],"sphereRadius":69.3409,"t":[0,0,0]}],"id":26542,"pointables":[{"direction":[-0.565804,0.0709933,-0.821477],"handId":12,"id":8,"length":60.7346,"tipPosition":[6.37586,330.835,118.882],"tipVelocity":[6070.07,1746.47,563.794],"tool":false},{"direction":[-0.428544,-0.0879729,-0.899228],"handId":12,"id":2,"length":43.0036,"tipPosition":[60.0948,360.9,121.538],"tipVelocity":[-231.661,603.307,75.8433],"tool":false}],"r":[[0.386121,-0.429762,-0.81622],[0.447108,0.861147,-0.241909],[0.806849,-0.271532,0.524657]],"s":7.24892,"t":[-357.829,-486.555,210.597],"timestamp":311057083},
{"hands":[{"direction":[-0.439358,0.609773,-0.402611],"id":1,"palmNormal":[-0.39587,-0.542851,-0.18332],"palmPosition":[120.581,207.808,168.564],"palmVelocity":[441.388,-1995.4,984.178],"r":[[0.997006,0.0760187,-0.0141377],[-0.0761303,0.997069,-0.00753186],[0.0135237,0.00858562,0.999872]],"s":1.42975,"sphereCenter":[91.001,276.68,147.74],"sphereRadius":53.9413,"t":[-58.6534,-113.379,19.6635]},{"direction":[0.21447,0.810225,-0.19432],"id":5,"palmNormal":[0.895087,-0.248251,-0.131238],"palmPosition":[-175.792,216.46,186.707],"palmVelocity":[-9.55259,-433.847,269.961],"r":[[1,0,0],[0,1,0],[0,0,1]],"s":1,"sphereCenter":[-202.502,258.714,165.751],"sphereRadius":76.0251,"t":[-0.0423228,-1.92216,1.19606]}],"id":26543,"pointables":[{"direction":[-0.434627,-0.0372867,-0.899838],"handId":12,"id":2,"length":45.4237,"tipPosition":[58.02,364.637,121.486],"tipVelocity":[-234.148,421.764,-5.92384],"tool":false},{"direction":[-0.503268,-0.00432453,-0.86412],"handId":12,"id":8,"length":60.8303,"tipPosition":[24.9748,341.209,123.372],"tipVelocity":[2098.97,1170.8,506.785],"tool":false}],"r":[[0.367718,-0.521192,-0.770158],[0.499539,0.809254,-0.309141],[0.784375,-0.271047,0.557933]],"s":7.12,"t":[-351.024,-480.587,212.711],"timestamp":311065944},
{"hands":[{"direction":[-0.488682,0.611388,-0.37274],"id":1,"palmNormal":[-0.454062,-0.581061,-0.0860551],"palmPosition":[117.234,206.315,172.016],"palmVelocity":[-393.537,-175.553,405.966],"r":[[0.996395,0.0834023,-0.0155454],[-0.0835366,0.996471,-0.00819975],[0.0148067,0.0094688,0.999846]],"s":1.45685,"sphereCenter":[91.8454,260.793,152.357],"sphereRadius":53.6275,"t":[-55.7485,-132.93,25.4089]},{"direction":[0.208134,0.837977,-0.175256],"id":5,"palmNormal":[0.899982,-0.234523,-0.184893],"palmPosition":[-175.079,217.314,187.253],"palmVelocity":[83.9079,100.35,64.2276],"r":[[1,0,0],[0,1,0],[0,0,1]],"s":1,"sphereCenter":[-206.015,258.093,167.487],"sphereRadius":77.0342,"t":[0.293292,-2.45655,2.06719]}],"id":26544,"pointables":[{"direction":[-0.428248,-0.0391585,-0.902812],"handId":12,"id":2,"length":46.7765,"tipPosition":[56.0489,367.974,121.313],"tipVelocity":[-231.781,392.37,-20.2886],"tool":false},{"direction":[-0.466342,-0.00154958,-0.884603],"handId":12,"id":8,"length":60.1608,"tipPosition":[27.6214,347.348,125.535],"tipVelocity":[311.21,721.845,254.328],"tool":false}],"r":[[0.35753,-0.596033,-0.718969],[0.548695,0.757033,-0.354732],[0.755715,-0.267667,0.597703]],"s":6.99179,"t":[-347.452,-475.234,214.266],"timestamp":311074448},
{"hands":[{"direction":[-0.532945,0.602905,-0.361267],"id":1,"palmNormal":[-0.492881,-0.610738,-0.000191817],"palmPosition":[116.862,204.051,173.905],"palmVelocity":[-42.7315,-259.856,216.834],"r":[[0.995865,0.0893045,-0.0166751],[-0.0894585,0.995952,-0.00872546],[0.0158284,0.0101811,0.999823]],"s":1.47589,"sphereCenter":[95.7734,250.079,155.776],"sphereRadius":52.6377,"t":[-54.4821,-143.837,29.2261]},{"direction":[0.198017,0.862133,-0.13728],"id":5,"palmNormal":[0.895206,-0.202649,-0.251759],"palmPosition":[-174.331,217.008,187.18],"palmVelocity":[85.8928,-35.0608,-8.43657],"r":[[1,0,0],[0,1,0],[0,0,1]],"s":1,"sphereCenter":[-209.176,258.654,168.22],"sphereRadius":78.839,"t":[0.835249,-2.87647,2.46601]}],"id":26545,"pointables":[{"direction":[-0.43283,0.0444579,-0.900379],"handId":12,"id":2,"length":49.0513,"tipPosition":[54.2494,370.924,121.276],"tipVelocity":[-206.558,338.689,-4.26941],"tool":false},{"direction":[-0.446346,0.0595836,-0.892875],"handId":12,"id":8,"length":59.0013,"tipPosition":[27.1631,351.346,127.167],"tipVelocity":[-52.5992,458.928,187.378],"tool":false}],"r":[[0.352505,-0.654727,-0.668635],[0.592036,0.709364,-0.382487],[0.72473,-0.261028,0.637677]],"s":6.89144,"t":[-346.231,-470.82,215.442],"timestamp":311083160},
