[
{"hands":[],"id":38109,"pointables":[],"r":[[-0.973863,-0.226113,0.0215094],[-0.182102,0.720677,-0.668927],[0.135752,-0.655361,-0.743016]],"s":646.283,"t":[-3625.29,-9084.66,-1499.46],"timestamp":1745653758},
{"hands":[],"id":38111,"pointables":[],"r":[[-0.973863,-0.226113,0.0215094],[-0.182102,0.720677,-0.668927],[0.135752,-0.655361,-0.743016]],"s":646.283,"t":[-3625.29,-9084.66,-1499.46],"timestamp":1745663054},
{"hands":[],"id":38113,"pointables":[],"r":[[-0.973863,-0.226113,0.0215094],[-0.182102,0.720677,-0.668927],[0.135752,-0.655361,-0.743016]],"s":646.283,"t":[-3625.29,-9084.66,-1499.46],"timestamp":1745672650},
{"hands":[],"id":38115,"pointables":[],"r":[[-0.973863,-0.226113,0.0215094],[-0.182102,0.720677,-0.668927],[0.135752,-0.655361,-0.743016]],"s":646.283,"t":[-3625.29,-9084.66,-1499.46],"timestamp":1745681859},
{"hands":[],"id":38117,"pointables":[],"r":[[-0.973863,-0.226113,0.0215094],[-0.182102,0.720677,-0.668927],[0.135752,-0.655361,-0.743016]],"s":646.283,"t":[-3625.29,-9084.66,-1499.46],"timestamp":1745691325},
{"hands":[],"id":38119,"pointables":[],"r":[[-0.973863,-0.226113,0.0215094],[-0.182102,0.720677,-0.668927],[0.135752,-0.655361,-0.743016]],"s":646.283,"t":[-3625.29,-9084.66,-1499.46],"timestamp":1745700657},
{"hands":[],"id":38121,"pointables":[],"r":[[-0.973863,-0.226113,0.0215094],[-0.182102,0.720677,-0.668927],[0.135752,-0.655361,-0.743016]],"s":646.283,"t":[-3625.29,-9084.66,-1499.46],"timestamp":1745709790},
{"hands":[],"id":38123,"pointables":[],"r":[[-0.973863,-0.226113,0.0215094],[-0.182102,0.720677,-0.668927],[0.135752,-0.655361,-0.743016]],"s":646.283,"t":[-3625.29,-9084.66,-1499.46],"timestamp":1745719266},
{"hands":[],"id":38125,"pointables":[],"r":[[-0.973863,-0.226113,0.0215094],[-0.182102,0.720677,-0.668927],[0.135752,-0.655361,-0.743016]],"s":646.283,"t":[-3625.29,-9084.66,-1499.46],"timestamp":1745728652},
{"hands":[],"id":38127,"pointables":[],"r":[[-0.973863,-0.226113,0.0215094],[-0.182102,0.720677,-0.668927],[0.135752,-0.655361,-0.743016]],"s":646.283,"t":[-3625.29,-9084.66,-1499.46],"timestamp":1745738029},
{"hands":[],"id":38129,"pointables":[],"r":[[-0.973863,-0.226113,0.0215094],[-0.182102,0.720677,-0.668927],[0.135752,-0.655361,-0.743016]],"s":646.283,"t":[-3625.29,-9084.66,-1499.46],"timestamp":1745747185},
{"hands":[],"id":38131,"pointables":[],"r":[[-0.973863,-0.226113,0.0215094],[-0.182102,0.720677,-0.668927],[0.135752,-0.655361,-0.743016]],"s":646.283,"t":[-3625.29,-9084.66,-1499.46],"timestamp":1745761261},
{"hands":[],"id":38133,"pointables":[],"r":[[-0.973863,-0.226113,0.0215094],[-0.182102,0.720677,-0.668927],[0.135752,-0.655361,-0.743016]],"s":646.283,"t":[-3625.29,-9084.66,-1499.46],"timestamp":1745770572},
{"hands":[],"id":38135,"pointables":[],"r":[[-0.973863,-0.226113,0.0215094],[-0.182102,0.720677,-0.668927],[0.135752,-0.655361,-0.743016]],"s":646.283,"t":[-3625.29,-9084.66,-1499.46],"timestamp":1745780017},
{"hands":[],"id":38137,"pointables":[],"r":[[-0.973863,-0.226113,0.0215094],[-0.182102,0.720677,-0.668927],[0.135752,-0.655361,-0.743016]],"s":646.283,"t":[-3625.29,-9084.66,-1499.46],"timestamp":1745789411},
{"hands":[],"id":38139,"pointables":[],"r":[[-0.973863,-0.226113,0.0215094],[-0.182102,0.720677,-0.668927],[0.135752,-0.655361,-0.743016]],"s":646.283,"t":[-3625.29,-9084.66,-1499.46],"timestamp":1745798617},
{"hands":[],"id":38141,"pointables":[],"r":[[-0.973863,-0.226113,0.0215094],[-0.182102,0.720677,-0.668927],[0.135752,-0.655361,-0.743016]],"s":646.283,"t":[-3625.29,-9084.66,-1499.46],"timestamp":1745808155},
{"hands":[],"id":38143,"pointables":[],"r":[[-0.973863,-0.226113,0.0215094],[-0.182102,0.720677,-0.668927],[0.135752,-0.655361,-0.743016]],"s":646.283,"t":[-3625.29,-9084.66,-1499.46],"timestamp":1745817606},
{"hands":[],"id":38145,"pointables":[],"r":[[-0.973863,-0.226113,0.0215094],[-0.182102,0.720677,-0.668927],[0.135752,-0.655361,-0.743016]],"s":646.283,"t":[-3625.29,-9084.66,-1499.46],"timestamp":1745826673},
{"hands":[],"id":38147,"pointables":[],"r":[[-0.973863,-0.226113,0.0215094],[-0.182102,0.720677,-0.668927],[0.135752,-0.655361,-0.743016]],"s":646.283,"t":[-3625.29,-9084.66,-1499.46],"timestamp":1745836084},
{"hands":[],"id":38149,"pointables":[],"r":[[-0.973863,-0.226113,0.0215094],[-0.182102,0.720677,-0.668927],[0.135752,-0.655361,-0.743016]],"s":646.283,"t":[-3625.29,-9084.66,-1499.46],"timestamp":1745845426},
{"hands":[],"id":38151,"pointables":[],"r":[[-0.973863,-0.226113,0.0215094],[-0.182102,0.720677,-0.668927],[0.135752,-0.655361,-0.743016]],"s":646.283,"t":[-3625.29,-9084.66,-1499.46],"timestamp":1745854798},
{"hands":[],"id":38153,"pointables":[],"r":[[-0.973863,-0.226113,0.0215094],[-0.182102,0.720677,-0.668927],[0.135752,-0.655361,-0.743016]],"s":646.283,"t":[-3625.29,-9084.66,-1499.46],"timestamp":1745863943},
{"hands":[],"id":38155,"pointables":[],"r":[[-0.973863,-0.226113,0.0215094],[-0.182102,0.720677,-0.668927],[0.135752,-0.655361,-0.743016]],"s":646.283,"t":[-3625.29,-9084.66,-1499.46],"timestamp":1745873332},
{"hands":[],"id":38157,"pointables":[],"r":[[-0.973863,-0.226113,0.0215094],[-0.182102,0.720677,-0.668927],[0.135752,-0.655361,-0.743016]],"s":646.283,"t":[-3625.29,-9084.66,-1499.46],"timestamp":1745882775},
{"hands":[],"id":38159,"pointables":[],"r":[[-0.973863,-0.226113,0.0215094],[-0.182102,0.720677,-0.668927],[0.135752,-0.655361,-0.743016]],"s":646.283,"t":[-3625.29,-9084.66,-1499.46],"timestamp":1745892286},
{"hands":[],"id":38161,"pointables":[],"r":[[-0.973863,-0.226113,0.0215094],[-0.182102,0.720677,-0.668927],[0.135752,-0.655361,-0.743016]],"s":646.283,"t":[-3625.29,-9084.66,-1499.46],"timestamp":1745901618},
{"hands":[],"id":38163,"pointables":[],"r":[[-0.973863,-0.226113,0.0215094],[-0.182102,0.720677,-0.668927],[0.135752,-0.655361,-0.743016]],"s":646.283,"t":[-3625.29,-9084.66,-1499.46],"timestamp":1745910716},
{"hands":[],"id":38165,"pointables":[],"r":[[-0.973863,-0.226113,0.0215094],[-0.182102,0.720677,-0.668927],[0.135752,-0.655361,-0.743016]],"s":646.283,"t":[-3625.29,-9084.66,-1499.46],"timestamp":1745920009},
{"hands":[],"id":38167,"pointables":[],"r":[[-0.973863,-0.226113,0.0215094],[-0.182102,0.720677,-0.668927],[0.135752,-0.655361,-0.743016]],"s":646.283,"t":[-3625.29,-9084.66,-1499.46],"timestamp":1745929604},
{"hands":[],"id":38169,"pointables":[],"r":[[-0.973863,-0.226113,0.0215094],[-0.182102,0.720677,-0.668927],[0.135752,-0.655361,-0.743016]],"s":646.283,"t":[-3625.29,-9084.66,-1499.46],"timestamp":1745939040},
{"hands":[],"id":38171,"pointables":[],"r":[[-0.973863,-0.226113,0.0215094],[-0.182102,0.720677,-0.668927],[0.135752,-0.655361,-0.743016]],"s":646.283,"t":[-3625.29,-9084.66,-1499.46],"timestamp":1745948038},
{"hands":[],"id":38173,"pointables":[],"r":[[-0.973863,-0.226113,0.0215094],[-0.182102,0.720677,-0.668927],[0.135752,-0.655361,-0.743016]],"s":646.283,"t":[-3625.29,-9084.66,-1499.46],"timestamp":1745957653},
{"hands":[],"id":38175,"pointables":[],"r":[[-0.973863,-0.226113,0.0215094],[-0.182102,0.720677,-0.668927],[0.135752,-0.655361,-0.743016]],"s":646.283,"t":[-3625.29,-9084.66,-1499.46],"timestamp":1745966776},
{"hands":[],"id":38177,"pointables":[],"r":[[-0.973863,-0.226113,0.0215094],[-0.182102,0.720677,-0.668927],[0.135752,-0.655361,-0.743016]],"s":646.283,"t":[-3625.29,-9084.66,-1499.46],"timestamp":1745976213},
{"hands":[],"id":38179,"pointables":[],"r":[[-0.973863,-0.226113,0.0215094],[-0.182102,0.720677,-0.668927],[0.135752,-0.655361,-0.743016]],"s":646.283,"t":[-3625.29,-9084.66,-1499.46],"timestamp":1745985662},
{"hands":[],"id":38181,"pointables":[],"r":[[-0.973863,-0.226113,0.0215094],[-0.182102,0.720677,-0.668927],[0.135752,-0.655361,-0.743016]],"s":646.283,"t":[-3625.29,-9084.66,-1499.46],"timestamp":1745994889},
{"hands":[],"id":38183,"pointables":[],"r":[[-0.973863,-0.226113,0.0215094],[-0.182102,0.720677,-0.668927],[0.135752,-0.655361,-0.743016]],"s":646.283,"t":[-3625.29,-9084.66,-1499.46],"timestamp":1746004336},
{"hands":[],"id":38185,"pointables":[],"r":[[-0.973863,-0.226113,0.0215094],[-0.182102,0.720677,-0.668927],[0.135752,-0.655361,-0.743016]],"s":646.283,"t":[-3625.29,-9084.66,-1499.46],"timestamp":1746013432},
{"hands":[],"id":38187,"pointables":[],"r":[[-0.973863,-0.226113,0.0215094],[-0.182102,0.720677,-0.668927],[0.135752,-0.655361,-0.743016]],"s":646.283,"t":[-3625.29,-9084.66,-1499.46],"timestamp":1746022983},
{"hands":[],"id":38189,"pointables":[],"r":[[-0.973863,-0.226113,0.0215094],[-0.182102,0.720677,-0.668927],[0.135752,-0.655361,-0.743016]],"s":646.283,"t":[-3625.29,-9084.66,-1499.46],"timestamp":1746032209},
{"hands":[],"id":38191,"pointables":[],"r":[[-0.973863,-0.226113,0.0215094],[-0.182102,0.720677,-0.668927],[0.135752,-0.655361,-0.743016]],"s":646.283,"t":[-3625.29,-9084.66,-1499.46],"timestamp":1746041786},
{"hands":[],"id":38193,"pointables":[],"r":[[-0.973863,-0.226113,0.0215094],[-0.182102,0.720677,-0.668927],[0.135752,-0.655361,-0.743016]],"s":646.283,"t":[-3625.29,-9084.66,-1499.46],"timestamp":1746055894},
{"hands":[],"id":38195,"pointables":[],"r":[[-0.973863,-0.226113,0.0215094],[-0.182102,0.720677,-0.668927],[0.135752,-0.655361,-0.743016]],"s":646.283,"t":[-3625.29,-9084.66,-1499.46],"timestamp":1746065027},
{"hands":[],"id":38197,"pointables":[],"r":[[-0.973863,-0.226113,0.0215094],[-0.182102,0.720677,-0.668927],[0.135752,-0.655361,-0.743016]],"s":646.283,"t":[-3625.29,-9084.66,-1499.46],"timestamp":1746074255},
{"hands":[],"id":38199,"pointables":[],"r":[[-0.973863,-0.226113,0.0215094],[-0.182102,0.720677,-0.668927],[0.135752,-0.655361,-0.743016]],"s":646.283,"t":[-3625.29,-9084.66,-1499.46],"timestamp":1746083703},
{"hands":[],"id":38201,"pointables":[],"r":[[-0.973863,-0.226113,0.0215094],[-0.182102,0.720677,-0.668927],[0.135752,-0.655361,-0.743016]],"s":646.283,"t":[-3625.29,-9084.66,-1499.46],"timestamp":1746093169},
{"hands":[],"id":38203,"pointables":[],"r":[[-0.973863,-0.226113,0.0215094],[-0.182102,0.720677,-0.668927],[0.135752,-0.655361,-0.743016]],"s":646.283,"t":[-3625.29,-9084.66,-1499.46],"timestamp":1746102439},
{"hands":[],"id":38205,"pointables":[],"r":[[-0.973863,-0.226113,0.0215094],[-0.182102,0.720677,-0.668927],[0.135752,-0.655361,-0.743016]],"s":646.283,"t":[-3625.29,-9084.66,-1499.46],"timestamp":1746111569},
{"hands":[],"id":38207,"pointables":[],"r":[[-0.973863,-0.226113,0.0215094],[-0.182102,0.720677,-0.668927],[0.135752,-0.655361,-0.743016]],"s":646.283,"t":[-3625.29,-9084.66,-1499.46],"timestamp":1746121159},
{"hands":[],"id":38209,"pointables":[],"r":[[-0.973863,-0.226113,0.0215094],[-0.182102,0.720677,-0.668927],[0.135752,-0.655361,-0.743016]],"s":646.283,"t":[-3625.29,-9084.66,-1499.46],"timestamp":1746130312},
{"hands":[],"id":38211,"pointables":[],"r":[[-0.973863,-0.226113,0.0215094],[-0.182102,0.720677,-0.668927],[0.135752,-0.655361,-0.743016]],"s":646.283,"t":[-3625.29,-9084.66,-1499.46],"timestamp":1746139805},
{"hands":[],"id":38213,"pointables":[],"r":[[-0.973863,-0.226113,0.0215094],[-0.182102,0.720677,-0.668927],[0.135752,-0.655361,-0.743016]],"s":646.283,"t":[-3625.29,-9084.66,-1499.46],"timestamp":1746148936},
{"hands":[],"id":38215,"pointables":[],"r":[[-0.973863,-0.226113,0.0215094],[-0.182102,0.720677,-0.668927],[0.135752,-0.655361,-0.743016]],"s":646.283,"t":[-3625.29,-9084.66,-1499.46],"timestamp":1746158303},
{"hands":[],"id":38217,"pointables":[],"r":[[-0.973863,-0.226113,0.0215094],[-0.182102,0.720677,-0.668927],[0.135752,-0.655361,-0.743016]],"s":646.283,"t":[-3625.29,-9084.66,-1499.46],"timestamp":1746167869},
{"hands":[],"id":38219,"pointables":[],"r":[[-0.973863,-0.226113,0.0215094],[-0.182102,0.720677,-0.668927],[0.135752,-0.655361,-0.743016]],"s":646.283,"t":[-3625.29,-9084.66,-1499.46],"timestamp":1746177152},
{"hands":[],"id":38221,"pointables":[],"r":[[-0.973863,-0.226113,0.0215094],[-0.182102,0.720677,-0.668927],[0.135752,-0.655361,-0.743016]],"s":646.283,"t":[-3625.29,-9084.66,-1499.46],"timestamp":1746186259},
{"hands":[],"id":38223,"pointables":[],"r":[[-0.973863,-0.226113,0.0215094],[-0.182102,0.720677,-0.668927],[0.135752,-0.655361,-0.743016]],"s":646.283,"t":[-3625.29,-9084.66,-1499.46],"timestamp":1746195783},
{"hands":[],"id":38225,"pointables":[],"r":[[-0.973863,-0.226113,0.0215094],[-0.182102,0.720677,-0.668927],[0.135752,-0.655361,-0.743016]],"s":646.283,"t":[-3625.29,-9084.66,-1499.46],"timestamp":1746205278},
{"hands":[],"id":38227,"pointables":[],"r":[[-0.973863,-0.226113,0.0215094],[-0.182102,0.720677,-0.668927],[0.135752,-0.655361,-0.743016]],"s":646.283,"t":[-3625.29,-9084.66,-1499.46],"timestamp":1746214415},
{"hands":[],"id":38229,"pointables":[],"r":[[-0.973863,-0.226113,0.0215094],[-0.182102,0.720677,-0.668927],[0.135752,-0.655361,-0.743016]],"s":646.283,"t":[-3625.29,-9084.66,-1499.46],"timestamp":1746223680},
{"hands":[],"id":38231,"pointables":[],"r":[[-0.973863,-0.226113,0.0215094],[-0.182102,0.720677,-0.668927],[0.135752,-0.655361,-0.743016]],"s":646.283,"t":[-3625.29,-9084.66,-1499.46],"timestamp":1746233160},
{"hands":[],"id":38233,"pointables":[],"r":[[-0.973863,-0.226113,0.0215094],[-0.182102,0.720677,-0.668927],[0.135752,-0.655361,-0.743016]],"s":646.283,"t":[-3625.29,-9084.66,-1499.46],"timestamp":1746242518},
{"hands":[],"id":38235,"pointables":[],"r":[[-0.973863,-0.226113,0.0215094],[-0.182102,0.720677,-0.668927],[0.135752,-0.655361,-0.743016]],"s":646.283,"t":[-3625.29,-9084.66,-1499.46],"timestamp":1746251969},
{"hands":[],"id":38237,"pointables":[],"r":[[-0.973863,-0.226113,0.0215094],[-0.182102,0.720677,-0.668927],[0.135752,-0.655361,-0.743016]],"s":646.283,"t":[-3625.29,-9084.66,-1499.46],"timestamp":1746261187},
{"hands":[],"id":38239,"pointables":[],"r":[[-0.973863,-0.226113,0.0215094],[-0.182102,0.720677,-0.668927],[0.135752,-0.655361,-0.743016]],"s":646.283,"t":[-3625.29,-9084.66,-1499.46],"timestamp":1746270538},
{"hands":[],"id":38241,"pointables":[],"r":[[-0.973863,-0.226113,0.0215094],[-0.182102,0.720677,-0.668927],[0.135752,-0.655361,-0.743016]],"s":646.283,"t":[-3625.29,-9084.66,-1499.46],"timestamp":1746279926},
{"hands":[],"id":38243,"pointables":[],"r":[[-0.973863,-0.226113,0.0215094],[-0.182102,0.720677,-0.668927],[0.135752,-0.655361,-0.743016]],"s":646.283,"t":[-3625.29,-9084.66,-1499.46],"timestamp":1746289278},
{"hands":[],"id":38245,"pointables":[],"r":[[-0.973863,-0.226113,0.0215094],[-0.182102,0.720677,-0.668927],[0.135752,-0.655361,-0.743016]],"s":646.283,"t":[-3625.29,-9084.66,-1499.46],"timestamp":1746298535},
{"hands":[],"id":38247,"pointables":[],"r":[[-0.973863,-0.226113,0.0215094],[-0.182102,0.720677,-0.668927],[0.135752,-0.655361,-0.743016]],"s":646.283,"t":[-3625.29,-9084.66,-1499.46],"timestamp":1746307908},
{"hands":[],"id":38249,"pointables":[{"direction":[0.52552,0.842217,-0.120414],"handId":1,"id":8,"length":25.357,"tipPosition":[93.7328,145.884,143.925],"tipVelocity":[-91.7863,284.376,-152.68],"tool":false}],"r":[[-0.973863,-0.226113,0.0215094],[-0.182102,0.720677,-0.668927],[0.135752,-0.655361,-0.743016]],"s":646.283,"t":[-3625.73,-9083.3,-1500.19],"timestamp":1746317411},
{"hands":[],"id":38251,"pointables":[{"direction":[0.511824,0.849838,-0.125744],"handId":1,"id":8,"length":25.3405,"tipPosition":[92.6329,147.961,142.589],"tipVelocity":[-119.35,225.335,-145.008],"tool":false}],"r":[[-0.973863,-0.226113,0.0215094],[-0.182102,0.720677,-0.668927],[0.135752,-0.655361,-0.743016]],"s":646.283,"t":[-3626.5,-9081.59,-1501.22],"timestamp":1746326627},
{"hands":[],"id":38253,"pointables":[{"direction":[0.50009,0.857453,-0.12118],"handId":1,"id":8,"length":25.3696,"tipPosition":[91.7361,150.254,141.296],"tipVelocity":[-93.9137,240.125,-135.356],"tool":false}],"r":[[-0.973863,-0.226113,0.0215094],[-0.182102,0.720677,-0.668927],[0.135752,-0.655361,-0.743016]],"s":646.283,"t":[-3627.33,-9079.59,-1502.38],"timestamp":1746336176},
{"hands":[],"id":38255,"pointables":[{"direction":[0.487749,0.866071,-0.109643],"handId":1,"id":8,"length":25.4794,"tipPosition":[91.11,153.014,139.736],"tipVelocity":[-68.6635,302.638,-171.033],"tool":false}],"r":[[-0.973863,-0.226113,0.0215094],[-0.182102,0.720677,-0.668927],[0.135752,-0.655361,-0.743016]],"s":646.283,"t":[-3628.06,-9077.21,-1503.74],"timestamp":1746345295},
{"hands":[],"id":38257,"pointables":[{"direction":[0.476817,0.870601,-0.121244],"handId":1,"id":8,"length":25.3712,"tipPosition":[90.372,155.526,138.09],"tipVelocity":[-77.7556,264.754,-173.512],"tool":false}],"r":[[-0.973863,-0.226113,0.0215094],[-0.182102,0.720677,-0.668927],[0.135752,-0.655361,-0.743016]],"s":646.283,"t":[-3628.79,-9074.76,-1505.24],"timestamp":1746354786},
{"hands":[],"id":38259,"pointables":[{"direction":[0.469025,0.873616,-0.129658],"handId":1,"id":8,"length":25.2995,"tipPosition":[89.5307,157.933,136.239],"tipVelocity":[-91.4492,261.558,-201.141],"tool":false}],"r":[[-0.973863,-0.226113,0.0215094],[-0.182102,0.720677,-0.668927],[0.135752,-0.655361,-0.743016]],"s":646.283,"t":[-3629.58,-9072.33,-1506.92],"timestamp":1746363985},
{"hands":[],"id":38261,"pointables":[{"direction":[0.462344,0.876237,-0.135818],"handId":1,"id":8,"length":25.37,"tipPosition":[88.6422,160.393,134.044],"tipVelocity":[-95.3375,264.037,-235.587],"tool":false}],"r":[[-0.973863,-0.226113,0.0215094],[-0.182102,0.720677,-0.668927],[0.135752,-0.655361,-0.743016]],"s":646.283,"t":[-3630.42,-9069.89,-1508.86],"timestamp":1746373305},
{"hands":[],"id":38263,"pointables":[{"direction":[0.453274,0.87942,-0.145475],"handId":1,"id":8,"length":25.3289,"tipPosition":[87.7059,162.937,131.502],"tipVelocity":[-101.236,275.02,-274.775],"tool":false}],"r":[[-0.973863,-0.226113,0.0215094],[-0.182102,0.720677,-0.668927],[0.135752,-0.655361,-0.743016]],"s":646.283,"t":[-3631.31,-9067.39,-1511.1],"timestamp":1746382554},
{"hands":[],"id":38265,"pointables":[{"direction":[0.446001,0.879838,-0.164222],"handId":1,"id":8,"length":25.1356,"tipPosition":[86.5485,165.135,128.817],"tipVelocity":[-122.306,232.223,-283.721],"tool":false}],"r":[[-0.973863,-0.226113,0.0215094],[-0.182102,0.720677,-0.668927],[0.135752,-0.655361,-0.743016]],"s":646.283,"t":[-3632.33,-9065.05,-1513.56],"timestamp":1746392017},
{"hands":[{"direction":[0.262683,0.623176,-0.708931],"id":1,"palmNormal":[-0.355094,-0.589187,-0.660372],"palmPosition":[39.8796,169.663,134.801],"palmVelocity":[-40.6892,78.3647,-209.091],"r":[[1,0,0],[0,1,0],[0,0,1]],"s":1,"sphereCenter":[40.5429,182.404,156.94],"sphereRadius":54.4881,"t":[0,0,0]}],"id":38267,"pointables":[{"direction":[0.436197,0.881862,-0.17903],"handId":1,"id":8,"length":25.0336,"tipPosition":[85.655,167.974,125.336],"tipVelocity":[-94.1826,299.327,-366.917],"tool":false}],"r":[[-0.973863,-0.226113,0.0215094],[-0.182102,0.720677,-0.668927],[0.135752,-0.655361,-0.743016]],"s":646.283,"t":[-3633.29,-9062.46,-1516.53],"timestamp":1746401504},
{"hands":[{"direction":[0.255695,0.624575,-0.713828],"id":1,"palmNormal":[-0.352925,-0.602829,-0.660944],"palmPosition":[39.6744,170.465,132.745],"palmVelocity":[-21.8181,85.3055,-218.619],"r":[[1,0,0],[0,1,0],[0,0,1]],"s":1,"sphereCenter":[42.2216,184.569,156.81],"sphereRadius":55.2374,"t":[-0.523588,1.27079,-1.848]}],"id":38269,"pointables":[{"direction":[0.426688,0.88219,-0.199195],"handId":1,"id":8,"length":24.8814,"tipPosition":[84.6078,170.516,121.64],"tipVelocity":[-111.331,270.209,-392.941],"tool":false}],"r":[[-0.973863,-0.226113,0.0215094],[-0.182102,0.720677,-0.668927],[0.135752,-0.655361,-0.743016]],"s":646.283,"t":[-3634.29,-9059.89,-1519.86],"timestamp":1746410910},
{"hands":[{"direction":[0.250487,0.62298,-0.720127],"id":1,"palmNormal":[-0.34754,-0.618288,-0.658785],"palmPosition":[39.4101,170.806,131.064],"palmVelocity":[-29.1607,37.5814,-185.362],"r":[[1,0,0],[0,1,0],[0,0,1]],"s":1,"sphereCenter":[43.6042,187.01,156.969],"sphereRadius":56.6938,"t":[-1.27552,3.12179,-4.82822]}],"id":38271,"pointables":[{"direction":[0.420815,0.882,-0.212109],"handId":1,"id":8,"length":24.8024,"tipPosition":[83.6275,172.947,117.528],"tipVelocity":[-108.139,268.196,-453.662],"tool":false}],"r":[[-0.973863,-0.226113,0.0215094],[-0.182102,0.720677,-0.668927],[0.135752,-0.655361,-0.743016]],"s":646.283,"t":[-3635.28,-9057.39,-1523.59],"timestamp":1746419975},
{"hands":[{"direction":[0.244025,0.619233,-0.727957],"id":1,"palmNormal":[-0.342159,-0.634755,-0.653305],"palmPosition":[39.1705,171.005,129.369],"palmVelocity":[-25.4727,21.1695,-180.264],"r":[[1,0,0],[0,1,0],[0,0,1]],"s":1,"sphereCenter":[44.7448,189.054,156.658],"sphereRadius":57.7978,"t":[-2.04836,5.31313,-8.55636]}],"id":38273,"pointables":[{"direction":[0.414968,0.881825,-0.224024],"handId":1,"id":8,"length":24.764,"tipPosition":[82.8338,175.479,113.052],"tipVelocity":[-84.3771,269.128,-475.822],"tool":false}],"r":[[-0.973863,-0.226113,0.0215094],[-0.182102,0.720677,-0.668927],[0.135752,-0.655361,-0.743016]],"s":646.283,"t":[-3636.17,-9054.87,-1527.69],"timestamp":1746429382},
{"hands":[{"direction":[0.236715,0.615724,-0.735355],"id":1,"palmNormal":[-0.335017,-0.650298,-0.647796],"palmPosition":[38.8287,170.658,128.222],"palmVelocity":[-35.8794,-36.4096,-120.426],"r":[[1,0,0],[0,1,0],[0,0,1]],"s":1,"sphereCenter":[45.4806,190.875,156.271],"sphereRadius":59.2665,"t":[-2.74729,7.63046,-12.758]}],"id":38275,"pointables":[{"direction":[0.407092,0.882047,-0.23721],"handId":1,"id":8,"length":24.7051,"tipPosition":[82.2088,177.922,108.377],"tipVelocity":[-65.6132,256.489,-490.776],"tool":false}],"r":[[-0.973863,-0.226113,0.0215094],[-0.182102,0.720677,-0.668927],[0.135752,-0.655361,-0.743016]],"s":646.283,"t":[-3636.93,-9052.4,-1532.07],"timestamp":1746438908},
{"hands":[{"direction":[0.230101,0.612001,-0.742328],"id":1,"palmNormal":[-0.327051,-0.664649,-0.642388],"palmPosition":[38.6583,170.995,125.918],"palmVelocity":[-18.2344,36.0132,-246.602],"r":[[1,0,0],[0,1,0],[0,0,1]],"s":1,"sphereCenter":[45.8493,192.001,154.391],"sphereRadius":59.5568,"t":[-3.23553,10.1922,-17.4077]}],"id":38277,"pointables":[{"direction":[0.401565,0.882762,-0.24388],"handId":1,"id":8,"length":25.1163,"tipPosition":[81.9312,180.728,103.279],"tipVelocity":[-29.7067,300.359,-545.615],"tool":false}],"r":[[-0.973863,-0.226113,0.0215094],[-0.182102,0.720677,-0.668927],[0.135752,-0.655361,-0.743016]],"s":646.283,"t":[-3637.45,-9049.75,-1536.82],"timestamp":1746448251},
{"hands":[{"direction":[0.222973,0.606791,-0.750133],"id":1,"palmNormal":[-0.319718,-0.679184,-0.634963],"palmPosition":[38.4483,171.256,123.348],"palmVelocity":[-22.9123,28.5606,-280.344],"r":[[1,0,0],[0,1,0],[0,0,1]],"s":1,"sphereCenter":[46.0917,193.09,152.103],"sphereRadius":59.7646,"t":[-3.6743,12.499,-22.2268]}],"id":38279,"pointables":[{"direction":[0.395142,0.882131,-0.256335],"handId":1,"id":8,"length":24.7609,"tipPosition":[81.5419,182.78,98.2906],"tipVelocity":[-42.4713,223.832,-544.245],"tool":false}],"r":[[-0.973863,-0.226113,0.0215094],[-0.182102,0.720677,-0.668927],[0.135752,-0.655361,-0.743016]],"s":646.283,"t":[-3637.9,-9047.41,-1541.68],"timestamp":1746457417},
{"hands":[{"direction":[0.215527,0.599582,-0.759036],"id":1,"palmNormal":[-0.311049,-0.694985,-0.625127],"palmPosition":[38.1806,171.285,120.821],"palmVelocity":[-28.8229,3.09259,-272.099],"r":[[1,0,0],[0,1,0],[0,0,1]],"s":1,"sphereCenter":[46.198,194.133,149.922],"sphereRadius":60.2885,"t":[-4.15998,14.3214,-27.0015]}],"id":38281,"pointables":[{"direction":[0.386043,0.880052,-0.276549],"handId":1,"id":8,"length":24.3923,"tipPosition":[81.0093,184.118,93.5602],"tipVelocity":[-57.3427,144.076,-509.301],"tool":false}],"r":[[-0.973863,-0.226113,0.0215094],[-0.182102,0.720677,-0.668927],[0.135752,-0.655361,-0.743016]],"s":646.283,"t":[-3638.4,-9045.56,-1546.48],"timestamp":1746466705},
{"hands":[{"direction":[0.205241,0.592602,-0.767951],"id":1,"palmNormal":[-0.3029,-0.710083,-0.614644],"palmPosition":[37.8301,171.108,118.413],"palmVelocity":[-37.1036,-18.7129,-254.956],"r":[[1,0,0],[0,1,0],[0,0,1]],"s":1,"sphereCenter":[46.0024,194.543,147.201],"sphereRadius":60.4932,"t":[-4.57851,15.9898,-31.9548]}],"id":38283,"pointables":[{"direction":[0.370581,0.877001,-0.305842],"handId":1,"id":8,"length":24.0352,"tipPosition":[80.6579,185.632,88.4284],"tipVelocity":[-37.2019,160.324,-543.335],"tool":false}],"r":[[-0.973863,-0.226113,0.0215094],[-0.182102,0.720677,-0.668927],[0.135752,-0.655361,-0.743016]],"s":646.283,"t":[-3638.82,-9043.88,-1551.44],"timestamp":1746476150},
{"hands":[{"direction":[0.195156,0.583588,-0.777768],"id":1,"palmNormal":[-0.297689,-0.72488,-0.601896],"palmPosition":[37.3882,170.904,115.969],"palmVelocity":[-47.4717,-21.9408,-262.467],"r":[[1,0,0],[0,1,0],[0,0,1]],"s":1,"sphereCenter":[46.2063,196.627,144.898],"sphereRadius":61.6913,"t":[-4.98267,17.3608,-36.9467]}],"id":38285,"pointables":[{"direction":[0.354734,0.875236,-0.328824],"handId":1,"id":8,"length":24.2633,"tipPosition":[80.2681,186.706,83.3978],"tipVelocity":[-41.8732,115.351,-540.4],"tool":false}],"r":[[-0.973863,-0.226113,0.0215094],[-0.182102,0.720677,-0.668927],[0.135752,-0.655361,-0.743016]],"s":646.283,"t":[-3639.23,-9042.51,-1556.44],"timestamp":1746485459},
{"hands":[{"direction":[0.185321,0.573705,-0.787696],"id":1,"palmNormal":[-0.2946,-0.738642,-0.588393],"palmPosition":[36.8981,170.385,113.878],"palmVelocity":[-53.1638,-56.2673,-226.812],"r":[[1,0,0],[0,1,0],[0,0,1]],"s":1,"sphereCenter":[45.8382,196.78,141.76],"sphereRadius":61.8931,"t":[-5.27971,18.7312,-42.3032]}],"id":38287,"pointables":[{"direction":[0.333266,0.869745,-0.363976],"handId":1,"id":8,"length":24.242,"tipPosition":[80.0782,188.076,77.6768],"tipVelocity":[-20.5968,148.55,-620.502],"tool":false}],"r":[[-0.973863,-0.226113,0.0215094],[-0.182102,0.720677,-0.668927],[0.135752,-0.655361,-0.743016]],"s":646.283,"t":[-3639.52,-9041.14,-1561.8],"timestamp":1746494679},
{"hands":[{"direction":[0.173917,0.563152,-0.797831],"id":1,"palmNormal":[-0.295803,-0.751009,-0.573511],"palmPosition":[36.3424,170.176,110.829],"palmVelocity":[-59.2285,-22.3438,-325.062],"r":[[1,0,0],[0,1,0],[0,0,1]],"s":1,"sphereCenter":[45.5142,197.937,137.916],"sphereRadius":62.2915,"t":[-5.6422,19.5505,-47.7444]}],"id":38289,"pointables":[{"direction":[0.3291,0.872598,-0.360925],"handId":1,"id":8,"length":24.0255,"tipPosition":[79.6503,188.344,72.1508],"tipVelocity":[-45.6201,28.5907,-589.064],"tool":false}],"r":[[-0.973863,-0.226113,0.0215094],[-0.182102,0.720677,-0.668927],[0.135752,-0.655361,-0.743016]],"s":646.283,"t":[-3639.89,-9040.31,-1567.24],"timestamp":1746504060},
{"hands":[{"direction":[0.161057,0.549943,-0.809146],"id":1,"palmNormal":[-0.296028,-0.76499,-0.55528],"palmPosition":[35.7848,169.456,108.867],"palmVelocity":[-58.8351,-75.9642,-206.991],"r":[[1,0,0],[0,1,0],[0,0,1]],"s":1,"sphereCenter":[45.366,198.987,134.117],"sphereRadius":62.7719,"t":[-5.86824,20.8683,-53.9191]}],"id":38291,"pointables":[{"direction":[0.313839,0.871493,-0.376835],"handId":1,"id":8,"length":24.1411,"tipPosition":[79.5607,190.16,65.2426],"tipVelocity":[-9.4513,191.636,-728.865],"tool":false}],"r":[[-0.973863,-0.226113,0.0215094],[-0.182102,0.720677,-0.668927],[0.135752,-0.655361,-0.743016]],"s":646.283,"t":[-3640.11,-9039,-1573.42],"timestamp":1746513538},
{"hands":[{"direction":[0.15102,0.534491,-0.820861],"id":1,"palmNormal":[-0.298313,-0.778207,-0.535707],"palmPosition":[35.2116,169.015,105.554],"palmVelocity":[-60.3954,-46.4174,-349.119],"r":[[1,0,0],[0,1,0],[0,0,1]],"s":1,"sphereCenter":[43.389,194.923,127.381],"sphereRadius":61.8075,"t":[-6.10945,22.2776,-60.6105]}],"id":38293,"pointables":[{"direction":[0.301125,0.874028,-0.381311],"handId":1,"id":8,"length":24.4934,"tipPosition":[79.3043,191.661,58.0346],"tipVelocity":[-27.0157,158.151,-759.533],"tool":false}],"r":[[-0.973863,-0.226113,0.0215094],[-0.182102,0.720677,-0.668927],[0.135752,-0.655361,-0.743016]],"s":646.283,"t":[-3640.35,-9037.59,-1580.11],"timestamp":1746523028},
{"hands":[{"direction":[0.142475,0.515605,-0.833499],"id":1,"palmNormal":[-0.300989,-0.792037,-0.513034],"palmPosition":[34.5774,168.671,101.478],"palmVelocity":[-70.2341,-38.1031,-451.313],"r":[[1,0,0],[0,1,0],[0,0,1]],"s":1,"sphereCenter":[41.0561,190.069,119.712],"sphereRadius":61.1754,"t":[-6.48408,23.6693,-68.0878]}],"id":38295,"pointables":[{"direction":[0.284138,0.869624,-0.403758],"handId":1,"id":8,"length":24.9086,"tipPosition":[78.7963,193.035,49.7713],"tipVelocity":[-56.2635,152.161,-915.095],"tool":false}],"r":[[-0.973863,-0.226113,0.0215094],[-0.182102,0.720677,-0.668927],[0.135752,-0.655361,-0.743016]],"s":646.283,"t":[-3640.73,-9036.19,-1587.59],"timestamp":1746532058},
{"hands":[{"direction":[0.132471,0.493847,-0.846832],"id":1,"palmNormal":[-0.29867,-0.808147,-0.48708],"palmPosition":[33.8166,167.724,99.6806],"palmVelocity":[-79.3151,-98.7539,-187.397],"r":[[1,0,0],[0,1,0],[0,0,1]],"s":1,"sphereCenter":[41.6987,194.009,115.71],"sphereRadius":63.0212,"t":[-7.09018,24.269,-76.3034]}],"id":38297,"pointables":[{"direction":[0.272435,0.862708,-0.426045],"handId":1,"id":8,"length":25.6496,"tipPosition":[77.9587,192.843,40.8174],"tipVelocity":[-87.31,-20.0377,-933.38],"tool":false}],"r":[[-0.973863,-0.226113,0.0215094],[-0.182102,0.720677,-0.668927],[0.135752,-0.655361,-0.743016]],"s":646.283,"t":[-3641.34,-9035.59,-1595.8],"timestamp":1746541651},
{"hands":[{"direction":[0.120467,0.471095,-0.859966],"id":1,"palmNormal":[-0.30871,-0.819648,-0.458902],"palmPosition":[33.0307,167.625,93.5825],"palmVelocity":[-56.8825,-7.14171,-441.411],"r":[[1,0,0],[0,1,0],[0,0,1]],"s":1,"sphereCenter":[42.0917,197.725,110.275],"sphereRadius":64.6784,"t":[-8.45196,22.0236,-84.203]}],"id":38299,"pointables":[{"direction":[0.251969,0.838535,-0.483084],"handId":1,"id":8,"length":26.1933,"tipPosition":[75.8412,187.753,33.2339],"tipVelocity":[-153.272,-368.472,-548.933],"tool":false}],"r":[[-0.973863,-0.226113,0.0215094],[-0.182102,0.720677,-0.668927],[0.135752,-0.655361,-0.743016]],"s":646.283,"t":[-3642.7,-9037.84,-1603.7],"timestamp":1746555466},
{"hands":[{"direction":[0.101582,0.438588,-0.87507],"id":1,"palmNormal":[-0.322641,-0.832264,-0.416616],"palmPosition":[31.9772,167.282,85.4554],"palmVelocity":[-111.034,-36.1521,-856.571],"r":[[1,0,0],[0,1,0],[0,0,1]],"s":1,"sphereCenter":[42.2055,201.065,102.603],"sphereRadius":66.4071,"t":[-9.75008,19.1838,-95.5882]}],"id":38301,"pointables":[{"direction":[0.246239,0.815436,-0.523862],"handId":1,"id":8,"length":27.5912,"tipPosition":[74.6068,184.318,18.363],"tipVelocity":[-130.109,-361.957,-1567.34],"tool":false}],"r":[[-0.973863,-0.226113,0.0215094],[-0.182102,0.720677,-0.668927],[0.135752,-0.655361,-0.743016]],"s":646.283,"t":[-3644,-9040.68,-1615.09],"timestamp":1746564954},
{"hands":[{"direction":[0.0832563,0.397347,-0.890399],"id":1,"palmNormal":[-0.336202,-0.844406,-0.365758],"palmPosition":[30.7199,166.532,77.0863],"palmVelocity":[-132.223,-78.8871,-880.127],"r":[[1,0,0],[0,1,0],[0,0,1]],"s":1,"sphereCenter":[41.85,203.17,94.1679],"sphereRadius":67.8835,"t":[-11.5673,13.9923,-107.341]}],"id":38303,"pointables":[{"direction":[0.240172,0.780687,-0.576927],"handId":1,"id":8,"length":29.0373,"tipPosition":[72.2705,176.775,6.24332],"tipVelocity":[-245.686,-793.281,-1274.54],"tool":false}],"r":[[-0.973863,-0.226113,0.0215094],[-0.182102,0.720677,-0.668927],[0.135752,-0.655361,-0.743016]],"s":646.283,"t":[-3645.81,-9045.87,-1626.84],"timestamp":1746574463},
{"hands":[{"direction":[0.0593562,0.352371,-0.903914],"id":1,"palmNormal":[-0.350416,-0.853897,-0.309073],"palmPosition":[29.0568,165.355,66.5015],"palmVelocity":[-185.615,-131.337,-1181.33],"r":[[1,0,0],[0,1,0],[0,0,1]],"s":1,"sphereCenter":[41.1536,204.264,85.2885],"sphereRadius":69.326,"t":[-14.1801,6.60276,-118.513]}],"id":38305,"pointables":[{"direction":[0.229506,0.72874,-0.645187],"handId":1,"id":8,"length":30.5964,"tipPosition":[68.862,167.187,-4.34906],"tipVelocity":[-380.422,-1070.03,-1182.19],"tool":false}],"r":[[-0.973863,-0.226113,0.0215094],[-0.182102,0.720677,-0.668927],[0.135752,-0.655361,-0.743016]],"s":646.283,"t":[-3648.43,-9053.26,-1638.01],"timestamp":1746583423},
{"hands":[{"direction":[0.0329612,0.302842,-0.915006],"id":1,"palmNormal":[-0.368359,-0.857899,-0.246787],"palmPosition":[26.7547,163.699,56.5416],"palmVelocity":[-243.273,-175.012,-1052.51],"r":[[1,0,0],[0,1,0],[0,0,1]],"s":1,"sphereCenter":[39.8306,203.971,75.667],"sphereRadius":70.1698,"t":[-17.8718,-2.71358,-127.841]}],"id":38307,"pointables":[{"direction":[0.207379,0.645795,-0.734807],"handId":1,"id":8,"length":32.108,"tipPosition":[64.0914,155.944,-11.8318],"tipVelocity":[-504.124,-1188.12,-790.733],"tool":false}],"r":[[-0.973863,-0.226113,0.0215094],[-0.182102,0.720677,-0.668927],[0.135752,-0.655361,-0.743016]],"s":646.283,"t":[-3652.12,-9062.58,-1647.34],"timestamp":1746592886},
{"hands":[{"direction":[0.00732381,0.245292,-0.92284],"id":1,"palmNormal":[-0.382965,-0.858426,-0.178193],"palmPosition":[23.6923,161.298,46.375],"palmVelocity":[-321.349,-251.932,-1066.81],"r":[[1,0,0],[0,1,0],[0,0,1]],"s":1,"sphereCenter":[37.9604,203.079,65.8436],"sphereRadius":71.1689,"t":[-22.7361,-13.2914,-135.873]}],"id":38309,"pointables":[{"direction":[0.178276,0.530139,-0.828957],"handId":1,"id":8,"length":33.6139,"tipPosition":[58.0546,144.105,-18.5684],"tipVelocity":[-633.454,-1242.31,-706.892],"tool":false}],"r":[[-0.973863,-0.226113,0.0215094],[-0.182102,0.720677,-0.668927],[0.135752,-0.655361,-0.743016]],"s":646.283,"t":[-3656.98,-9073.16,-1655.37],"timestamp":1746602416},
{"hands":[{"direction":[-0.0205286,0.186455,-0.926811],"id":1,"palmNormal":[-0.391221,-0.857371,-0.108965],"palmPosition":[19.9412,158.01,38.3506],"palmVelocity":[-405.125,-355.174,-866.649],"r":[[1,0,0],[0,1,0],[0,0,1]],"s":1,"sphereCenter":[35.615,201.608,55.709],"sphereRadius":72.2722,"t":[-28.6808,-24.6763,-142.607]}],"id":38311,"pointables":[{"direction":[0.144142,0.387905,-0.910358],"handId":1,"id":8,"length":35.0814,"tipPosition":[51.0294,131.913,-24.0038],"tipVelocity":[-758.745,-1316.79,-587.031],"tool":false}],"r":[[-0.973863,-0.226113,0.0215094],[-0.182102,0.720677,-0.668927],[0.135752,-0.655361,-0.743016]],"s":646.283,"t":[-3662.93,-9084.54,-1662.11],"timestamp":1746611675},
{"hands":[{"direction":[-0.0466409,0.123833,-0.926539],"id":1,"palmNormal":[-0.392121,-0.8545,-0.0385865],"palmPosition":[15.5917,154.092,32.4823],"palmVelocity":[-465.689,-419.391,-628.303],"r":[[1,0,0],[0,1,0],[0,0,1]],"s":1,"sphereCenter":[32.9609,200.224,45.3701],"sphereRadius":74.177,"t":[-35.3637,-36.3202,-148.081]}],"id":38313,"pointables":[{"direction":[0.104854,0.232658,-0.96689],"handId":1,"id":8,"length":36.3931,"tipPosition":[43.6084,120.01,-28.2198],"tipVelocity":[-794.541,-1274.39,-451.397],"tool":false}],"r":[[-0.973863,-0.226113,0.0215094],[-0.182102,0.720677,-0.668927],[0.135752,-0.655361,-0.743016]],"s":646.283,"t":[-3669.61,-9096.18,-1667.58],"timestamp":1746621015},
{"hands":[{"direction":[-0.0736268,0.0601038,-0.921525],"id":1,"palmNormal":[-0.387017,-0.848971,0.0318051],"palmPosition":[10.6938,149.145,26.1991],"palmVelocity":[-530.706,-536.082,-680.812],"r":[[1,0,0],[0,1,0],[0,0,1]],"s":1,"sphereCenter":[30.255,199.101,34.5717],"sphereRadius":77.0691,"t":[-42.2486,-47.7477,-152.452]}],"id":38315,"pointables":[{"direction":[0.0623916,0.0806432,-0.994788],"handId":1,"id":8,"length":37.6717,"tipPosition":[36.5214,108.799,-31.4853],"tipVelocity":[-767.904,-1214.78,-353.833],"tool":false}],"r":[[-0.973863,-0.226113,0.0215094],[-0.182102,0.720677,-0.668927],[0.135752,-0.655361,-0.743016]],"s":646.283,"t":[-3676.49,-9107.61,-1671.95],"timestamp":1746630244},
{"hands":[{"direction":[-0.0945563,-0.00707129,-0.91201],"id":1,"palmNormal":[-0.375675,-0.84068,0.10161],"palmPosition":[5.44435,143.987,20.7133],"palmVelocity":[-550.718,-541.082,-575.508],"r":[[1,0,0],[0,1,0],[0,0,1]],"s":1,"sphereCenter":[27.3766,197.932,23.2157],"sphereRadius":80.7831,"t":[-48.7857,-58.6368,-156.149]}],"id":38317,"pointables":[{"direction":[0.0213357,-0.0509038,-0.998476],"handId":1,"id":8,"length":38.6848,"tipPosition":[30.3322,98.4482,-34.5096],"tipVelocity":[-649.308,-1085.9,-317.27],"tool":false}],"r":[[-0.973863,-0.226113,0.0215094],[-0.182102,0.720677,-0.668927],[0.135752,-0.655361,-0.743016]],"s":646.283,"t":[-3683.03,-9118.5,-1675.65],"timestamp":1746639776},
{"hands":[{"direction":[-0.108255,-0.073133,-0.900231],"id":1,"palmNormal":[-0.359899,-0.831697,0.166413],"palmPosition":[1.02818,137.989,16.0774],"palmVelocity":[-315.959,-429.147,-331.684],"r":[[1,0,0],[0,1,0],[0,0,1]],"s":1,"sphereCenter":[24.2376,195.487,11.9236],"sphereRadius":84.0385,"t":[-54.4495,-68.7201,-159.159]}],"id":38319,"pointables":[{"direction":[-0.0153775,-0.167757,-0.985708],"handId":1,"id":8,"length":39.7252,"tipPosition":[25.5417,89.1709,-36.8322],"tipVelocity":[-342.744,-663.758,-166.175],"tool":false}],"r":[[-0.973863,-0.226113,0.0215094],[-0.182102,0.720677,-0.668927],[0.135752,-0.655361,-0.743016]],"s":646.283,"t":[-3688.69,-9128.58,-1678.66],"timestamp":1746653753},
{"hands":[{"direction":[-0.115475,-0.147012,-0.878096],"id":1,"palmNormal":[-0.338681,-0.81319,0.236391],"palmPosition":[-3.96836,128.418,6.64368],"palmVelocity":[-536.225,-1027.12,-1012.42],"r":[[1,0,0],[0,1,0],[0,0,1]],"s":1,"sphereCenter":[20.8295,191.554,0.259099],"sphereRadius":87.0139,"t":[-58.6385,-78.2635,-161.809]}],"id":38321,"pointables":[{"direction":[-0.0438242,-0.284765,-0.957595],"handId":1,"id":8,"length":40.8921,"tipPosition":[22.8275,80.1672,-39.1229],"tipVelocity":[-291.28,-966.265,-245.842],"tool":false}],"r":[[-0.973863,-0.226113,0.0215094],[-0.182102,0.720677,-0.668927],[0.135752,-0.655361,-0.743016]],"s":646.283,"t":[-3692.88,-9138.13,-1681.31],"timestamp":1746663071},
{"hands":[{"direction":[-0.121579,-0.21007,-0.86003],"id":1,"palmNormal":[-0.320605,-0.798833,0.294422],"palmPosition":[-6.15035,122.062,4.0117],"palmVelocity":[-234.723,-683.735,-283.131],"r":[[1,0,0],[0,1,0],[0,0,1]],"s":1,"sphereCenter":[18.0977,188.907,-10.9412],"sphereRadius":91.1997,"t":[-61.0427,-86.4278,-163.994]}],"id":38323,"pointables":[{"direction":[-0.0607368,-0.385079,-0.920883],"handId":1,"id":8,"length":42.0978,"tipPosition":[22.208,73.3822,-40.8418],"tipVelocity":[-66.6402,-729.893,-184.907],"tool":false}],"r":[[-0.973863,-0.226113,0.0215094],[-0.182102,0.720677,-0.668927],[0.135752,-0.655361,-0.743016]],"s":646.283,"t":[-3695.29,-9146.29,-1683.5],"timestamp":1746672367},
{"hands":[{"direction":[-0.133184,-0.261158,-0.846081],"id":1,"palmNormal":[-0.307661,-0.787823,0.341881],"palmPosition":[-7.05084,117.12,2.03299],"palmVelocity":[-96.1956,-527.936,-211.378],"r":[[1,0,0],[0,1,0],[0,0,1]],"s":1,"sphereCenter":[15.3632,184.303,-19.1672],"sphereRadius":92.7116,"t":[-61.8457,-92.9854,-165.708]}],"id":38325,"pointables":[{"direction":[-0.068546,-0.46681,-0.881697],"handId":1,"id":8,"length":42.9429,"tipPosition":[23.0063,68.4312,-42.0853],"tipVelocity":[85.2791,-528.889,-132.834],"tool":false}],"r":[[-0.973863,-0.226113,0.0215094],[-0.182102,0.720677,-0.668927],[0.135752,-0.655361,-0.743016]],"s":646.283,"t":[-3696.09,-9152.85,-1685.21],"timestamp":1746681728},
{"hands":[{"direction":[-0.130535,-0.238471,-0.86371],"id":1,"palmNormal":[-0.285186,-0.813415,0.309454],"palmPosition":[-1.15969,119.977,26.8997],"palmVelocity":[625.454,303.23,2640.06],"r":[[1,0,0],[0,1,0],[0,0,1]],"s":1,"sphereCenter":[13.1733,179.384,-22.5913],"sphereRadius":91.9739,"t":[-61.3098,-97.6603,-162.106]}],"id":38327,"pointables":[],"r":[[-0.973863,-0.226113,0.0215094],[-0.182102,0.720677,-0.668927],[0.135752,-0.655361,-0.743016]],"s":646.283,"t":[-3695.55,-9157.52,-1681.61],"timestamp":1746691147},
{"hands":[{"direction":[-0.12574,-0.227924,-0.878371],"id":1,"palmNormal":[-0.273197,-0.833177,0.291127],"palmPosition":[1.40003,121.233,34.4128],"palmVelocity":[278.594,136.739,817.714],"r":[[1,0,0],[0,1,0],[0,0,1]],"s":1,"sphereCenter":[11.2929,173.588,-23.6547],"sphereRadius":89.9859,"t":[-60.3692,-101.149,-157.721]}],"id":38329,"pointables":[],"r":[[-0.973863,-0.226113,0.0215094],[-0.182102,0.720677,-0.668927],[0.135752,-0.655361,-0.743016]],"s":646.283,"t":[-3694.61,-9161.01,-1677.22],"timestamp":1746700335},
