[
{"hands":[],"id":32301,"pointables":[],"r":[[-0.347129,0.106861,0.931709],[0.374034,-0.895275,0.242037],[0.86,0.432509,0.270807]],"s":640.045,"t":[-3680.02,-8960.56,-1712.21],"timestamp":1717788802},
{"hands":[],"id":32303,"pointables":[],"r":[[-0.347129,0.106861,0.931709],[0.374034,-0.895275,0.242037],[0.86,0.432509,0.270807]],"s":640.045,"t":[-3680.02,-8960.56,-1712.21],"timestamp":1717798133},
{"hands":[],"id":32305,"pointables":[],"r":[[-0.347129,0.106861,0.931709],[0.374034,-0.895275,0.242037],[0.86,0.432509,0.270807]],"s":640.045,"t":[-3680.02,-8960.56,-1712.21],"timestamp":1717807785},
{"hands":[],"id":32307,"pointables":[],"r":[[-0.347129,0.106861,0.931709],[0.374034,-0.895275,0.242037],[0.86,0.432509,0.270807]],"s":640.045,"t":[-3680.02,-8960.56,-1712.21],"timestamp":1717817059},
{"hands":[],"id":32309,"pointables":[],"r":[[-0.347129,0.106861,0.931709],[0.374034,-0.895275,0.242037],[0.86,0.432509,0.270807]],"s":640.045,"t":[-3680.02,-8960.56,-1712.21],"timestamp":1717826405},
{"hands":[],"id":32311,"pointables":[],"r":[[-0.347129,0.106861,0.931709],[0.374034,-0.895275,0.242037],[0.86,0.432509,0.270807]],"s":640.045,"t":[-3680.02,-8960.56,-1712.21],"timestamp":1717835533},
{"hands":[],"id":32313,"pointables":[],"r":[[-0.347129,0.106861,0.931709],[0.374034,-0.895275,0.242037],[0.86,0.432509,0.270807]],"s":640.045,"t":[-3680.02,-8960.56,-1712.21],"timestamp":1717845143},
{"hands":[],"id":32315,"pointables":[],"r":[[-0.347129,0.106861,0.931709],[0.374034,-0.895275,0.242037],[0.86,0.432509,0.270807]],"s":640.045,"t":[-3680.02,-8960.56,-1712.21],"timestamp":1717854530},
{"hands":[],"id":32317,"pointables":[],"r":[[-0.347129,0.106861,0.931709],[0.374034,-0.895275,0.242037],[0.86,0.432509,0.270807]],"s":640.045,"t":[-3680.02,-8960.56,-1712.21],"timestamp":1717863551},
{"hands":[],"id":32319,"pointables":[],"r":[[-0.347129,0.106861,0.931709],[0.374034,-0.895275,0.242037],[0.86,0.432509,0.270807]],"s":640.045,"t":[-3680.02,-8960.56,-1712.21],"timestamp":1717873180},
{"hands":[],"id":32321,"pointables":[],"r":[[-0.347129,0.106861,0.931709],[0.374034,-0.895275,0.242037],[0.86,0.432509,0.270807]],"s":640.045,"t":[-3680.02,-8960.56,-1712.21],"timestamp":1717882296},
{"hands":[],"id":32323,"pointables":[],"r":[[-0.347129,0.106861,0.931709],[0.374034,-0.895275,0.242037],[0.86,0.432509,0.270807]],"s":640.045,"t":[-3680.02,-8960.56,-1712.21],"timestamp":1717891906},
{"hands":[],"id":32325,"pointables":[],"r":[[-0.347129,0.106861,0.931709],[0.374034,-0.895275,0.242037],[0.86,0.432509,0.270807]],"s":640.045,"t":[-3680.02,-8960.56,-1712.21],"timestamp":1717902138},
{"hands":[],"id":32327,"pointables":[],"r":[[-0.347129,0.106861,0.931709],[0.374034,-0.895275,0.242037],[0.86,0.432509,0.270807]],"s":640.045,"t":[-3680.02,-8960.56,-1712.21],"timestamp":1717910390},
{"hands":[],"id":32329,"pointables":[],"r":[[-0.347129,0.106861,0.931709],[0.374034,-0.895275,0.242037],[0.86,0.432509,0.270807]],"s":640.045,"t":[-3680.02,-8960.56,-1712.21],"timestamp":1717919688},
{"hands":[],"id":32331,"pointables":[],"r":[[-0.347129,0.106861,0.931709],[0.374034,-0.895275,0.242037],[0.86,0.432509,0.270807]],"s":640.045,"t":[-3680.02,-8960.56,-1712.21],"timestamp":1717929089},
{"hands":[],"id":32333,"pointables":[],"r":[[-0.347129,0.106861,0.931709],[0.374034,-0.895275,0.242037],[0.86,0.432509,0.270807]],"s":640.045,"t":[-3680.02,-8960.56,-1712.21],"timestamp":1717938530},
{"hands":[],"id":32335,"pointables":[],"r":[[-0.347129,0.106861,0.931709],[0.374034,-0.895275,0.242037],[0.86,0.432509,0.270807]],"s":640.045,"t":[-3680.02,-8960.56,-1712.21],"timestamp":1717947769},
{"hands":[],"id":32337,"pointables":[],"r":[[-0.347129,0.106861,0.931709],[0.374034,-0.895275,0.242037],[0.86,0.432509,0.270807]],"s":640.045,"t":[-3680.02,-8960.56,-1712.21],"timestamp":1717957282},
{"hands":[],"id":32339,"pointables":[],"r":[[-0.347129,0.106861,0.931709],[0.374034,-0.895275,0.242037],[0.86,0.432509,0.270807]],"s":640.045,"t":[-3680.02,-8960.56,-1712.21],"timestamp":1717966480},
{"hands":[],"id":32341,"pointables":[],"r":[[-0.347129,0.106861,0.931709],[0.374034,-0.895275,0.242037],[0.86,0.432509,0.270807]],"s":640.045,"t":[-3680.02,-8960.56,-1712.21],"timestamp":1717975635},
{"hands":[],"id":32343,"pointables":[],"r":[[-0.347129,0.106861,0.931709],[0.374034,-0.895275,0.242037],[0.86,0.432509,0.270807]],"s":640.045,"t":[-3680.02,-8960.56,-1712.21],"timestamp":1717985049},
{"hands":[],"id":32345,"pointables":[],"r":[[-0.347129,0.106861,0.931709],[0.374034,-0.895275,0.242037],[0.86,0.432509,0.270807]],"s":640.045,"t":[-3680.02,-8960.56,-1712.21],"timestamp":1717994466},
{"hands":[],"id":32347,"pointables":[],"r":[[-0.347129,0.106861,0.931709],[0.374034,-0.895275,0.242037],[0.86,0.432509,0.270807]],"s":640.045,"t":[-3680.02,-8960.56,-1712.21],"timestamp":1718004027},
{"hands":[],"id":32349,"pointables":[],"r":[[-0.347129,0.106861,0.931709],[0.374034,-0.895275,0.242037],[0.86,0.432509,0.270807]],"s":640.045,"t":[-3680.02,-8960.56,-1712.21],"timestamp":1718013093},
{"hands":[],"id":32351,"pointables":[],"r":[[-0.347129,0.106861,0.931709],[0.374034,-0.895275,0.242037],[0.86,0.432509,0.270807]],"s":640.045,"t":[-3680.02,-8960.56,-1712.21],"timestamp":1718022462},
{"hands":[],"id":32353,"pointables":[],"r":[[-0.347129,0.106861,0.931709],[0.374034,-0.895275,0.242037],[0.86,0.432509,0.270807]],"s":640.045,"t":[-3680.02,-8960.56,-1712.21],"timestamp":1718031916},
{"hands":[],"id":32355,"pointables":[],"r":[[-0.347129,0.106861,0.931709],[0.374034,-0.895275,0.242037],[0.86,0.432509,0.270807]],"s":640.045,"t":[-3680.02,-8960.56,-1712.21],"timestamp":1718041317},
{"hands":[],"id":32357,"pointables":[],"r":[[-0.347129,0.106861,0.931709],[0.374034,-0.895275,0.242037],[0.86,0.432509,0.270807]],"s":640.045,"t":[-3680.02,-8960.56,-1712.21],"timestamp":1718055423},
{"hands":[],"id":32359,"pointables":[],"r":[[-0.347129,0.106861,0.931709],[0.374034,-0.895275,0.242037],[0.86,0.432509,0.270807]],"s":640.045,"t":[-3680.02,-8960.56,-1712.21],"timestamp":1718064525},
{"hands":[],"id":32361,"pointables":[],"r":[[-0.347129,0.106861,0.931709],[0.374034,-0.895275,0.242037],[0.86,0.432509,0.270807]],"s":640.045,"t":[-3680.02,-8960.56,-1712.21],"timestamp":1718074050},
{"hands":[],"id":32363,"pointables":[],"r":[[-0.347129,0.106861,0.931709],[0.374034,-0.895275,0.242037],[0.86,0.432509,0.270807]],"s":640.045,"t":[-3680.02,-8960.56,-1712.21],"timestamp":1718083421},
{"hands":[],"id":32365,"pointables":[],"r":[[-0.347129,0.106861,0.931709],[0.374034,-0.895275,0.242037],[0.86,0.432509,0.270807]],"s":640.045,"t":[-3680.02,-8960.56,-1712.21],"timestamp":1718092768},
{"hands":[],"id":32367,"pointables":[],"r":[[-0.347129,0.106861,0.931709],[0.374034,-0.895275,0.242037],[0.86,0.432509,0.270807]],"s":640.045,"t":[-3680.02,-8960.56,-1712.21],"timestamp":1718101908},
{"hands":[],"id":32369,"pointables":[],"r":[[-0.347129,0.106861,0.931709],[0.374034,-0.895275,0.242037],[0.86,0.432509,0.270807]],"s":640.045,"t":[-3680.02,-8960.56,-1712.21],"timestamp":1718111180},
{"hands":[],"id":32371,"pointables":[],"r":[[-0.347129,0.106861,0.931709],[0.374034,-0.895275,0.242037],[0.86,0.432509,0.270807]],"s":640.045,"t":[-3680.02,-8960.56,-1712.21],"timestamp":1718120604},
{"hands":[],"id":32373,"pointables":[],"r":[[-0.347129,0.106861,0.931709],[0.374034,-0.895275,0.242037],[0.86,0.432509,0.270807]],"s":640.045,"t":[-3680.02,-8960.56,-1712.21],"timestamp":1718129954},
{"hands":[],"id":32375,"pointables":[],"r":[[-0.347129,0.106861,0.931709],[0.374034,-0.895275,0.242037],[0.86,0.432509,0.270807]],"s":640.045,"t":[-3680.02,-8960.56,-1712.21],"timestamp":1718139177},
{"hands":[],"id":32377,"pointables":[],"r":[[-0.347129,0.106861,0.931709],[0.374034,-0.895275,0.242037],[0.86,0.432509,0.270807]],"s":640.045,"t":[-3680.02,-8960.56,-1712.21],"timestamp":1718148631},
{"hands":[],"id":32379,"pointables":[],"r":[[-0.347129,0.106861,0.931709],[0.374034,-0.895275,0.242037],[0.86,0.432509,0.270807]],"s":640.045,"t":[-3680.02,-8960.56,-1712.21],"timestamp":1718162778},
{"hands":[],"id":32381,"pointables":[],"r":[[-0.347129,0.106861,0.931709],[0.374034,-0.895275,0.242037],[0.86,0.432509,0.270807]],"s":640.045,"t":[-3680.02,-8960.56,-1712.21],"timestamp":1718171947},
{"hands":[],"id":32383,"pointables":[],"r":[[-0.347129,0.106861,0.931709],[0.374034,-0.895275,0.242037],[0.86,0.432509,0.270807]],"s":640.045,"t":[-3680.02,-8960.56,-1712.21],"timestamp":1718181317},
{"hands":[],"id":32385,"pointables":[],"r":[[-0.347129,0.106861,0.931709],[0.374034,-0.895275,0.242037],[0.86,0.432509,0.270807]],"s":640.045,"t":[-3680.02,-8960.56,-1712.21],"timestamp":1718190739},
{"hands":[],"id":32387,"pointables":[],"r":[[-0.347129,0.106861,0.931709],[0.374034,-0.895275,0.242037],[0.86,0.432509,0.270807]],"s":640.045,"t":[-3680.02,-8960.56,-1712.21],"timestamp":1718200157},
{"hands":[],"id":32389,"pointables":[],"r":[[-0.347129,0.106861,0.931709],[0.374034,-0.895275,0.242037],[0.86,0.432509,0.270807]],"s":640.045,"t":[-3680.02,-8960.56,-1712.21],"timestamp":1718209285},
{"hands":[],"id":32391,"pointables":[],"r":[[-0.347129,0.106861,0.931709],[0.374034,-0.895275,0.242037],[0.86,0.432509,0.270807]],"s":640.045,"t":[-3680.02,-8960.56,-1712.21],"timestamp":1718218661},
{"hands":[],"id":32393,"pointables":[],"r":[[-0.347129,0.106861,0.931709],[0.374034,-0.895275,0.242037],[0.86,0.432509,0.270807]],"s":640.045,"t":[-3680.02,-8960.56,-1712.21],"timestamp":1718228144},
{"hands":[],"id":32395,"pointables":[],"r":[[-0.347129,0.106861,0.931709],[0.374034,-0.895275,0.242037],[0.86,0.432509,0.270807]],"s":640.045,"t":[-3680.02,-8960.56,-1712.21],"timestamp":1718237484},
{"hands":[],"id":32397,"pointables":[],"r":[[-0.347129,0.106861,0.931709],[0.374034,-0.895275,0.242037],[0.86,0.432509,0.270807]],"s":640.045,"t":[-3680.02,-8960.56,-1712.21],"timestamp":1718246865},
{"hands":[],"id":32399,"pointables":[],"r":[[-0.347129,0.106861,0.931709],[0.374034,-0.895275,0.242037],[0.86,0.432509,0.270807]],"s":640.045,"t":[-3680.02,-8960.56,-1712.21],"timestamp":1718260853},
{"hands":[],"id":32401,"pointables":[],"r":[[-0.347129,0.106861,0.931709],[0.374034,-0.895275,0.242037],[0.86,0.432509,0.270807]],"s":640.045,"t":[-3680.02,-8960.56,-1712.21],"timestamp":1718270278},
{"hands":[],"id":32403,"pointables":[],"r":[[-0.347129,0.106861,0.931709],[0.374034,-0.895275,0.242037],[0.86,0.432509,0.270807]],"s":640.045,"t":[-3680.02,-8960.56,-1712.21],"timestamp":1718279424},
{"hands":[],"id":32405,"pointables":[],"r":[[-0.347129,0.106861,0.931709],[0.374034,-0.895275,0.242037],[0.86,0.432509,0.270807]],"s":640.045,"t":[-3680.02,-8960.56,-1712.21],"timestamp":1718288884},
{"hands":[],"id":32407,"pointables":[],"r":[[-0.347129,0.106861,0.931709],[0.374034,-0.895275,0.242037],[0.86,0.432509,0.270807]],"s":640.045,"t":[-3680.02,-8960.56,-1712.21],"timestamp":1718298121},
{"hands":[],"id":32409,"pointables":[],"r":[[-0.347129,0.106861,0.931709],[0.374034,-0.895275,0.242037],[0.86,0.432509,0.270807]],"s":640.045,"t":[-3680.02,-8960.56,-1712.21],"timestamp":1718307657},
{"hands":[],"id":32411,"pointables":[],"r":[[-0.347129,0.106861,0.931709],[0.374034,-0.895275,0.242037],[0.86,0.432509,0.270807]],"s":640.045,"t":[-3680.02,-8960.56,-1712.21],"timestamp":1718316835},
{"hands":[],"id":32413,"pointables":[],"r":[[-0.347129,0.106861,0.931709],[0.374034,-0.895275,0.242037],[0.86,0.432509,0.270807]],"s":640.045,"t":[-3680.02,-8960.56,-1712.21],"timestamp":1718326232},
{"hands":[],"id":32415,"pointables":[],"r":[[-0.347129,0.106861,0.931709],[0.374034,-0.895275,0.242037],[0.86,0.432509,0.270807]],"s":640.045,"t":[-3680.02,-8960.56,-1712.21],"timestamp":1718335405},
{"hands":[],"id":32417,"pointables":[],"r":[[-0.347129,0.106861,0.931709],[0.374034,-0.895275,0.242037],[0.86,0.432509,0.270807]],"s":640.045,"t":[-3680.02,-8960.56,-1712.21],"timestamp":1718344975},
{"hands":[],"id":32419,"pointables":[],"r":[[-0.347129,0.106861,0.931709],[0.374034,-0.895275,0.242037],[0.86,0.432509,0.270807]],"s":640.045,"t":[-3680.02,-8960.56,-1712.21],"timestamp":1718354406},
{"hands":[],"id":32421,"pointables":[],"r":[[-0.347129,0.106861,0.931709],[0.374034,-0.895275,0.242037],[0.86,0.432509,0.270807]],"s":640.045,"t":[-3680.02,-8960.56,-1712.21],"timestamp":1718368421},
{"hands":[],"id":32423,"pointables":[],"r":[[-0.347129,0.106861,0.931709],[0.374034,-0.895275,0.242037],[0.86,0.432509,0.270807]],"s":640.045,"t":[-3680.02,-8960.56,-1712.21],"timestamp":1718377766},
{"hands":[],"id":32425,"pointables":[],"r":[[-0.347129,0.106861,0.931709],[0.374034,-0.895275,0.242037],[0.86,0.432509,0.270807]],"s":640.045,"t":[-3680.02,-8960.56,-1712.21],"timestamp":1718386987},
{"hands":[],"id":32427,"pointables":[],"r":[[-0.347129,0.106861,0.931709],[0.374034,-0.895275,0.242037],[0.86,0.432509,0.270807]],"s":640.045,"t":[-3680.02,-8960.56,-1712.21],"timestamp":1718396362},
{"hands":[],"id":32429,"pointables":[],"r":[[-0.347129,0.106861,0.931709],[0.374034,-0.895275,0.242037],[0.86,0.432509,0.270807]],"s":640.045,"t":[-3680.02,-8960.56,-1712.21],"timestamp":1718405774},
{"hands":[],"id":32431,"pointables":[],"r":[[-0.347129,0.106861,0.931709],[0.374034,-0.895275,0.242037],[0.86,0.432509,0.270807]],"s":640.045,"t":[-3680.02,-8960.56,-1712.21],"timestamp":1718414886},
{"hands":[],"id":32433,"pointables":[],"r":[[-0.347129,0.106861,0.931709],[0.374034,-0.895275,0.242037],[0.86,0.432509,0.270807]],"s":640.045,"t":[-3680.02,-8960.56,-1712.21],"timestamp":1718424332},
{"hands":[],"id":32435,"pointables":[],"r":[[-0.347129,0.106861,0.931709],[0.374034,-0.895275,0.242037],[0.86,0.432509,0.270807]],"s":640.045,"t":[-3680.02,-8960.56,-1712.21],"timestamp":1718433727},
{"hands":[],"id":32437,"pointables":[],"r":[[-0.347129,0.106861,0.931709],[0.374034,-0.895275,0.242037],[0.86,0.432509,0.270807]],"s":640.045,"t":[-3680.02,-8960.56,-1712.21],"timestamp":1718442905},
{"hands":[],"id":32439,"pointables":[],"r":[[-0.347129,0.106861,0.931709],[0.374034,-0.895275,0.242037],[0.86,0.432509,0.270807]],"s":640.045,"t":[-3680.02,-8960.56,-1712.21],"timestamp":1718452321},
{"hands":[],"id":32441,"pointables":[],"r":[[-0.347129,0.106861,0.931709],[0.374034,-0.895275,0.242037],[0.86,0.432509,0.270807]],"s":640.045,"t":[-3680.02,-8960.56,-1712.21],"timestamp":1718461499},
{"hands":[],"id":32443,"pointables":[],"r":[[-0.347129,0.106861,0.931709],[0.374034,-0.895275,0.242037],[0.86,0.432509,0.270807]],"s":640.045,"t":[-3680.02,-8960.56,-1712.21],"timestamp":1718471028},
{"hands":[],"id":32445,"pointables":[],"r":[[-0.347129,0.106861,0.931709],[0.374034,-0.895275,0.242037],[0.86,0.432509,0.270807]],"s":640.045,"t":[-3680.02,-8960.56,-1712.21],"timestamp":1718480526},
{"hands":[],"id":32447,"pointables":[],"r":[[-0.347129,0.106861,0.931709],[0.374034,-0.895275,0.242037],[0.86,0.432509,0.270807]],"s":640.045,"t":[-3680.02,-8960.56,-1712.21],"timestamp":1718489650},
{"hands":[],"id":32449,"pointables":[],"r":[[-0.347129,0.106861,0.931709],[0.374034,-0.895275,0.242037],[0.86,0.432509,0.270807]],"s":640.045,"t":[-3680.02,-8960.56,-1712.21],"timestamp":1718499166},
{"hands":[],"id":32451,"pointables":[],"r":[[-0.347129,0.106861,0.931709],[0.374034,-0.895275,0.242037],[0.86,0.432509,0.270807]],"s":640.045,"t":[-3680.02,-8960.56,-1712.21],"timestamp":1718508651},
{"hands":[],"id":32453,"pointables":[],"r":[[-0.347129,0.106861,0.931709],[0.374034,-0.895275,0.242037],[0.86,0.432509,0.270807]],"s":640.045,"t":[-3680.02,-8960.56,-1712.21],"timestamp":1718517746},
{"hands":[],"id":32455,"pointables":[],"r":[[-0.347129,0.106861,0.931709],[0.374034,-0.895275,0.242037],[0.86,0.432509,0.270807]],"s":640.045,"t":[-3680.02,-8960.56,-1712.21],"timestamp":1718527272},
{"hands":[],"id":32457,"pointables":[],"r":[[-0.347129,0.106861,0.931709],[0.374034,-0.895275,0.242037],[0.86,0.432509,0.270807]],"s":640.045,"t":[-3680.02,-8960.56,-1712.21],"timestamp":1718536518},
{"hands":[],"id":32459,"pointables":[],"r":[[-0.347129,0.106861,0.931709],[0.374034,-0.895275,0.242037],[0.86,0.432509,0.270807]],"s":640.045,"t":[-3680.02,-8960.56,-1712.21],"timestamp":1718545775},
{"hands":[],"id":32461,"pointables":[],"r":[[-0.347129,0.106861,0.931709],[0.374034,-0.895275,0.242037],[0.86,0.432509,0.270807]],"s":640.045,"t":[-3680.02,-8960.56,-1712.21],"timestamp":1718555174},
{"hands":[],"id":32463,"pointables":[],"r":[[-0.347129,0.106861,0.931709],[0.374034,-0.895275,0.242037],[0.86,0.432509,0.270807]],"s":640.045,"t":[-3680.02,-8960.56,-1712.21],"timestamp":1718564642},
{"hands":[],"id":32465,"pointables":[],"r":[[-0.347129,0.106861,0.931709],[0.374034,-0.895275,0.242037],[0.86,0.432509,0.270807]],"s":640.045,"t":[-3680.02,-8960.56,-1712.21],"timestamp":1718573962},
{"hands":[],"id":32467,"pointables":[],"r":[[-0.347129,0.106861,0.931709],[0.374034,-0.895275,0.242037],[0.86,0.432509,0.270807]],"s":640.045,"t":[-3680.02,-8960.56,-1712.21],"timestamp":1718583024},
{"hands":[],"id":32469,"pointables":[],"r":[[-0.347129,0.106861,0.931709],[0.374034,-0.895275,0.242037],[0.86,0.432509,0.270807]],"s":640.045,"t":[-3680.02,-8960.56,-1712.21],"timestamp":1718592661},
{"hands":[],"id":32471,"pointables":[],"r":[[-0.347129,0.106861,0.931709],[0.374034,-0.895275,0.242037],[0.86,0.432509,0.270807]],"s":640.045,"t":[-3680.02,-8960.56,-1712.21],"timestamp":1718601771},
{"hands":[],"id":32473,"pointables":[],"r":[[-0.347129,0.106861,0.931709],[0.374034,-0.895275,0.242037],[0.86,0.432509,0.270807]],"s":640.045,"t":[-3680.02,-8960.56,-1712.21],"timestamp":1718611453},
{"hands":[],"id":32475,"pointables":[],"r":[[-0.347129,0.106861,0.931709],[0.374034,-0.895275,0.242037],[0.86,0.432509,0.270807]],"s":640.045,"t":[-3680.02,-8960.56,-1712.21],"timestamp":1718620495},
{"hands":[],"id":32477,"pointables":[],"r":[[-0.347129,0.106861,0.931709],[0.374034,-0.895275,0.242037],[0.86,0.432509,0.270807]],"s":640.045,"t":[-3680.02,-8960.56,-1712.21],"timestamp":1718629837},
{"hands":[],"id":32479,"pointables":[],"r":[[-0.347129,0.106861,0.931709],[0.374034,-0.895275,0.242037],[0.86,0.432509,0.270807]],"s":640.045,"t":[-3680.02,-8960.56,-1712.21],"timestamp":1718639292},
{"hands":[],"id":32481,"pointables":[],"r":[[-0.347129,0.106861,0.931709],[0.374034,-0.895275,0.242037],[0.86,0.432509,0.270807]],"s":640.045,"t":[-3680.02,-8960.56,-1712.21],"timestamp":1718648525},
{"hands":[],"id":32483,"pointables":[],"r":[[-0.347129,0.106861,0.931709],[0.374034,-0.895275,0.242037],[0.86,0.432509,0.270807]],"s":640.045,"t":[-3680.02,-8960.56,-1712.21],"timestamp":1718662795},
{"hands":[],"id":32485,"pointables":[{"direction":[0.338553,0.722272,-0.60308],"handId":3,"id":6,"length":29.7273,"tipPosition":[60.1209,137.368,161.432],"tipVelocity":[-96.6569,165.09,-22.8777],"tool":false}],"r":[[-0.347129,0.106861,0.931709],[0.374034,-0.895275,0.242037],[0.86,0.432509,0.270807]],"s":640.045,"t":[-3680.46,-8959.8,-1712.31],"timestamp":1718672008},
{"hands":[],"id":32487,"pointables":[{"direction":[0.340235,0.723329,-0.600862],"handId":3,"id":6,"length":30.1928,"tipPosition":[59.4898,139.111,161.077],"tipVelocity":[-67.2351,185.716,-37.7434],"tool":false}],"r":[[-0.347129,0.106861,0.931709],[0.374034,-0.895275,0.242037],[0.86,0.432509,0.270807]],"s":640.045,"t":[-3681,-8958.54,-1712.54],"timestamp":1718681395},
{"hands":[],"id":32489,"pointables":[{"direction":[0.345893,0.728498,-0.591311],"handId":3,"id":6,"length":29.6824,"tipPosition":[58.934,140.809,160.64],"tipVelocity":[-59.1903,180.822,-46.5752],"tool":false}],"r":[[-0.347129,0.106861,0.931709],[0.374034,-0.895275,0.242037],[0.86,0.432509,0.270807]],"s":640.045,"t":[-3681.55,-8957.07,-1712.88],"timestamp":1718690785},
{"hands":[],"id":32491,"pointables":[{"direction":[0.345131,0.723549,-0.597797],"handId":3,"id":6,"length":29.354,"tipPosition":[58.371,142.425,160.202],"tipVelocity":[-61.4087,176.305,-47.7605],"tool":false}],"r":[[-0.347129,0.106861,0.931709],[0.374034,-0.895275,0.242037],[0.86,0.432509,0.270807]],"s":640.045,"t":[-3682.1,-8955.52,-1713.26],"timestamp":1718699952},
{"hands":[],"id":32493,"pointables":[{"direction":[0.3473,0.731777,-0.586417],"handId":3,"id":6,"length":29.0588,"tipPosition":[57.9716,144.324,159.5],"tipVelocity":[-41.7076,198.296,-73.2665],"tool":false}],"r":[[-0.347129,0.106861,0.931709],[0.374034,-0.895275,0.242037],[0.86,0.432509,0.270807]],"s":640.045,"t":[-3682.58,-8953.8,-1713.81],"timestamp":1718709529},
{"hands":[],"id":32495,"pointables":[{"direction":[0.350612,0.734546,-0.580959],"handId":3,"id":6,"length":28.918,"tipPosition":[57.4651,145.98,158.911],"tipVelocity":[-55.7265,182.206,-64.8428],"tool":false}],"r":[[-0.347129,0.106861,0.931709],[0.374034,-0.895275,0.242037],[0.86,0.432509,0.270807]],"s":640.045,"t":[-3683.07,-8952.11,-1714.37],"timestamp":1718718619},
{"hands":[],"id":32497,"pointables":[{"direction":[0.348724,0.727251,-0.591184],"handId":3,"id":6,"length":28.7773,"tipPosition":[56.8691,147.394,158.322],"tipVelocity":[-62.3472,147.88,-61.635],"tool":false}],"r":[[-0.347129,0.106861,0.931709],[0.374034,-0.895275,0.242037],[0.86,0.432509,0.270807]],"s":640.045,"t":[-3683.61,-8950.56,-1714.95],"timestamp":1718728177},
{"hands":[],"id":32499,"pointables":[{"direction":[0.350255,0.728506,-0.588727],"handId":3,"id":6,"length":28.6844,"tipPosition":[56.2678,148.772,157.74],"tipVelocity":[-65.4961,150.073,-63.377],"tool":false}],"r":[[-0.347129,0.106861,0.931709],[0.374034,-0.895275,0.242037],[0.86,0.432509,0.270807]],"s":640.045,"t":[-3684.19,-8949.1,-1715.53],"timestamp":1718737359},
{"hands":[],"id":32501,"pointables":[{"direction":[0.349922,0.725968,-0.592051],"handId":3,"id":6,"length":28.6086,"tipPosition":[55.6952,150.194,157.021],"tipVelocity":[-60.0713,149.174,-75.4366],"tool":false}],"r":[[-0.347129,0.106861,0.931709],[0.374034,-0.895275,0.242037],[0.86,0.432509,0.270807]],"s":640.045,"t":[-3684.76,-8947.65,-1716.18],"timestamp":1718746891},
{"hands":[],"id":32503,"pointables":[{"direction":[0.34428,0.712592,-0.611297],"handId":3,"id":6,"length":28.7817,"tipPosition":[55.1426,151.647,156.318],"tipVelocity":[-60.2355,158.451,-76.6291],"tool":false}],"r":[[-0.347129,0.106861,0.931709],[0.374034,-0.895275,0.242037],[0.86,0.432509,0.270807]],"s":640.045,"t":[-3685.32,-8946.2,-1716.86],"timestamp":1718756065},
{"hands":[],"id":32505,"pointables":[{"direction":[0.340435,0.709045,-0.617543],"handId":3,"id":6,"length":28.7718,"tipPosition":[54.6689,153.256,155.508],"tipVelocity":[-50.3379,170.982,-86.1226],"tool":false}],"r":[[-0.347129,0.106861,0.931709],[0.374034,-0.895275,0.242037],[0.86,0.432509,0.270807]],"s":640.045,"t":[-3685.84,-8944.68,-1717.6],"timestamp":1718765474},
{"hands":[],"id":32507,"pointables":[{"direction":[0.337354,0.712236,-0.615558],"handId":3,"id":6,"length":28.5428,"tipPosition":[54.1649,154.787,154.844],"tipVelocity":[-54.7624,166.341,-72.0703],"tool":false}],"r":[[-0.347129,0.106861,0.931709],[0.374034,-0.895275,0.242037],[0.86,0.432509,0.270807]],"s":640.045,"t":[-3686.35,-8943.15,-1718.3],"timestamp":1718774677},
{"hands":[],"id":32509,"pointables":[{"direction":[0.336058,0.717912,-0.609646],"handId":3,"id":6,"length":28.5035,"tipPosition":[53.6748,156.329,154.147],"tipVelocity":[-51.9666,163.513,-73.9439],"tool":false}],"r":[[-0.347129,0.106861,0.931709],[0.374034,-0.895275,0.242037],[0.86,0.432509,0.270807]],"s":640.045,"t":[-3686.85,-8941.61,-1719],"timestamp":1718784109},
{"hands":[],"id":32511,"pointables":[{"direction":[0.334749,0.72025,-0.607604],"handId":3,"id":6,"length":28.3313,"tipPosition":[53.1828,157.808,153.463],"tipVelocity":[-53.6996,161.38,-74.6399],"tool":false}],"r":[[-0.347129,0.106861,0.931709],[0.374034,-0.895275,0.242037],[0.86,0.432509,0.270807]],"s":640.045,"t":[-3687.35,-8940.1,-1719.69],"timestamp":1718793271},
{"hands":[],"id":32513,"pointables":[{"direction":[0.335126,0.72199,-0.605328],"handId":3,"id":6,"length":28.1653,"tipPosition":[52.6805,159.213,152.888],"tipVelocity":[-52.2254,146.087,-59.8079],"tool":false}],"r":[[-0.347129,0.106861,0.931709],[0.374034,-0.895275,0.242037],[0.86,0.432509,0.270807]],"s":640.045,"t":[-3687.85,-8938.65,-1720.33],"timestamp":1718802888},
{"hands":[],"id":32515,"pointables":[{"direction":[0.334106,0.724337,-0.603083],"handId":3,"id":6,"length":28.0763,"tipPosition":[52.1906,160.619,152.339],"tipVelocity":[-52.0418,149.383,-58.3489],"tool":false}],"r":[[-0.347129,0.106861,0.931709],[0.374034,-0.895275,0.242037],[0.86,0.432509,0.270807]],"s":640.045,"t":[-3688.34,-8937.22,-1720.92],"timestamp":1718812302},
{"hands":[],"id":32517,"pointables":[{"direction":[0.331992,0.726119,-0.602106],"handId":3,"id":6,"length":28.4387,"tipPosition":[51.6934,161.922,151.921],"tipVelocity":[-54.4776,142.776,-45.7088],"tool":false}],"r":[[-0.347129,0.106861,0.931709],[0.374034,-0.895275,0.242037],[0.86,0.432509,0.270807]],"s":640.045,"t":[-3688.84,-8935.85,-1721.42],"timestamp":1718821430},
{"hands":[],"id":32519,"pointables":[{"direction":[0.329025,0.724966,-0.605118],"handId":3,"id":6,"length":28.2773,"tipPosition":[51.2274,163.213,151.508],"tipVelocity":[-49.1475,136.19,-43.6001],"tool":false}],"r":[[-0.347129,0.106861,0.931709],[0.374034,-0.895275,0.242037],[0.86,0.432509,0.270807]],"s":640.045,"t":[-3689.32,-8934.52,-1721.88],"timestamp":1718830911},
{"hands":[],"id":32521,"pointables":[{"direction":[0.329146,0.730693,-0.598123],"handId":3,"id":6,"length":27.8173,"tipPosition":[50.7974,164.541,151.139],"tipVelocity":[-46.592,143.838,-39.9318],"tool":false}],"r":[[-0.347129,0.106861,0.931709],[0.374034,-0.895275,0.242037],[0.86,0.432509,0.270807]],"s":640.045,"t":[-3689.77,-8933.19,-1722.3],"timestamp":1718840140},
{"hands":[],"id":32523,"pointables":[{"direction":[0.327023,0.72834,-0.602143],"handId":3,"id":6,"length":27.5106,"tipPosition":[50.3719,165.797,150.832],"tipVelocity":[-45.2119,133.526,-32.701],"tool":false}],"r":[[-0.347129,0.106861,0.931709],[0.374034,-0.895275,0.242037],[0.86,0.432509,0.270807]],"s":640.045,"t":[-3690.21,-8931.9,-1722.66],"timestamp":1718849551},
{"hands":[],"id":32525,"pointables":[{"direction":[0.326628,0.731505,-0.598511],"handId":3,"id":6,"length":27.2799,"tipPosition":[49.9442,167.023,150.527],"tipVelocity":[-45.1308,129.283,-32.1055],"tool":false}],"r":[[-0.347129,0.106861,0.931709],[0.374034,-0.895275,0.242037],[0.86,0.432509,0.270807]],"s":640.045,"t":[-3690.65,-8930.64,-1722.99],"timestamp":1718859029},
{"hands":[],"id":32527,"pointables":[{"direction":[0.325772,0.73469,-0.595066],"handId":3,"id":6,"length":26.951,"tipPosition":[49.5417,168.347,150.347],"tipVelocity":[-43.6837,143.703,-19.6141],"tool":false}],"r":[[-0.347129,0.106861,0.931709],[0.374034,-0.895275,0.242037],[0.86,0.432509,0.270807]],"s":640.045,"t":[-3691.07,-8929.35,-1723.25],"timestamp":1718868242},
{"hands":[],"id":32529,"pointables":[{"direction":[0.32592,0.740639,-0.587563],"handId":3,"id":6,"length":26.9462,"tipPosition":[49.0366,169.413,150.383],"tipVelocity":[-53.6375,113.197,3.80252],"tool":false}],"r":[[-0.347129,0.106861,0.931709],[0.374034,-0.895275,0.242037],[0.86,0.432509,0.270807]],"s":640.045,"t":[-3691.53,-8928.17,-1723.36],"timestamp":1718877658},
{"hands":[],"id":32531,"pointables":[{"direction":[0.325806,0.744207,-0.583101],"handId":3,"id":6,"length":26.9738,"tipPosition":[48.4672,170.288,150.376],"tipVelocity":[-62.0549,95.4245,-0.716479],"tool":false}],"r":[[-0.347129,0.106861,0.931709],[0.374034,-0.895275,0.242037],[0.86,0.432509,0.270807]],"s":640.045,"t":[-3692.04,-8927.14,-1723.41],"timestamp":1718886834},
{"hands":[],"id":32533,"pointables":[{"direction":[0.325606,0.75068,-0.574856],"handId":3,"id":6,"length":27.0186,"tipPosition":[47.9845,171.502,150.36],"tipVelocity":[-50.4589,126.912,-1.68834],"tool":false}],"r":[[-0.347129,0.106861,0.931709],[0.374034,-0.895275,0.242037],[0.86,0.432509,0.270807]],"s":640.045,"t":[-3692.54,-8926.02,-1723.45],"timestamp":1718896401},
{"hands":[],"id":32535,"pointables":[{"direction":[0.32552,0.756156,-0.567684],"handId":3,"id":6,"length":27.0919,"tipPosition":[47.4738,172.737,150.399],"tipVelocity":[-56.4141,136.438,4.30011],"tool":false}],"r":[[-0.347129,0.106861,0.931709],[0.374034,-0.895275,0.242037],[0.86,0.432509,0.270807]],"s":640.045,"t":[-3693.05,-8924.84,-1723.45],"timestamp":1718905453},
{"hands":[],"id":32537,"pointables":[{"direction":[0.325308,0.761565,-0.56053],"handId":3,"id":6,"length":27.0859,"tipPosition":[46.949,174.024,150.5],"tipVelocity":[-55.163,135.193,10.6088],"tool":false}],"r":[[-0.347129,0.106861,0.931709],[0.374034,-0.895275,0.242037],[0.86,0.432509,0.270807]],"s":640.045,"t":[-3693.56,-8923.61,-1723.4],"timestamp":1718914968},
{"hands":[],"id":32539,"pointables":[{"direction":[0.324591,0.765411,-0.555686],"handId":3,"id":6,"length":27.0234,"tipPosition":[46.3149,175.076,150.602],"tipVelocity":[-68.7568,114.159,11.1031],"tool":false}],"r":[[-0.347129,0.106861,0.931709],[0.374034,-0.895275,0.242037],[0.86,0.432509,0.270807]],"s":640.045,"t":[-3694.14,-8922.47,-1723.32],"timestamp":1718924189},
{"hands":[{"direction":[0.307241,0.780221,-0.52583],"id":3,"palmNormal":[-0.409086,-0.383331,-0.806461],"palmPosition":[44.6332,149.647,171.043],"palmVelocity":[-57.7012,118.53,-29.3922],"r":[[1,0,0],[0,1,0],[0,0,1]],"s":1,"sphereCenter":[52.6242,152.238,189.871],"sphereRadius":49.3442,"t":[0,0,0]}],"id":32541,"pointables":[{"direction":[0.325122,0.770061,-0.548909],"handId":3,"id":6,"length":27.1942,"tipPosition":[45.6872,176.248,150.705],"tipVelocity":[-66.3224,123.758,10.8863],"tool":false}],"r":[[-0.347129,0.106861,0.931709],[0.374034,-0.895275,0.242037],[0.86,0.432509,0.270807]],"s":640.045,"t":[-3694.74,-8921.31,-1723.23],"timestamp":1718933654},
{"hands":[{"direction":[0.302786,0.785156,-0.523503],"id":3,"palmNormal":[-0.41734,-0.378414,-0.808395],"palmPosition":[43.983,150.569,171.027],"palmVelocity":[-68.9508,97.7292,-1.68565],"r":[[1,0,0],[0,1,0],[0,0,1]],"s":1,"sphereCenter":[52.2387,153.464,190.223],"sphereRadius":49.4384,"t":[-0.338725,0.58463,0.0358586]}],"id":32543,"pointables":[{"direction":[0.324173,0.770951,-0.548221],"handId":3,"id":6,"length":27.0698,"tipPosition":[45.0098,177.417,150.777],"tipVelocity":[-71.8323,123.98,7.60442],"tool":false}],"r":[[-0.347129,0.106861,0.931709],[0.374034,-0.895275,0.242037],[0.86,0.432509,0.270807]],"s":640.045,"t":[-3695.38,-8920.15,-1723.15],"timestamp":1718943085},
{"hands":[{"direction":[0.38573,0.715102,-0.501081],"id":3,"palmNormal":[-0.261364,-0.480863,-0.613653],"palmPosition":[46.3471,155.086,178.943],"palmVelocity":[258.004,492.915,863.891],"r":[[1,0,0],[0,1,0],[0,0,1]],"s":1,"sphereCenter":[60.3708,160.944,204.616],"sphereRadius":63.9664,"t":[-0.820517,1.62856,0.0750372]}],"id":32545,"pointables":[{"direction":[0.32353,0.777478,-0.53931],"handId":3,"id":6,"length":26.9969,"tipPosition":[44.3849,178.92,150.819],"tipVelocity":[-68.1936,164.055,4.63806],"tool":false}],"r":[[-0.347129,0.106861,0.931709],[0.374034,-0.895275,0.242037],[0.86,0.432509,0.270807]],"s":640.045,"t":[-3696.01,-8918.82,-1723.09],"timestamp":1718952248},
{"hands":[{"direction":[0.368437,0.730532,-0.50128],"id":3,"palmNormal":[-0.311758,-0.448952,-0.648158],"palmPosition":[45.5546,157.202,175.498],"palmVelocity":[-56.8802,151.894,-247.255],"r":[[1,0,0],[0,1,0],[0,0,1]],"s":1,"sphereCenter":[59.0331,161.579,202.629],"sphereRadius":61.7675,"t":[0.399514,2.10642,-0.242888]}],"id":32547,"pointables":[{"direction":[0.319448,0.783932,-0.532357],"handId":3,"id":6,"length":27.185,"tipPosition":[47.3067,178.832,150.144],"tipVelocity":[209.722,-6.3317,-48.4517],"tool":false}],"r":[[-0.347129,0.106861,0.931709],[0.374034,-0.895275,0.242037],[0.86,0.432509,0.270807]],"s":640.045,"t":[-3694.86,-8918.19,-1723.4],"timestamp":1718966180},
{"hands":[{"direction":[0.35517,0.74028,-0.506049],"id":3,"palmNormal":[-0.320787,-0.445433,-0.682667],"palmPosition":[45.176,157.021,174.14],"palmVelocity":[-40.4105,-19.2757,-144.969],"r":[[1,0,0],[0,1,0],[0,0,1]],"s":1,"sphereCenter":[58.4068,162.07,202.659],"sphereRadius":61.6111,"t":[2.1508,2.50634,-0.748429]}],"id":32549,"pointables":[{"direction":[0.318815,0.793212,-0.518818],"handId":3,"id":6,"length":27.0289,"tipPosition":[49.5893,179.154,149.451],"tipVelocity":[243.652,34.3687,-73.992],"tool":false}],"r":[[-0.347129,0.106861,0.931709],[0.374034,-0.895275,0.242037],[0.86,0.432509,0.270807]],"s":640.045,"t":[-3693.15,-8917.72,-1723.9],"timestamp":1718975548},
{"hands":[{"direction":[0.344571,0.746704,-0.512547],"id":3,"palmNormal":[-0.333166,-0.443261,-0.707781],"palmPosition":[44.7345,157.591,172.847],"palmVelocity":[-47.1616,60.8883,-138.093],"r":[[1,0,0],[0,1,0],[0,0,1]],"s":1,"sphereCenter":[57.6798,162.823,202.308],"sphereRadius":61.2756,"t":[3.91964,2.97,-1.33728]}],"id":32551,"pointables":[{"direction":[0.312829,0.785689,-0.533695],"handId":3,"id":6,"length":27.0292,"tipPosition":[51.3757,179.681,148.779],"tipVelocity":[190.795,56.3289,-71.7884],"tool":false}],"r":[[-0.347129,0.106861,0.931709],[0.374034,-0.895275,0.242037],[0.86,0.432509,0.270807]],"s":640.045,"t":[-3691.4,-8917.22,-1724.48],"timestamp":1718984911},
{"hands":[{"direction":[0.334692,0.749589,-0.522094],"id":3,"palmNormal":[-0.345644,-0.445989,-0.724306],"palmPosition":[44.1501,158.202,171.072],"palmVelocity":[-61.2785,64.0595,-186.177],"r":[[1,0,0],[0,1,0],[0,0,1]],"s":1,"sphereCenter":[55.7891,162.095,199.624],"sphereRadius":59.9921,"t":[5.52378,3.62245,-1.97501]}],"id":32553,"pointables":[{"direction":[0.305479,0.775514,-0.552503],"handId":3,"id":6,"length":26.8794,"tipPosition":[52.8151,180.523,148.092],"tipVelocity":[150.946,88.2178,-72.0036],"tool":false}],"r":[[-0.347129,0.106861,0.931709],[0.374034,-0.895275,0.242037],[0.86,0.432509,0.270807]],"s":640.045,"t":[-3689.81,-8916.55,-1725.12],"timestamp":1718994447},
{"hands":[{"direction":[0.328552,0.757195,-0.521755],"id":3,"palmNormal":[-0.360407,-0.433232,-0.743082],"palmPosition":[43.639,159.999,170.002],"palmVelocity":[-55.0433,193.463,-115.222],"r":[[1,0,0],[0,1,0],[0,0,1]],"s":1,"sphereCenter":[55.3931,163.6,199.281],"sphereRadius":59.8504,"t":[6.83256,4.38803,-2.757]}],"id":32555,"pointables":[{"direction":[0.294315,0.755823,-0.584902],"handId":3,"id":6,"length":26.7081,"tipPosition":[53.8285,181.401,147.166],"tipVelocity":[109.134,94.6273,-99.7456],"tool":false}],"r":[[-0.347129,0.106861,0.931709],[0.374034,-0.895275,0.242037],[0.86,0.432509,0.270807]],"s":640.045,"t":[-3688.5,-8915.78,-1725.9],"timestamp":1719003733},
{"hands":[{"direction":[0.319302,0.758942,-0.530286],"id":3,"palmNormal":[-0.367101,-0.439047,-0.752503],"palmPosition":[43.1879,161.156,168.5],"palmVelocity":[-49.2737,126.381,-164.054],"r":[[1,0,0],[0,1,0],[0,0,1]],"s":1,"sphereCenter":[53.8773,163.584,197.015],"sphereRadius":58.8908,"t":[7.83679,5.29686,-3.56549]}],"id":32557,"pointables":[{"direction":[0.293691,0.762658,-0.576279],"handId":3,"id":6,"length":26.4341,"tipPosition":[54.5282,182.454,146.331],"tipVelocity":[76.4265,114.918,-91.2054],"tool":false}],"r":[[-0.347129,0.106861,0.931709],[0.374034,-0.895275,0.242037],[0.86,0.432509,0.270807]],"s":640.045,"t":[-3687.5,-8914.86,-1726.71],"timestamp":1719012888},
{"hands":[{"direction":[0.306739,0.756564,-0.544333],"id":3,"palmNormal":[-0.37348,-0.453796,-0.753282],"palmPosition":[42.7889,162.657,166.979],"palmVelocity":[-42.1168,158.526,-160.597],"r":[[1,0,0],[0,1,0],[0,0,1]],"s":1,"sphereCenter":[52.488,164.435,194.586],"sphereRadius":58.0736,"t":[8.64365,6.57933,-4.68439]}],"id":32559,"pointables":[{"direction":[0.288337,0.771366,-0.567324],"handId":3,"id":6,"length":26.0838,"tipPosition":[55.1377,184.11,144.902],"tipVelocity":[64.3483,174.844,-150.899],"tool":false}],"r":[[-0.347129,0.106861,0.931709],[0.374034,-0.895275,0.242037],[0.86,0.432509,0.270807]],"s":640.045,"t":[-3686.69,-8913.58,-1727.83],"timestamp":1719022360},
{"hands":[{"direction":[0.29269,0.761223,-0.549069],"id":3,"palmNormal":[-0.381148,-0.455758,-0.758946],"palmPosition":[42.3402,163.804,165.854],"palmVelocity":[-48.4783,123.912,-121.547],"r":[[1,0,0],[0,1,0],[0,0,1]],"s":1,"sphereCenter":[49.0535,161.718,187.294],"sphereRadius":57.9999,"t":[6.30718,0.887874,-11.9077]}],"id":32561,"pointables":[{"direction":[0.285792,0.819499,-0.496734],"handId":3,"id":6,"length":25.1417,"tipPosition":[49.6579,171.444,131.574],"tipVelocity":[-591.964,-1368.2,-1439.75],"tool":false}],"r":[[-0.347129,0.106861,0.931709],[0.374034,-0.895275,0.242037],[0.86,0.432509,0.270807]],"s":640.045,"t":[-3689.03,-8919.27,-1735.05],"timestamp":1719031617},
{"hands":[{"direction":[0.276687,0.760672,-0.560233],"id":3,"palmNormal":[-0.388307,-0.467614,-0.756397],"palmPosition":[42.0588,165.243,163.234],"palmVelocity":[-29.7772,152.305,-277.236],"r":[[1,0,0],[0,1,0],[0,0,1]],"s":1,"sphereCenter":[48.2792,163.047,185.537],"sphereRadius":57.3549,"t":[6.10024,2.77798,-15.0445]}],"id":32563,"pointables":[{"direction":[0.285614,0.841345,-0.458873],"handId":3,"id":6,"length":24.7134,"tipPosition":[51.5805,180.916,132.524],"tipVelocity":[203.47,1002.4,100.514],"tool":false}],"r":[[-0.347129,0.106861,0.931709],[0.374034,-0.895275,0.242037],[0.86,0.432509,0.270807]],"s":640.045,"t":[-3689.24,-8917.38,-1738.19],"timestamp":1719041066},
{"hands":[{"direction":[0.256313,0.766692,-0.563145],"id":3,"palmNormal":[-0.40382,-0.46705,-0.755234],"palmPosition":[41.478,166.507,161.476],"palmVelocity":[-62.8976,136.827,-190.386],"r":[[1,0,0],[0,1,0],[0,0,1]],"s":1,"sphereCenter":[45.5019,161.889,178.969],"sphereRadius":57.2357,"t":[2.51939,-6.30179,-26.4302]}],"id":32565,"pointables":[{"direction":[0.285048,0.903505,-0.32004],"handId":3,"id":6,"length":23.8399,"tipPosition":[44.6257,160.866,112.889],"tipVelocity":[-753.087,-2171.05,-2126.11],"tool":false}],"r":[[-0.347129,0.106861,0.931709],[0.374034,-0.895275,0.242037],[0.86,0.432509,0.270807]],"s":640.045,"t":[-3692.82,-8926.46,-1749.57],"timestamp":1719050301},
{"hands":[{"direction":[0.272029,0.769575,-0.553555],"id":3,"palmNormal":[-0.341374,-0.474676,-0.774504],"palmPosition":[41.919,166.454,154.264],"palmVelocity":[30.9101,-3.72269,-505.445],"r":[[1,0,0],[0,1,0],[0,0,1]],"s":1,"sphereCenter":[45.0002,163.324,174.246],"sphereRadius":55.4042,"t":[2.99314,1.83533,-27.8516]}],"id":32567,"pointables":[{"direction":[0.285863,0.895703,-0.340587],"handId":3,"id":6,"length":23.2154,"tipPosition":[49.1541,186.22,121.432],"tipVelocity":[317.355,1776.86,598.704],"tool":false}],"r":[[-0.347129,0.106861,0.931709],[0.374034,-0.895275,0.242037],[0.86,0.432509,0.270807]],"s":640.045,"t":[-3692.35,-8918.32,-1751],"timestamp":1719064570},
{"hands":[{"direction":[0.288434,0.772702,-0.541957],"id":3,"palmNormal":[-0.289065,-0.477322,-0.792221],"palmPosition":[42.1827,168.073,147.579],"palmVelocity":[28.9584,177.787,-734.11],"r":[[1,0,0],[0,1,0],[0,0,1]],"s":1,"sphereCenter":[44.739,165.093,169.826],"sphereRadius":53.5925,"t":[4.57297,12.6768,-27.4178]}],"id":32569,"pointables":[{"direction":[0.291646,0.920391,-0.260426],"handId":3,"id":6,"length":22.8216,"tipPosition":[51.84,199.766,123.721],"tipVelocity":[294.962,1487.58,251.375],"tool":false}],"r":[[-0.347129,0.106861,0.931709],[0.374034,-0.895275,0.242037],[0.86,0.432509,0.270807]],"s":640.045,"t":[-3690.77,-8907.48,-1750.56],"timestamp":1719073676},
{"hands":[{"direction":[0.296977,0.759832,-0.556208],"id":3,"palmNormal":[-0.258858,-0.508506,-0.784846],"palmPosition":[41.8483,167.698,144.782],"palmVelocity":[-34.7937,-39.0075,-290.973],"r":[[1,0,0],[0,1,0],[0,0,1]],"s":1,"sphereCenter":[44.0384,166.969,167.649],"sphereRadius":53.2522,"t":[6.09114,21.4002,-27.6039]}],"id":32571,"pointables":[{"direction":[0.291399,0.93725,-0.191438],"handId":3,"id":6,"length":22.1761,"tipPosition":[53.2965,206.371,122.915],"tipVelocity":[151.546,687.249,-83.8537],"tool":false}],"r":[[-0.347129,0.106861,0.931709],[0.374034,-0.895275,0.242037],[0.86,0.432509,0.270807]],"s":640.045,"t":[-3689.25,-8898.76,-1750.75],"timestamp":1719083287},
