[
{"hands":[],"id":42761,"pointables":[],"r":[[-0.973631,-0.227191,0.0206547],[-0.182676,0.72221,-0.667115],[0.136645,-0.653297,-0.744669]],"s":646.283,"t":[-3651.39,-9245.3,-1191.7],"timestamp":1767940083},
{"hands":[],"id":42763,"pointables":[],"r":[[-0.973631,-0.227191,0.0206547],[-0.182676,0.72221,-0.667115],[0.136645,-0.653297,-0.744669]],"s":646.283,"t":[-3651.39,-9245.3,-1191.7],"timestamp":1767949608},
{"hands":[],"id":42765,"pointables":[],"r":[[-0.973631,-0.227191,0.0206547],[-0.182676,0.72221,-0.667115],[0.136645,-0.653297,-0.744669]],"s":646.283,"t":[-3651.39,-9245.3,-1191.7],"timestamp":1767958713},
{"hands":[],"id":42767,"pointables":[],"r":[[-0.973631,-0.227191,0.0206547],[-0.182676,0.72221,-0.667115],[0.136645,-0.653297,-0.744669]],"s":646.283,"t":[-3651.39,-9245.3,-1191.7],"timestamp":1767968082},
{"hands":[],"id":42769,"pointables":[],"r":[[-0.973631,-0.227191,0.0206547],[-0.182676,0.72221,-0.667115],[0.136645,-0.653297,-0.744669]],"s":646.283,"t":[-3651.39,-9245.3,-1191.7],"timestamp":1767977437},
{"hands":[],"id":42771,"pointables":[],"r":[[-0.973631,-0.227191,0.0206547],[-0.182676,0.72221,-0.667115],[0.136645,-0.653297,-0.744669]],"s":646.283,"t":[-3651.39,-9245.3,-1191.7],"timestamp":1767991618},
{"hands":[],"id":42773,"pointables":[],"r":[[-0.973631,-0.227191,0.0206547],[-0.182676,0.72221,-0.667115],[0.136645,-0.653297,-0.744669]],"s":646.283,"t":[-3651.39,-9245.3,-1191.7],"timestamp":1768001011},
{"hands":[],"id":42775,"pointables":[],"r":[[-0.973631,-0.227191,0.0206547],[-0.182676,0.72221,-0.667115],[0.136645,-0.653297,-0.744669]],"s":646.283,"t":[-3651.39,-9245.3,-1191.7],"timestamp":1768010166},
{"hands":[],"id":42777,"pointables":[],"r":[[-0.973631,-0.227191,0.0206547],[-0.182676,0.72221,-0.667115],[0.136645,-0.653297,-0.744669]],"s":646.283,"t":[-3651.39,-9245.3,-1191.7],"timestamp":1768019579},
{"hands":[],"id":42779,"pointables":[],"r":[[-0.973631,-0.227191,0.0206547],[-0.182676,0.72221,-0.667115],[0.136645,-0.653297,-0.744669]],"s":646.283,"t":[-3651.39,-9245.3,-1191.7],"timestamp":1768029030},
{"hands":[],"id":42781,"pointables":[],"r":[[-0.973631,-0.227191,0.0206547],[-0.182676,0.72221,-0.667115],[0.136645,-0.653297,-0.744669]],"s":646.283,"t":[-3651.39,-9245.3,-1191.7],"timestamp":1768038181},
{"hands":[],"id":42783,"pointables":[],"r":[[-0.973631,-0.227191,0.0206547],[-0.182676,0.72221,-0.667115],[0.136645,-0.653297,-0.744669]],"s":646.283,"t":[-3651.39,-9245.3,-1191.7],"timestamp":1768047745},
{"hands":[],"id":42785,"pointables":[],"r":[[-0.973631,-0.227191,0.0206547],[-0.182676,0.72221,-0.667115],[0.136645,-0.653297,-0.744669]],"s":646.283,"t":[-3651.39,-9245.3,-1191.7],"timestamp":1768056875},
{"hands":[],"id":42787,"pointables":[],"r":[[-0.973631,-0.227191,0.0206547],[-0.182676,0.72221,-0.667115],[0.136645,-0.653297,-0.744669]],"s":646.283,"t":[-3651.39,-9245.3,-1191.7],"timestamp":1768066408},
{"hands":[],"id":42789,"pointables":[],"r":[[-0.973631,-0.227191,0.0206547],[-0.182676,0.72221,-0.667115],[0.136645,-0.653297,-0.744669]],"s":646.283,"t":[-3651.39,-9245.3,-1191.7],"timestamp":1768075623},
{"hands":[],"id":42791,"pointables":[],"r":[[-0.973631,-0.227191,0.0206547],[-0.182676,0.72221,-0.667115],[0.136645,-0.653297,-0.744669]],"s":646.283,"t":[-3651.39,-9245.3,-1191.7],"timestamp":1768085157},
{"hands":[],"id":42793,"pointables":[],"r":[[-0.973631,-0.227191,0.0206547],[-0.182676,0.72221,-0.667115],[0.136645,-0.653297,-0.744669]],"s":646.283,"t":[-3651.39,-9245.3,-1191.7],"timestamp":1768094197},
{"hands":[],"id":42795,"pointables":[],"r":[[-0.973631,-0.227191,0.0206547],[-0.182676,0.72221,-0.667115],[0.136645,-0.653297,-0.744669]],"s":646.283,"t":[-3651.39,-9245.3,-1191.7],"timestamp":1768103701},
{"hands":[],"id":42797,"pointables":[],"r":[[-0.973631,-0.227191,0.0206547],[-0.182676,0.72221,-0.667115],[0.136645,-0.653297,-0.744669]],"s":646.283,"t":[-3651.39,-9245.3,-1191.7],"timestamp":1768113153},
{"hands":[],"id":42799,"pointables":[],"r":[[-0.973631,-0.227191,0.0206547],[-0.182676,0.72221,-0.667115],[0.136645,-0.653297,-0.744669]],"s":646.283,"t":[-3651.39,-9245.3,-1191.7],"timestamp":1768122531},
{"hands":[],"id":42801,"pointables":[],"r":[[-0.973631,-0.227191,0.0206547],[-0.182676,0.72221,-0.667115],[0.136645,-0.653297,-0.744669]],"s":646.283,"t":[-3651.39,-9245.3,-1191.7],"timestamp":1768131518},
{"hands":[],"id":42803,"pointables":[],"r":[[-0.973631,-0.227191,0.0206547],[-0.182676,0.72221,-0.667115],[0.136645,-0.653297,-0.744669]],"s":646.283,"t":[-3651.39,-9245.3,-1191.7],"timestamp":1768140939},
{"hands":[],"id":42805,"pointables":[],"r":[[-0.973631,-0.227191,0.0206547],[-0.182676,0.72221,-0.667115],[0.136645,-0.653297,-0.744669]],"s":646.283,"t":[-3651.39,-9245.3,-1191.7],"timestamp":1768150501},
{"hands":[],"id":42807,"pointables":[{"direction":[0.770405,-0.419643,-0.479974],"handId":1,"id":2,"length":32.9945,"tipPosition":[-93.5129,103.666,-153.431],"tipVelocity":[74.4602,250.694,-150.231],"tool":false}],"r":[[-0.973631,-0.227191,0.0206547],[-0.182676,0.72221,-0.667115],[0.136645,-0.653297,-0.744669]],"s":646.283,"t":[-3651.04,-9244.12,-1192.4],"timestamp":1768159860},
{"hands":[],"id":42809,"pointables":[{"direction":[0.759707,-0.459862,-0.459753],"handId":1,"id":2,"length":34.4891,"tipPosition":[-93.3026,105.168,-153.484],"tipVelocity":[22.5722,161.265,-5.72633],"tool":false}],"r":[[-0.973631,-0.227191,0.0206547],[-0.182676,0.72221,-0.667115],[0.136645,-0.653297,-0.744669]],"s":646.283,"t":[-3650.76,-9242.79,-1192.78],"timestamp":1768169177},
{"hands":[],"id":42811,"pointables":[{"direction":[0.734773,-0.519937,-0.43563],"handId":1,"id":2,"length":34.491,"tipPosition":[-93.4448,106.355,-152.857],"tipVelocity":[-15.5326,129.569,68.4491],"tool":false}],"r":[[-0.973631,-0.227191,0.0206547],[-0.182676,0.72221,-0.667115],[0.136645,-0.653297,-0.744669]],"s":646.283,"t":[-3650.69,-9241.52,-1192.66],"timestamp":1768178334},
{"hands":[],"id":42813,"pointables":[{"direction":[0.707514,-0.59069,-0.387956],"handId":1,"id":2,"length":33.859,"tipPosition":[-93.9617,107.655,-151.898],"tipVelocity":[-36.188,91.0347,67.12],"tool":false}],"r":[[-0.973631,-0.227191,0.0206547],[-0.182676,0.72221,-0.667115],[0.136645,-0.653297,-0.744669]],"s":646.283,"t":[-3650.91,-9240.24,-1192.12],"timestamp":1768192617},
{"hands":[],"id":42815,"pointables":[{"direction":[0.690061,-0.624873,-0.36517],"handId":1,"id":2,"length":32.2958,"tipPosition":[-95.7299,110.64,-149.659],"tipVelocity":[-192.167,324.375,243.444],"tool":false},{"direction":[0.726059,-0.687277,-0.0221105],"handId":3,"id":6,"length":46.3031,"tipPosition":[-113.224,102.084,-146.511],"tipVelocity":[115.863,29.3573,339.388],"tool":false}],"r":[[-0.964491,-0.261688,0.0357223],[-0.218429,0.714291,-0.664889],[0.148477,-0.649082,-0.746087]],"s":646.264,"t":[-3651.2,-9238.79,-1190.51],"timestamp":1768201818},
{"hands":[],"id":42817,"pointables":[{"direction":[0.649988,-0.708839,-0.273977],"handId":1,"id":2,"length":30.7942,"tipPosition":[-96.3776,111.742,-147.936],"tipVelocity":[-68.9913,117.363,183.417],"tool":false},{"direction":[0.685582,-0.727936,-0.00931981],"handId":1,"id":6,"length":42.3312,"tipPosition":[-113.238,103.019,-143.981],"tipVelocity":[-1.46501,99.5165,269.501],"tool":false}],"r":[[-0.95363,-0.297705,0.0442809],[-0.250489,0.70345,-0.665142],[0.166867,-0.645392,-0.745403]],"s":646.246,"t":[-3651.51,-9237.55,-1188.64],"timestamp":1768211207},
{"hands":[],"id":42819,"pointables":[{"direction":[0.666133,-0.745697,-0.0142627],"handId":3,"id":6,"length":41.2488,"tipPosition":[-116.461,103.101,-142.704],"tipVelocity":[-340.448,8.69478,134.868],"tool":false}],"r":[[-0.943927,-0.326173,0.0511256],[-0.275813,0.693936,-0.665116],[0.181465,-0.641922,-0.744988]],"s":646.233,"t":[-3653.28,-9236.89,-1187.06],"timestamp":1768220674},
{"hands":[],"id":42821,"pointables":[{"direction":[0.593552,-0.76105,-0.261722],"handId":1,"id":2,"length":29.3454,"tipPosition":[-97.5194,113.413,-145.755],"tipVelocity":[-61.5269,90.0806,117.519],"tool":false},{"direction":[0.638635,-0.769455,-0.0091351],"handId":1,"id":6,"length":38.5581,"tipPosition":[-116.719,104.634,-140.636],"tipVelocity":[-28.3787,168.583,227.537],"tool":false}],"r":[[-0.934007,-0.352387,0.058777],[-0.300123,0.684701,-0.664162],[0.193797,-0.637972,-0.745275]],"s":646.216,"t":[-3654.51,-9235.76,-1185.22],"timestamp":1768229765},
{"hands":[],"id":42823,"pointables":[{"direction":[0.555651,-0.775957,-0.298568],"handId":1,"id":2,"length":28.0067,"tipPosition":[-98.7209,115.107,-143.7],"tipVelocity":[-127.882,180.302,218.827],"tool":false},{"direction":[0.601314,-0.796591,-0.0621622],"handId":1,"id":6,"length":36.3078,"tipPosition":[-117.052,106.03,-138.67],"tipVelocity":[-35.4052,148.672,209.187],"tool":false}],"r":[[-0.923316,-0.377986,0.0679267],[-0.325137,0.675244,-0.662066],[0.204385,-0.633382,-0.746361]],"s":646.195,"t":[-3655.51,-9234.42,-1183.29],"timestamp":1768239160},
{"hands":[],"id":42825,"pointables":[{"direction":[0.416212,-0.908617,-0.0343991],"handId":3,"id":6,"length":34.7513,"tipPosition":[-125.391,110.877,-138.89],"tipVelocity":[-877.732,510.103,-23.1191],"tool":false}],"r":[[-0.914198,-0.398234,0.0751802],[-0.344932,0.667201,-0.660201],[0.212754,-0.629486,-0.747317]],"s":646.181,"t":[-3660.18,-9231.33,-1182.43],"timestamp":1768248661},
{"hands":[],"id":42827,"pointables":[{"direction":[0.586868,-0.793071,0.163171],"handId":3,"id":8,"length":51.6678,"tipPosition":[-138.306,111.449,-134.818],"tipVelocity":[19.4995,42.2506,56.4021],"tool":true,"width":11.3469}],"r":[[-0.906545,-0.414276,0.0809369],[-0.360621,0.660465,-0.658588],[0.219381,-0.626228,-0.748138]],"s":646.171,"t":[-3662.43,-9229.59,-1181.75],"timestamp":1768257775},
{"hands":[],"id":42829,"pointables":[{"direction":[0.599082,-0.784457,0.160398],"handId":3,"id":8,"length":46.7833,"tipPosition":[-138.88,112.351,-134.986],"tipVelocity":[-60.3511,94.8223,-17.6525],"tool":true,"width":10.149}],"r":[[-0.900196,-0.427006,0.0855108],[-0.373074,0.654885,-0.657222],[0.224638,-0.623531,-0.74883]],"s":646.164,"t":[-3663.84,-9228.27,-1181.49],"timestamp":1768267280},
{"hands":[],"id":42831,"pointables":[{"direction":[0.611937,-0.772416,0.17002],"handId":3,"id":8,"length":42.6852,"tipPosition":[-139.529,113.205,-135.309],"tipVelocity":[-70.4202,92.7065,-35.0666],"tool":true,"width":10.6459}],"r":[[-0.894973,-0.437122,0.0891488],[-0.382971,0.6503,-0.656081],[0.228814,-0.621317,-0.749406]],"s":646.159,"t":[-3664.87,-9227.19,-1181.52],"timestamp":1768276495},
{"hands":[],"id":42833,"pointables":[{"direction":[0.609862,-0.775602,0.162817],"handId":3,"id":8,"length":39.679,"tipPosition":[-140.236,113.984,-135.711],"tipVelocity":[-74.1261,81.7521,-42.102],"tool":true,"width":10.5386}],"r":[[-0.890703,-0.445169,0.0920452],[-0.390847,0.646555,-0.655138],[0.232135,-0.619509,-0.749882]],"s":646.155,"t":[-3665.73,-9226.25,-1181.74],"timestamp":1768286030},
{"hands":[],"id":42835,"pointables":[{"direction":[0.609348,-0.779423,0.145585],"handId":3,"id":8,"length":37.2223,"tipPosition":[-140.839,114.516,-136.17],"tipVelocity":[-43.5295,38.3591,-33.1338],"tool":true,"width":11.1135}],"r":[[-0.887229,-0.451578,0.0943532],[-0.39712,0.643509,-0.654363],[0.234779,-0.618039,-0.750271]],"s":646.153,"t":[-3666.47,-9225.52,-1182.07],"timestamp":1768299890},
{"hands":[],"id":42837,"pointables":[{"direction":[0.650789,-0.73973,0.171094],"handId":3,"id":8,"length":35.9456,"tipPosition":[-140.619,114.758,-136.174],"tipVelocity":[23.292,25.5169,-0.480826],"tool":true,"width":10.94}],"r":[[-0.884412,-0.456686,0.0961935],[-0.40212,0.641042,-0.653731],[0.236886,-0.616849,-0.750588]],"s":646.151,"t":[-3666.73,-9225.03,-1182.25],"timestamp":1768309352},
{"hands":[],"id":42839,"pointables":[{"direction":[-0.838009,-0.517214,0.173871],"handId":3,"id":6,"length":34.1829,"tipPosition":[-133.633,116.047,-137.928],"tipVelocity":[-117.924,73.9737,13.7686],"tool":false},{"direction":[0.66035,-0.733839,0.159432],"handId":3,"id":8,"length":33.1504,"tipPosition":[-141.25,115.627,-136.419],"tipVelocity":[-68.641,94.564,-26.6235],"tool":true,"width":13.9743}],"r":[[-0.82768,-0.538292,0.158705],[-0.510321,0.604259,-0.611918],[0.233492,-0.587463,-0.774835]],"s":646.011,"t":[-3669.07,-9223.28,-1182.15],"timestamp":1768318549},
{"hands":[],"id":42841,"pointables":[],"r":[[-0.773593,-0.600197,0.203266],[-0.590999,0.567626,-0.573167],[0.228634,-0.563528,-0.793828]],"s":645.916,"t":[-3670.95,-9221.88,-1182.08],"timestamp":1768327777},
{"hands":[],"id":42843,"pointables":[{"direction":[0.0742962,-0.942844,0.324847],"handId":3,"id":6,"length":32.6497,"tipPosition":[-131.954,116.109,-137.519],"tipVelocity":[90.1724,3.36525,21.9712],"tool":false}],"r":[[-0.725222,-0.647122,0.235131],[-0.651256,0.533915,-0.53926],[0.223428,-0.544213,-0.808648]],"s":645.85,"t":[-3671.05,-9221.14,-1181.84],"timestamp":1768337167},
{"hands":[],"id":42845,"pointables":[],"r":[[-0.683519,-0.682786,0.25808],[-0.696478,0.504253,-0.510536],[0.218449,-0.528708,-0.820212]],"s":645.804,"t":[-3671.13,-9220.56,-1181.64],"timestamp":1768346561},
{"hands":[],"id":42847,"pointables":[],"r":[[-0.648374,-0.710011,0.274765],[-0.730637,0.478874,-0.486672],[0.213965,-0.516299,-0.82925]],"s":645.772,"t":[-3671.19,-9220.09,-1181.49],"timestamp":1768355884},
{"hands":[],"id":42849,"pointables":[],"r":[[-0.619191,-0.730904,0.287022],[-0.75662,0.457555,-0.467086],[0.210067,-0.506382,-0.836331]],"s":645.75,"t":[-3671.24,-9219.71,-1181.36],"timestamp":1768365178},
{"hands":[],"id":42851,"pointables":[],"r":[[-0.595201,-0.747026,0.296122],[-0.776523,0.439872,-0.451137],[0.206755,-0.498462,-0.841895]],"s":645.734,"t":[-3671.29,-9219.41,-1181.26],"timestamp":1768374522},
{"hands":[],"id":42853,"pointables":[],"r":[[-0.575618,-0.759531,0.302947],[-0.791868,0.425337,-0.438217],[0.203985,-0.49214,-0.846279]],"s":645.723,"t":[-3671.32,-9219.17,-1181.18],"timestamp":1768383951},
{"hands":[],"id":42855,"pointables":[{"direction":[0.680687,-0.727908,0.0825552],"handId":3,"id":8,"length":33.3279,"tipPosition":[-141.187,115.914,-137.06],"tipVelocity":[0.793178,3.60324,-8.05944],"tool":true,"width":17.0705}],"r":[[-0.559711,-0.769278,0.308116],[-0.803768,0.413465,-0.427789],[0.201694,-0.487091,-0.849742]],"s":645.716,"t":[-3671.3,-9218.91,-1181.47],"timestamp":1768397991},
{"hands":[],"id":42857,"pointables":[],"r":[[-0.546837,-0.776908,0.312063],[-0.813046,0.403815,-0.419392],[0.199813,-0.483061,-0.852483]],"s":645.711,"t":[-3671.29,-9218.7,-1181.69],"timestamp":1768407211},
{"hands":[],"id":42859,"pointables":[],"r":[[-0.536446,-0.782903,0.315101],[-0.820312,0.395999,-0.412641],[0.198278,-0.479841,-0.854657]],"s":645.707,"t":[-3671.28,-9218.53,-1181.87],"timestamp":1768416580},
{"hands":[],"id":42861,"pointables":[],"r":[[-0.528075,-0.787629,0.317455],[-0.826024,0.389686,-0.407222],[0.197032,-0.477269,-0.856384]],"s":645.704,"t":[-3671.27,-9218.4,-1182.01],"timestamp":1768426086},
{"hands":[],"id":42863,"pointables":[],"r":[[-0.521343,-0.791364,0.319289],[-0.830528,0.384598,-0.402874],[0.196023,-0.475214,-0.857757]],"s":645.702,"t":[-3671.27,-9218.29,-1182.13],"timestamp":1768435458},
{"hands":[],"id":42865,"pointables":[{"direction":[0.666418,-0.632082,-0.395423],"handId":1,"id":6,"length":27.7239,"tipPosition":[-128.9,111.553,-139.135],"tipVelocity":[9.90176,-65.797,-6.04477],"tool":false}],"r":[[-0.515934,-0.794322,0.320724],[-0.83409,0.380502,-0.399389],[0.195208,-0.473571,-0.858851]],"s":645.701,"t":[-3671.22,-9218.54,-1182.21],"timestamp":1768444691},
{"hands":[],"id":42867,"pointables":[{"direction":[0.688796,-0.591648,-0.418941],"handId":1,"id":6,"length":28.8865,"tipPosition":[-128.537,110.624,-139.372],"tipVelocity":[38.1872,-97.6137,-24.9189],"tool":false}],"r":[[-0.511593,-0.79667,0.321852],[-0.836913,0.377211,-0.396597],[0.194551,-0.472258,-0.859722]],"s":645.7,"t":[-3671.01,-9219.13,-1182.37],"timestamp":1768454206},
{"hands":[],"id":42869,"pointables":[{"direction":[0.17978,-0.173188,-0.968341],"handId":1,"id":6,"length":30.6923,"tipPosition":[-128.127,109.564,-139.113],"tipVelocity":[44.8631,-115.911,28.3044],"tool":false}],"r":[[-0.508111,-0.798537,0.322742],[-0.839154,0.374568,-0.39436],[0.194022,-0.471209,-0.860417]],"s":645.7,"t":[-3670.7,-9219.95,-1182.33],"timestamp":1768463346},
{"hands":[],"id":42871,"pointables":[{"direction":[0.27847,-0.130502,-0.951537],"handId":2,"id":6,"length":33.2482,"tipPosition":[-126.93,107.922,-138.227],"tipVelocity":[128.322,-176.057,95.0011],"tool":false},{"direction":[0.612513,0.775577,-0.15267],"handId":3,"id":10,"length":35.6902,"tipPosition":[104.67,122.523,104.746],"tipVelocity":[-31.5687,-12.0671,-249.76],"tool":false}],"r":[[-0.504627,-0.800588,0.323126],[-0.841128,0.371564,-0.392993],[0.194564,-0.470106,-0.860898]],"s":645.696,"t":[-3670.32,-9220.8,-1182.66],"timestamp":1768472677},
{"hands":[],"id":42873,"pointables":[{"direction":[-0.05671,0.136733,-0.988983],"handId":1,"id":6,"length":36.3799,"tipPosition":[-126.957,107.176,-139.013],"tipVelocity":[-2.90706,-77.5206,-81.8103],"tool":false},{"direction":[0.620837,0.777169,-0.102813],"handId":3,"id":5,"length":27.5025,"tipPosition":[92.6738,131.436,105.101],"tipVelocity":[92.7969,-53.1225,-151.671],"tool":false},{"direction":[0.589386,0.798631,-0.121706],"handId":3,"id":10,"length":34.1528,"tipPosition":[106.2,118.214,105.75],"tipVelocity":[159.165,-448.282,104.495],"tool":false}],"r":[[-0.502446,-0.802228,0.322457],[-0.842399,0.370232,-0.391525],[0.194708,-0.468358,-0.861817]],"s":645.695,"t":[-3669.37,-9221.73,-1183.22],"timestamp":1768482288},
{"hands":[],"id":42875,"pointables":[{"direction":[0.0165735,0.986107,-0.165282],"handId":3,"id":5,"length":28.4567,"tipPosition":[91.938,134.183,101.818],"tipVelocity":[-81.6688,304.837,-364.454],"tool":false},{"direction":[0.579735,0.807008,-0.11245],"handId":11,"id":10,"length":34.7003,"tipPosition":[106.59,116.455,105.393],"tipVelocity":[43.254,-195.301,-39.6692],"tool":false}],"r":[[-0.517591,-0.790753,0.326817],[-0.832114,0.37627,-0.407439],[0.199212,-0.482836,-0.852751]],"s":645.752,"t":[-3668.98,-9221.95,-1184.41],"timestamp":1768491297},
{"hands":[],"id":42877,"pointables":[{"direction":[0.563478,0.818426,-0.112562],"handId":3,"id":10,"length":35.5064,"tipPosition":[106.193,115.942,104.216],"tipVelocity":[-27.6493,-35.7456,-82.0249],"tool":false}],"r":[[-0.529629,-0.781395,0.330024],[-0.82368,0.380848,-0.420127],[0.202596,-0.494345,-0.845327]],"s":645.792,"t":[-3668.98,-9222.32,-1185.6],"timestamp":1768505645},
{"hands":[],"id":42879,"pointables":[{"direction":[0.547995,0.82986,-0.105045],"handId":3,"id":10,"length":36.6818,"tipPosition":[105.179,116.273,102.301],"tipVelocity":[-111.091,36.3012,-209.849],"tool":false}],"r":[[-0.539206,-0.773797,0.332408],[-0.816802,0.384347,-0.430247],[0.205163,-0.503503,-0.839281]],"s":645.82,"t":[-3669.49,-9222.33,-1187.15],"timestamp":1768514772},
{"hands":[],"id":42881,"pointables":[{"direction":[0.536224,0.838158,-0.0997733],"handId":3,"id":10,"length":37.8487,"tipPosition":[104.167,117.526,100.202],"tipVelocity":[-109.189,135.185,-226.303],"tool":false}],"r":[[-0.546833,-0.767649,0.334199],[-0.811217,0.387043,-0.438321],[0.207127,-0.510796,-0.834377]],"s":645.84,"t":[-3670.25,-9221.71,-1188.97],"timestamp":1768524044},
{"hands":[],"id":42883,"pointables":[{"direction":[0.525202,0.845222,-0.0988064],"handId":3,"id":10,"length":38.7711,"tipPosition":[102.842,118.759,97.8786],"tipVelocity":[-138.925,129.319,-243.8],"tool":false}],"r":[[-0.552911,-0.762686,0.335558],[-0.806696,0.389133,-0.444766],[0.20864,-0.516609,-0.830412]],"s":645.854,"t":[-3671.29,-9220.79,-1191.05],"timestamp":1768533576},
{"hands":[],"id":42885,"pointables":[{"direction":[0.252882,0.955581,-0.151376],"handId":3,"id":5,"length":30.477,"tipPosition":[91.9162,133.379,97.8201],"tipVelocity":[-0.423848,-15.6003,-77.5829],"tool":false}],"r":[[-0.557758,-0.758689,0.336598],[-0.803047,0.390762,-0.449911],[0.209813,-0.521245,-0.827213]],"s":645.864,"t":[-3671.82,-9220.73,-1194.08],"timestamp":1768542823},
{"hands":[],"id":42887,"pointables":[{"direction":[0.356491,0.921957,-0.151361],"handId":3,"id":5,"length":32.0471,"tipPosition":[91.5578,133.207,93.9981],"tipVelocity":[-37.8903,-18.1389,-404.106],"tool":false}],"r":[[-0.561626,-0.755473,0.337398],[-0.800107,0.392038,-0.454021],[0.210728,-0.524945,-0.824637]],"s":645.871,"t":[-3672.27,-9220.78,-1197.51],"timestamp":1768552281},
{"hands":[],"id":42889,"pointables":[{"direction":[0.391961,0.9044,-0.168604],"handId":3,"id":5,"length":33.1664,"tipPosition":[90.8515,133.337,90.2233],"tipVelocity":[-75.3429,13.7868,-402.645],"tool":false}],"r":[[-0.564713,-0.752889,0.33802],[-0.797741,0.393042,-0.457305],[0.211444,-0.527898,-0.822566]],"s":645.875,"t":[-3672.85,-9220.75,-1201.11],"timestamp":1768561656},
{"hands":[],"id":42891,"pointables":[{"direction":[0.40826,0.893316,-0.18791],"handId":3,"id":5,"length":34.0118,"tipPosition":[89.9709,134.023,86.3636],"tipVelocity":[-93.7648,73.0563,-411],"tool":false}],"r":[[-0.567179,-0.750815,0.338504],[-0.79584,0.393833,-0.459929],[0.212008,-0.530257,-0.820902]],"s":645.879,"t":[-3673.57,-9220.38,-1204.84],"timestamp":1768571047},
{"hands":[],"id":42893,"pointables":[{"direction":[0.407635,0.888815,-0.209385],"handId":3,"id":5,"length":34.5704,"tipPosition":[88.7798,134.674,82.5712],"tipVelocity":[-130.127,71.2015,-414.293],"tool":false}],"r":[[-0.569149,-0.749151,0.338884],[-0.794313,0.394459,-0.462027],[0.212452,-0.532142,-0.819566]],"s":645.881,"t":[-3674.53,-9219.88,-1208.6],"timestamp":1768580201},
{"hands":[],"id":42895,"pointables":[{"direction":[0.410012,0.883074,-0.228188],"handId":3,"id":5,"length":34.9643,"tipPosition":[87.5021,135.875,78.5545],"tipVelocity":[-134.736,126.658,-423.569],"tool":false}],"r":[[-0.570723,-0.747817,0.339182],[-0.793089,0.394955,-0.463703],[0.212804,-0.533648,-0.818495]],"s":645.883,"t":[-3675.65,-9219.02,-1212.49],"timestamp":1768589684},
{"hands":[{"direction":[0.327317,0.558202,-0.649163],"id":3,"palmNormal":[-0.36777,-0.566039,-0.641145],"palmPosition":[33.0248,122.494,92.05],"palmVelocity":[-112.711,53.2456,-37.8053],"r":[[1,0,0],[0,1,0],[0,0,1]],"s":1,"sphereCenter":[49.9885,151.521,125.673],"sphereRadius":71.4656,"t":[0,0,0]}],"id":42897,"pointables":[{"direction":[0.410147,0.880349,-0.238254],"handId":3,"id":5,"length":35.3147,"tipPosition":[86.1764,137.504,74.3475],"tipVelocity":[-144.417,177.45,-458.325],"tool":false}],"r":[[-0.571981,-0.746748,0.339418],[-0.792107,0.395349,-0.465044],[0.213082,-0.534852,-0.817637]],"s":645.884,"t":[-3676.87,-9217.78,-1216.54],"timestamp":1768598863},
{"hands":[{"direction":[0.313583,0.567342,-0.661236],"id":3,"palmNormal":[-0.368343,-0.578444,-0.644018],"palmPosition":[32.1474,124.225,90.0448],"palmVelocity":[-94.2253,185.928,-215.334],"r":[[1,0,0],[0,1,0],[0,0,1]],"s":1,"sphereCenter":[50.6553,155.814,127.165],"sphereRadius":74.3055,"t":[-0.774304,0.752839,-2.14051]}],"id":42899,"pointables":[{"direction":[0.409687,0.875471,-0.256333],"handId":3,"id":5,"length":35.4704,"tipPosition":[84.6278,139.01,70.0665],"tipVelocity":[-166.302,161.692,-459.731],"tool":false}],"r":[[-0.572987,-0.745892,0.339604],[-0.79132,0.395662,-0.466116],[0.213304,-0.535814,-0.816948]],"s":645.885,"t":[-3678.26,-9216.41,-1220.71],"timestamp":1768608175},
{"hands":[{"direction":[0.299995,0.576298,-0.671405],"id":3,"palmNormal":[-0.368614,-0.588907,-0.646738],"palmPosition":[31.2344,125.919,88.0476],"palmVelocity":[-96.0095,178.139,-210.033],"r":[[1,0,0],[0,1,0],[0,0,1]],"s":1,"sphereCenter":[51.0893,159.992,127.872],"sphereRadius":76.7934,"t":[-1.91937,2.05701,-5.48362]}],"id":42901,"pointables":[{"direction":[0.411843,0.868378,-0.276234],"handId":3,"id":5,"length":35.6145,"tipPosition":[83.112,140.865,65.5208],"tipVelocity":[-159.41,195.131,-478.044],"tool":false}],"r":[[-0.573792,-0.745206,0.339752],[-0.790689,0.395912,-0.466973],[0.21348,-0.536584,-0.816397]],"s":645.885,"t":[-3679.71,-9214.79,-1225.06],"timestamp":1768617684},
{"hands":[{"direction":[0.281259,0.583367,-0.682582],"id":3,"palmNormal":[-0.391931,-0.590121,-0.640345],"palmPosition":[29.8971,128.181,87.4024],"palmVelocity":[-145.897,246.781,-70.3877],"r":[[1,0,0],[0,1,0],[0,0,1]],"s":1,"sphereCenter":[48.63,158.855,124.097],"sphereRadius":74.6576,"t":[-3.39908,3.4796,-9.47913]}],"id":42903,"pointables":[{"direction":[0.403493,0.867561,-0.290743],"handId":3,"id":5,"length":35.6996,"tipPosition":[81.2977,142.406,60.8729],"tipVelocity":[-197.943,168.123,-507.081],"tool":false}],"r":[[-0.574435,-0.744657,0.339869],[-0.790184,0.396111,-0.467659],[0.21362,-0.537199,-0.815956]],"s":645.886,"t":[-3681.34,-9213.22,-1229.56],"timestamp":1768626850},
{"hands":[{"direction":[0.261778,0.590099,-0.692465],"id":3,"palmNormal":[-0.412446,-0.591996,-0.633565],"palmPosition":[28.5287,130.196,86.6354],"palmVelocity":[-145.66,214.432,-81.6367],"r":[[1,0,0],[0,1,0],[0,0,1]],"s":1,"sphereCenter":[46.046,157.836,120.07],"sphereRadius":72.6766,"t":[-5.04561,5.12121,-13.9455]}],"id":42905,"pointables":[{"direction":[0.39153,0.870473,-0.298297],"handId":3,"id":5,"length":35.8075,"tipPosition":[79.4843,144.267,55.9357],"tipVelocity":[-193.013,198.044,-525.515],"tool":false}],"r":[[-0.574949,-0.744217,0.339962],[-0.78978,0.396269,-0.468207],[0.213731,-0.537691,-0.815602]],"s":645.886,"t":[-3683.07,-9211.5,-1234.28],"timestamp":1768636245},
{"hands":[{"direction":[0.245956,0.59269,-0.703561],"id":3,"palmNormal":[-0.430818,-0.595389,-0.625157],"palmPosition":[27.117,132.14,85.5222],"palmVelocity":[-151.331,208.399,-119.34],"r":[[1,0,0],[0,1,0],[0,0,1]],"s":1,"sphereCenter":[43.9323,157.606,116.402],"sphereRadius":71.153,"t":[-6.76631,6.96283,-18.7213]}],"id":42907,"pointables":[{"direction":[0.383092,0.869209,-0.312595],"handId":3,"id":5,"length":35.8587,"tipPosition":[77.6894,146.309,50.8504],"tipVelocity":[-192.418,218.87,-545.162],"tool":false}],"r":[[-0.57536,-0.743865,0.340037],[-0.789456,0.396396,-0.468646],[0.213821,-0.538084,-0.81532]],"s":645.886,"t":[-3684.82,-9209.62,-1239.18],"timestamp":1768645573},
{"hands":[{"direction":[0.228157,0.595488,-0.713448],"id":3,"palmNormal":[-0.445234,-0.600522,-0.616726],"palmPosition":[25.7282,133.467,84.343],"palmVelocity":[-147.448,140.946,-125.194],"r":[[1,0,0],[0,1,0],[0,0,1]],"s":1,"sphereCenter":[41.571,156.987,112.555],"sphereRadius":69.9014,"t":[-8.58561,8.75463,-23.5981]}],"id":42909,"pointables":[{"direction":[0.366618,0.872676,-0.322534],"handId":3,"id":5,"length":36.5696,"tipPosition":[75.7715,148.051,45.8727],"tipVelocity":[-203.62,184.944,-528.476],"tool":false}],"r":[[-0.575689,-0.743584,0.340096],[-0.789197,0.396497,-0.468997],[0.213892,-0.538399,-0.815093]],"s":645.886,"t":[-3686.66,-9207.81,-1244.12],"timestamp":1768654992},
{"hands":[{"direction":[0.210256,0.595459,-0.724261],"id":3,"palmNormal":[-0.456726,-0.608424,-0.606232],"palmPosition":[24.4063,135.051,82.397],"palmVelocity":[-143.879,172.408,-211.799],"r":[[1,0,0],[0,1,0],[0,0,1]],"s":1,"sphereCenter":[39.2488,156.703,108.296],"sphereRadius":68.6478,"t":[-10.5437,10.1193,-28.2676]}],"id":42911,"pointables":[{"direction":[0.348958,0.874987,-0.335597],"handId":3,"id":5,"length":37.1378,"tipPosition":[73.6747,148.988,41.4104],"tipVelocity":[-228.213,102.043,-485.663],"tool":false}],"r":[[-0.575952,-0.743358,0.340143],[-0.78899,0.396577,-0.469277],[0.213948,-0.538651,-0.814912]],"s":645.886,"t":[-3688.63,-9206.43,-1248.83],"timestamp":1768664180},
{"hands":[{"direction":[0.193674,0.596469,-0.73302],"id":3,"palmNormal":[-0.464902,-0.615625,-0.598265],"palmPosition":[23.0358,135.843,81.1699],"palmVelocity":[-143.417,82.8459,-128.411],"r":[[1,0,0],[0,1,0],[0,0,1]],"s":1,"sphereCenter":[36.5695,155.69,103.885],"sphereRadius":67.4761,"t":[-12.4725,11.3438,-32.7307]}],"id":42913,"pointables":[{"direction":[0.335516,0.874635,-0.349918],"handId":3,"id":5,"length":36.6805,"tipPosition":[71.775,150.073,37.1536],"tipVelocity":[-198.796,113.477,-445.454],"tool":false}],"r":[[-0.576163,-0.743178,0.340181],[-0.788824,0.396642,-0.469502],[0.213994,-0.538852,-0.814767]],"s":645.886,"t":[-3690.56,-9205.2,-1253.3],"timestamp":1768673736},
{"hands":[{"direction":[0.175188,0.598778,-0.739891],"id":3,"palmNormal":[-0.471835,-0.622306,-0.590871],"palmPosition":[21.7343,137.31,79.1248],"palmVelocity":[-138.147,155.685,-217.087],"r":[[1,0,0],[0,1,0],[0,0,1]],"s":1,"sphereCenter":[34.1414,155.342,99.5135],"sphereRadius":66.5889,"t":[-14.2339,12.6018,-37.0356]}],"id":42915,"pointables":[{"direction":[0.325485,0.873493,-0.362035],"handId":3,"id":5,"length":37.5111,"tipPosition":[70.1811,151.364,33.007],"tipVelocity":[-169.189,137.066,-440.149],"tool":false}],"r":[[-0.576331,-0.743034,0.340211],[-0.788691,0.396693,-0.469682],[0.21403,-0.539013,-0.814651]],"s":645.886,"t":[-3692.33,-9203.94,-1257.62],"timestamp":1768683157},
{"hands":[{"direction":[0.159844,0.598962,-0.747243],"id":3,"palmNormal":[-0.476138,-0.629944,-0.583685],"palmPosition":[20.5139,138.42,76.9477],"palmVelocity":[-131.837,119.935,-235.18],"r":[[0.999959,0.00392734,-0.00814862],[-0.00392297,0.999992,0.000551589],[0.00815072,-0.000519599,0.999967]],"s":0.994299,"sphereCenter":[31.6757,154.741,95.0392],"sphereRadius":65.745,"t":[-15.7745,13.1414,-40.9589]}],"id":42917,"pointables":[{"direction":[0.260083,0.74908,-0.609291],"handId":3,"id":12,"length":34.7538,"tipPosition":[41.1885,160.155,14.1275],"tipVelocity":[-68.9594,-2.63852,-426.113],"tool":false},{"direction":[0.306099,0.869038,-0.388685],"handId":3,"id":5,"length":38.3329,"tipPosition":[68.1799,151.031,29.8683],"tipVelocity":[-216.181,-35.944,-339.06],"tool":false}],"r":[[-0.581312,-0.736928,0.344983],[-0.786176,0.399379,-0.471618],[0.20977,-0.545374,-0.811519]],"s":645.881,"t":[-3693.87,-9203.4,-1261.54],"timestamp":1768692414},
{"hands":[{"direction":[0.149847,0.596795,-0.755089],"id":3,"palmNormal":[-0.479046,-0.637317,-0.577184],"palmPosition":[19.4018,139.636,74.181],"palmVelocity":[-117.114,128.091,-291.359],"r":[[0.999808,0.00873434,-0.0175185],[-0.00871745,0.999961,0.00104058],[0.0175269,-0.000887669,0.999846]],"s":0.984908,"sphereCenter":[29.1551,153.878,90.8668],"sphereRadius":65.2105,"t":[-17.194,13.3881,-44.5064]}],"id":42919,"pointables":[{"direction":[0.240384,0.713114,-0.658547],"handId":3,"id":12,"length":34.1587,"tipPosition":[40.3001,160.127,10.9254],"tipVelocity":[-93.5581,-2.97132,-337.2],"tool":false},{"direction":[0.284199,0.859144,-0.425561],"handId":3,"id":5,"length":38.0847,"tipPosition":[66.4718,150.967,26.7268],"tipVelocity":[-179.879,-6.77496,-330.822],"tool":false}],"r":[[-0.587152,-0.729757,0.350297],[-0.783178,0.402722,-0.473758],[0.204656,-0.552513,-0.807988]],"s":645.871,"t":[-3695.29,-9203.15,-1265.09],"timestamp":1768701910},
{"hands":[{"direction":[0.139619,0.592963,-0.763442],"id":3,"palmNormal":[-0.480659,-0.646068,-0.569249],"palmPosition":[18.4228,140.696,71.0121],"palmVelocity":[-108.017,116.895,-349.645],"r":[[0.999409,0.017373,-0.029675],[-0.0173706,0.999849,0.000339441],[0.0296764,0.000176231,0.99956]],"s":0.976813,"sphereCenter":[27.0432,153.325,86.9339],"sphereRadius":64.7036,"t":[-18.5185,13.473,-47.7377]}],"id":42921,"pointables":[{"direction":[0.2236,0.730586,-0.645172],"handId":3,"id":12,"length":34.3526,"tipPosition":[39.4411,160.382,7.78601],"tipVelocity":[-94.779,28.1619,-346.399],"tool":false},{"direction":[0.238206,0.833473,-0.498579],"handId":3,"id":5,"length":37.3455,"tipPosition":[64.8716,150.558,24.036],"tipVelocity":[-176.563,-45.1509,-296.901],"tool":false}],"r":[[-0.596444,-0.719397,0.355981],[-0.778164,0.409544,-0.476167],[0.196764,-0.561019,-0.804078]],"s":645.863,"t":[-3696.61,-9203.07,-1268.33],"timestamp":1768710973},
{"hands":[{"direction":[0.126312,0.592701,-0.768815],"id":3,"palmNormal":[-0.47942,-0.654036,-0.564185],"palmPosition":[17.4701,140.116,69.7487],"palmVelocity":[-99.7118,-60.6586,-132.229],"r":[[0.998691,0.0293849,-0.0418573],[-0.0295065,0.999562,-0.00229017],[0.0417717,0.00352223,0.999121]],"s":0.968013,"sphereCenter":[24.9481,152.517,82.822],"sphereRadius":64.1731,"t":[-19.815,13.4015,-50.8686]}],"id":42923,"pointables":[{"direction":[0.21559,0.692563,-0.688387],"handId":3,"id":12,"length":34.0753,"tipPosition":[38.5425,160.508,4.75665],"tipVelocity":[-94.0367,13.1508,-317.044],"tool":false},{"direction":[0.200562,0.806506,-0.556168],"handId":3,"id":5,"length":36.7912,"tipPosition":[63.2329,149.977,21.0044],"tipVelocity":[-171.505,-60.8248,-317.281],"tool":false}],"r":[[-0.608188,-0.70747,0.35999],[-0.771437,0.419912,-0.478079],[0.187063,-0.568472,-0.801154]],"s":645.855,"t":[-3697.91,-9203.14,-1271.46],"timestamp":1768720528},
{"hands":[{"direction":[0.112932,0.592539,-0.773512],"id":3,"palmNormal":[-0.474947,-0.662834,-0.560145],"palmPosition":[16.641,138.691,69.6458],"palmVelocity":[-90.6461,-155.865,-11.2496],"r":[[0.998732,0.031077,-0.0396076],[-0.0312702,0.999502,-0.00426723],[0.0394553,0.00550036,0.999206]],"s":0.947899,"sphereCenter":[23.2968,152.02,79.3457],"sphereRadius":63.7747,"t":[-20.9678,13.4772,-54.0829]}],"id":42925,"pointables":[{"direction":[0.205086,0.663635,-0.719395],"handId":3,"id":12,"length":34.0512,"tipPosition":[37.5537,160.008,2.55203],"tipVelocity":[-108.12,-54.6571,-241.048],"tool":false},{"direction":[0.203201,0.806603,-0.555068],"handId":3,"id":5,"length":35.9256,"tipPosition":[62.204,150.922,16.6134],"tipVelocity":[-112.494,103.381,-480.105],"tool":false}],"r":[[-0.609239,-0.70798,0.3572],[-0.770659,0.422479,-0.47707],[0.186846,-0.565929,-0.803002]],"s":645.834,"t":[-3699.06,-9203.06,-1274.67],"timestamp":1768729674},
{"hands":[{"direction":[0.102233,0.592489,-0.777516],"id":3,"palmNormal":[-0.472942,-0.669183,-0.556696],"palmPosition":[15.7831,138.14,68.4034],"palmVelocity":[-92.7996,-59.5202,-134.381],"r":[[0.999482,0.0178571,-0.0267657],[-0.0179125,0.999838,-0.00183387],[0.0267286,0.00231236,0.99964]],"s":0.925455,"sphereCenter":[21.9813,152.127,76.0753],"sphereRadius":63.4255,"t":[-21.8725,13.8499,-57.4072]}],"id":42927,"pointables":[{"direction":[0.198251,0.680471,-0.705447],"handId":3,"id":12,"length":34.4252,"tipPosition":[36.6413,159.541,-0.0854955],"tipVelocity":[-98.6881,-50.5401,-285.292],"tool":false},{"direction":[0.208142,0.806693,-0.553104],"handId":3,"id":5,"length":35.1683,"tipPosition":[61.8027,152.729,12.3824],"tipVelocity":[-43.4096,195.413,-457.644],"tool":false}],"r":[[-0.596719,-0.72071,0.352852],[-0.777971,0.411803,-0.47453],[0.196693,-0.55767,-0.806422]],"s":645.812,"t":[-3699.97,-9202.69,-1278],"timestamp":1768738919},
{"hands":[{"direction":[0.0916204,0.581993,-0.787953],"id":3,"palmNormal":[-0.457119,-0.687673,-0.545797],"palmPosition":[15.1518,136.006,70.4344],"palmVelocity":[-67.4219,-227.948,216.896],"r":[[0.999958,-0.00655896,-0.00642315],[0.00658641,0.999969,0.0042624],[0.00639499,-0.00430453,0.99997]],"s":0.906311,"sphereCenter":[20.7618,151.976,73.0922],"sphereRadius":63.2326,"t":[-22.6396,14.1567,-60.5219]}],"id":42929,"pointables":[{"direction":[0.189178,0.62949,-0.753628],"handId":3,"id":12,"length":32.0895,"tipPosition":[35.6795,158.763,-2.3299],"tipVelocity":[-102.713,-83.1044,-239.685],"tool":false},{"direction":[0.216117,0.807288,-0.549162],"handId":3,"id":5,"length":34.6373,"tipPosition":[61.5057,153.989,8.81661],"tipVelocity":[-31.7168,134.577,-380.802],"tool":false}],"r":[[-0.573612,-0.741763,0.347501],[-0.790791,0.39085,-0.471047],[0.213585,-0.544999,-0.810776]],"s":645.793,"t":[-3700.74,-9202.38,-1281.11],"timestamp":1768748283},
{"hands":[{"direction":[0.0815087,0.572896,-0.79704],"id":3,"palmNormal":[-0.445485,-0.702944,-0.535902],"palmPosition":[14.564,134.536,70.396],"palmVelocity":[-62.3583,-155.959,-4.08042],"r":[[0.999193,-0.0373553,0.0147675],[0.0371579,0.999219,0.0134221],[-0.0152574,-0.0128625,0.999801]],"s":0.894323,"sphereCenter":[19.662,151.722,70.125],"sphereRadius":63.0335,"t":[-23.2719,14.5027,-63.5977]}],"id":42931,"pointables":[{"direction":[0.18025,0.628926,-0.756282],"handId":3,"id":12,"length":29.6995,"tipPosition":[34.8644,158.324,-5.08967],"tipVelocity":[-86.4704,-46.4964,-292.782],"tool":false},{"direction":[0.22201,0.807732,-0.54615],"handId":3,"id":5,"length":34.2987,"tipPosition":[61.3259,155.197,5.50267],"tipVelocity":[-19.0709,128.201,-351.574],"tool":false}],"r":[[-0.544537,-0.764914,0.344072],[-0.805816,0.363314,-0.467614],[0.232679,-0.531892,-0.814219]],"s":645.781,"t":[-3701.37,-9202.04,-1284.19],"timestamp":1768757709},
{"hands":[{"direction":[0.0706671,0.562834,-0.806208],"id":3,"palmNormal":[-0.430072,-0.719497,-0.525554],"palmPosition":[14.1578,133.011,70.7732],"palmVelocity":[-42.4105,-159.204,39.3929],"r":[[0.99656,-0.0744364,0.0364446],[0.0735205,0.996958,0.0258594],[-0.0382586,-0.023091,0.999001]],"s":0.890086,"sphereCenter":[18.7651,151.66,67.2795],"sphereRadius":62.9666,"t":[-23.7728,14.8676,-66.6372]}],"id":42933,"pointables":[{"direction":[0.172981,0.583096,-0.793774],"handId":3,"id":12,"length":27.2324,"tipPosition":[34.0857,157.778,-7.83382],"tipVelocity":[-81.3181,-57.0722,-286.535],"tool":false},{"direction":[0.227996,0.810139,-0.540086],"handId":3,"id":5,"length":34.1158,"tipPosition":[61.3654,156.512,2.24057],"tipVelocity":[4.12071,137.242,-340.619],"tool":false}],"r":[[-0.50929,-0.789465,0.342591],[-0.822335,0.32905,-0.46421],[0.253747,-0.518143,-0.816787]],"s":645.777,"t":[-3701.87,-9201.67,-1287.23],"timestamp":1768767286},
{"hands":[{"direction":[0.0633182,0.55824,-0.811724],"id":3,"palmNormal":[-0.430065,-0.725887,-0.519071],"palmPosition":[13.5477,133.306,67.9583],"palmVelocity":[-66.6068,32.1804,-307.308],"r":[[0.992676,-0.108395,0.0533396],[0.106446,0.993587,0.0381277],[-0.0571304,-0.0321706,0.997848]],"s":0.891155,"sphereCenter":[18.0868,152.198,64.5951],"sphereRadius":62.9884,"t":[-24.2194,15.0444,-69.6108]}],"id":42935,"pointables":[{"direction":[0.16526,0.49674,-0.85202],"handId":3,"id":12,"length":25.1466,"tipPosition":[33.4791,157.439,-10.8139],"tipVelocity":[-66.2153,-36.9382,-325.34],"tool":false},{"direction":[0.226664,0.808159,-0.543602],"handId":3,"id":5,"length":34.037,"tipPosition":[61.1878,156.827,-0.594971],"tipVelocity":[-19.3877,34.4736,-309.557],"tool":false}],"r":[[-0.476793,-0.809268,0.343152],[-0.836044,0.296937,-0.461365],[0.271473,-0.506867,-0.818162]],"s":645.778,"t":[-3702.32,-9201.5,-1290.2],"timestamp":1768776446},
{"hands":[{"direction":[0.0561036,0.557875,-0.814207],"id":3,"palmNormal":[-0.432808,-0.728053,-0.516137],"palmPosition":[12.9194,133.166,65.2422],"palmVelocity":[-66.9273,-14.8403,-289.322],"r":[[0.988403,-0.136503,0.0665319],[0.133422,0.989859,0.048758],[-0.0725128,-0.0393157,0.996592]],"s":0.893822,"sphereCenter":[17.5014,152.629,62.0091],"sphereRadius":63.022,"t":[-24.6883,14.8021,-72.2589]}],"id":42937,"pointables":[{"direction":[0.158193,0.512452,-0.844019],"handId":3,"id":12,"length":23.1605,"tipPosition":[32.8869,156.707,-13.1678],"tipVelocity":[-63.0836,-77.9739,-250.731],"tool":false},{"direction":[0.224425,0.805944,-0.547802],"handId":3,"id":5,"length":33.9269,"tipPosition":[60.7974,156.237,-2.88628],"tipVelocity":[-41.5796,-62.9305,-244.068],"tool":false}],"r":[[-0.449458,-0.824466,0.343865],[-0.846402,0.269957,-0.45905],[0.285642,-0.497372,-0.819164]],"s":645.78,"t":[-3702.78,-9201.74,-1292.85],"timestamp":1768785834},
