[
{"hands":[{"direction":[-0.304058,0.431047,-0.848617],"id":5,"palmNormal":[-0.124267,-0.901256,-0.412472],"palmPosition":[32.7544,135.273,41.4819],"palmVelocity":[5.24307,-0.240547,21.7108],"r":[[0.935841,-0.0715871,0.345076],[0.0919816,0.994829,-0.0430724],[-0.340208,0.0720496,0.937586]],"s":0.553774,"sphereCenter":[26.7686,116.624,14.4392],"sphereRadius":62.532,"t":[-29.8714,8.15051,-44.3537]}],"id":99128,"pointables":[{"direction":[-0.234063,-0.370378,-0.898907],"handId":5,"id":7,"length":44.3224,"tipPosition":[5.52975,136.904,-40.6567],"tipVelocity":[-149.251,-590.904,134.336],"tool":false},{"direction":[-0.438748,-0.0253103,-0.898254],"handId":5,"id":6,"length":42.1149,"tipPosition":[-28.2882,129.251,12.6615],"tipVelocity":[6.48555,14.5411,-26.8993],"tool":false}],"r":[[-0.469837,-0.704405,0.53204],[-0.41269,-0.357513,-0.837778],[0.780346,-0.613187,-0.122729]],"s":348.142,"t":[-1632.1,-7232.9,-1253.98],"timestamp":1199757275},
{"hands":[{"direction":[-0.382799,0.417018,-0.723055],"id":5,"palmNormal":[-0.086287,-0.782848,-0.215949],"palmPosition":[31.5747,140.043,10.4616],"palmVelocity":[-122.84,496.629,-3229.93],"r":[[0.937559,-0.0494084,0.344299],[0.0602538,0.997965,-0.0208646],[-0.342567,0.0403071,0.938628]],"s":0.528447,"sphereCenter":[26.8807,129.817,2.48794],"sphereRadius":66.8969,"t":[-30.4005,6.03083,-43.7143]}],"id":99130,"pointables":[{"direction":[-0.219249,-0.320791,-0.921424],"handId":5,"id":7,"length":42.7038,"tipPosition":[4.3275,131.898,-38.4068],"tipVelocity":[-125.182,-521.274,234.269],"tool":false},{"direction":[-0.438444,-0.0267398,-0.898361],"handId":5,"id":6,"length":41.9815,"tipPosition":[-28.2692,129.423,12.3026],"tipVelocity":[1.98737,17.9003,-37.3682],"tool":false}],"r":[[-0.478983,-0.71201,0.513436],[-0.377037,-0.361327,-0.85281],[0.792728,-0.602066,-0.0953848]],"s":348.116,"t":[-1632.63,-7235.02,-1253.34],"timestamp":1199766879},
{"hands":[{"direction":[-0.370745,0.415771,-0.74106],"id":5,"palmNormal":[-0.0926623,-0.801094,-0.239584],"palmPosition":[31.9843,138.613,30.8301],"palmVelocity":[44.718,-156.035,2223.39],"r":[[0.938068,-0.0257926,0.34549],[0.0262101,0.99965,0.00346393],[-0.345459,0.00580592,0.938416]],"s":0.50048,"sphereCenter":[26.7094,129.098,5.35414],"sphereRadius":66.1099,"t":[-30.9696,4.32206,-43.0051]}],"id":99132,"pointables":[{"direction":[-0.203561,-0.288167,-0.935694],"handId":5,"id":7,"length":42.0587,"tipPosition":[2.97469,129.038,-36.869],"tipVelocity":[-147.671,-312.114,167.862],"tool":false},{"direction":[-0.438359,-0.0282163,-0.898357],"handId":5,"id":6,"length":41.8418,"tipPosition":[-28.1343,129.686,12.3228],"tipVelocity":[14.7208,28.7683,2.20014],"tool":false}],"r":[[-0.486484,-0.721184,0.49318],[-0.33795,-0.365212,-0.867416],[0.805682,-0.588654,-0.0660541]],"s":348.088,"t":[-1633.2,-7236.73,-1252.63],"timestamp":1199776040},
{"hands":[{"direction":[-0.360199,0.411932,-0.758056],"id":5,"palmNormal":[-0.0979877,-0.818061,-0.256668],"palmPosition":[32.4622,137.232,42.1845],"palmVelocity":[50.3901,-145.686,1197.35],"r":[[0.937932,-0.00162651,0.346816],[-0.00895342,0.999542,0.0289014],[-0.346704,-0.0302127,0.937488]],"s":0.471988,"sphereCenter":[26.6213,128.66,7.81282],"sphereRadius":65.3589,"t":[-31.5435,2.94484,-42.3347]}],"id":99134,"pointables":[{"direction":[-0.18992,-0.21767,-0.957366],"handId":5,"id":7,"length":41.1625,"tipPosition":[1.91428,126.65,-35.4257],"tipVelocity":[-111.822,-251.88,152.2],"tool":false},{"direction":[-0.437934,-0.0296508,-0.898518],"handId":5,"id":6,"length":41.7604,"tipPosition":[-28.2314,129.983,12.1424],"tipVelocity":[-10.2382,31.3458,-19.0195],"tool":false}],"r":[[-0.493551,-0.730413,0.472127],[-0.296813,-0.368802,-0.880845],[0.817502,-0.574875,-0.0347732]],"s":348.06,"t":[-1633.78,-7238.11,-1251.96],"timestamp":1199785523},
{"hands":[{"direction":[-0.351084,0.410207,-0.772159],"id":5,"palmNormal":[-0.105022,-0.831829,-0.272437],"palmPosition":[32.8791,136.213,47.3988],"palmVelocity":[44.7037,-109.252,559.049],"r":[[0.937544,0.0222789,0.347153],[-0.0438844,0.997549,0.0544984],[-0.345088,-0.0663292,0.936224]],"s":0.444589,"sphereCenter":[26.5538,128.084,10.065],"sphereRadius":64.6791,"t":[-32.0585,1.81864,-41.7079]}],"id":99136,"pointables":[{"direction":[-0.174836,-0.051348,-0.983258],"handId":5,"id":7,"length":39.9785,"tipPosition":[1.18864,124.666,-34.0411],"tipVelocity":[-77.7995,-212.749,148.45],"tool":false},{"direction":[-0.437432,-0.0304191,-0.898737],"handId":5,"id":6,"length":41.6647,"tipPosition":[-28.4177,130.217,11.9242],"tipVelocity":[-19.9789,25.083,-23.394],"tool":false}],"r":[[-0.500886,-0.73869,0.451055],[-0.255155,-0.371956,-0.892494],[0.827049,-0.562126,-0.00217274]],"s":348.032,"t":[-1634.29,-7239.23,-1251.33],"timestamp":1199794850},
{"hands":[{"direction":[-0.34644,0.408681,-0.783351],"id":5,"palmNormal":[-0.106743,-0.843682,-0.28746],"palmPosition":[33.1435,135.097,50.6008],"palmVelocity":[28.2301,-119.169,341.983],"r":[[0.937012,0.0393561,0.347072],[-0.0672377,0.995372,0.0686563],[-0.342763,-0.0876681,0.935322]],"s":0.479525,"sphereCenter":[26.5122,131.831,12.2163],"sphereRadius":64.7573,"t":[-31.767,2.97668,-43.2698]}],"id":99138,"pointables":[{"direction":[-0.24247,-0.572654,-0.783119],"handId":5,"id":3,"length":61.1351,"tipPosition":[-11.3254,158.254,-38.1252],"tipVelocity":[37.7793,102.645,-110.405],"tool":false},{"direction":[-0.436164,-0.0328755,-0.899267],"handId":5,"id":6,"length":41.5958,"tipPosition":[-28.6964,130.379,11.6547],"tipVelocity":[-29.7578,17.2369,-28.7831],"tool":false}],"r":[[-0.506309,-0.743993,0.436034],[-0.228745,-0.371651,-0.899751],[0.831461,-0.555292,0.0179857]],"s":348.067,"t":[-1634,-7238.07,-1252.89],"timestamp":1199804213},
{"hands":[{"direction":[-0.340335,0.407078,-0.793989],"id":5,"palmNormal":[-0.112413,-0.854003,-0.298583],"palmPosition":[33.3621,134.568,50.4441],"palmVelocity":[23.6198,-57.2025,-16.9206],"r":[[0.938111,0.0671773,0.339758],[-0.10581,0.989696,0.0964691],[-0.329776,-0.126448,0.935552]],"s":0.489559,"sphereCenter":[26.4369,130.872,13.8273],"sphereRadius":64.2139,"t":[-31.0592,1.74514,-43.8682]}],"id":99140,"pointables":[{"direction":[-0.247363,-0.571455,-0.782464],"handId":5,"id":3,"length":58.3876,"tipPosition":[-8.82098,150.81,-37.2792],"tipVelocity":[270.548,-804.134,91.3955],"tool":false},{"direction":[-0.435513,-0.0330316,-0.899576],"handId":5,"id":6,"length":41.5699,"tipPosition":[-28.953,130.58,11.5387],"tipVelocity":[-27.7196,21.7855,-12.5306],"tool":false}],"r":[[-0.520773,-0.747914,0.411607],[-0.182205,-0.373661,-0.909494],[0.834024,-0.548637,0.0583194]],"s":348.077,"t":[-1633.29,-7239.31,-1253.49],"timestamp":1199813470},
{"hands":[{"direction":[-0.335447,0.402091,-0.804707],"id":5,"palmNormal":[-0.11899,-0.864432,-0.303316],"palmPosition":[33.6346,134.056,50.3092],"palmVelocity":[29.3554,-55.1058,-14.5325],"r":[[0.938113,0.0896131,0.334534],[-0.13633,0.983509,0.118844],[-0.318367,-0.157096,0.93486]],"s":0.496594,"sphereCenter":[26.3885,129.891,15.0477],"sphereRadius":63.8714,"t":[-30.8053,1.16491,-44.2162]}],"id":99142,"pointables":[{"direction":[-0.434979,-0.0336123,-0.899813],"handId":5,"id":6,"length":41.5468,"tipPosition":[-29.1528,130.651,11.4411],"tipVelocity":[-21.5269,7.65496,-10.5128],"tool":false}],"r":[[-0.531454,-0.751134,0.391605],[-0.144669,-0.375021,-0.915658],[0.834642,-0.543283,0.0906405]],"s":348.084,"t":[-1633.04,-7239.89,-1253.84],"timestamp":1199822754},
{"hands":[{"direction":[-0.330466,0.397964,-0.814226],"id":5,"palmNormal":[-0.124799,-0.873284,-0.30765],"palmPosition":[33.7648,133.616,50.0712],"palmVelocity":[13.6998,-46.277,-25.0546],"r":[[0.940738,0.102428,0.323298],[-0.15172,0.979692,0.131089],[-0.303305,-0.172371,0.937173]],"s":0.502364,"sphereCenter":[26.3546,128.654,16.0056],"sphereRadius":63.65,"t":[-30.1969,1.56743,-44.0659]}],"id":99144,"pointables":[{"direction":[-0.181235,-0.210693,-0.960605],"handId":5,"id":7,"length":37.6687,"tipPosition":[3.09653,127.484,-32.9813],"tipVelocity":[51.0076,75.3512,28.3347],"tool":false},{"direction":[-0.434706,-0.0328611,-0.899973],"handId":5,"id":6,"length":41.5557,"tipPosition":[-29.135,130.604,11.6782],"tipVelocity":[1.88004,-5.04369,24.9571],"tool":false}],"r":[[-0.544738,-0.74718,0.380766],[-0.12482,-0.376748,-0.917867],[0.829265,-0.547525,0.111966]],"s":348.09,"t":[-1632.43,-7239.48,-1253.69],"timestamp":1199832254},
{"hands":[{"direction":[-0.326883,0.391826,-0.823321],"id":5,"palmNormal":[-0.127293,-0.882053,-0.309272],"palmPosition":[34.0451,132.976,51.4803],"palmVelocity":[29.8241,-68.1478,149.905],"r":[[0.942563,0.112806,0.314404],[-0.163883,0.97635,0.141004],[-0.291062,-0.184431,0.938759]],"s":0.506407,"sphereCenter":[26.3539,127.141,16.6974],"sphereRadius":63.5667,"t":[-29.9762,1.67235,-44.1099]}],"id":99146,"pointables":[{"direction":[-0.433855,-0.031817,-0.900421],"handId":5,"id":6,"length":41.5078,"tipPosition":[-29.302,130.411,11.4401],"tipVelocity":[-17.7715,-20.4981,-25.3342],"tool":false}],"r":[[-0.555136,-0.744005,0.37186],[-0.108914,-0.378205,-0.919293],[0.824598,-0.550833,0.128923]],"s":348.094,"t":[-1632.21,-7239.38,-1253.73],"timestamp":1199841654},
{"hands":[{"direction":[-0.324796,0.388597,-0.83005],"id":5,"palmNormal":[-0.123836,-0.888724,-0.315129],"palmPosition":[34.0928,131.954,52.7625],"palmVelocity":[5.08041,-108.935,136.708],"r":[[0.943848,0.121186,0.307351],[-0.173516,0.973493,0.149009],[-0.281147,-0.193972,0.939857]],"s":0.509238,"sphereCenter":[26.3425,125.461,17.2754],"sphereRadius":63.5688,"t":[-29.9688,1.53425,-44.3628]}],"id":99148,"pointables":[{"direction":[-0.433154,-0.0317586,-0.90076],"handId":5,"id":6,"length":41.4409,"tipPosition":[-29.5078,130.03,10.9781],"tipVelocity":[-21.9389,-40.6345,-49.2528],"tool":false}],"r":[[-0.563305,-0.741461,0.364587],[-0.0961755,-0.379416,-0.920214],[0.820632,-0.553426,0.142417]],"s":348.097,"t":[-1632.2,-7239.52,-1253.98],"timestamp":1199851033},
{"hands":[{"direction":[-0.32194,0.391407,-0.833783],"id":5,"palmNormal":[-0.119678,-0.891738,-0.327164],"palmPosition":[34.2383,131.269,55.0496],"palmVelocity":[16.0664,-75.6389,252.524],"r":[[0.944598,0.130525,0.301162],[-0.185121,0.969532,0.160434],[-0.271046,-0.207297,0.93998]],"s":0.493858,"sphereCenter":[26.513,123.729,17.6576],"sphereRadius":63.5721,"t":[-29.9193,0.638222,-43.6739]}],"id":99150,"pointables":[{"direction":[-0.208,-0.454686,-0.866024],"handId":5,"id":3,"length":49.1289,"tipPosition":[-14.8192,143.732,-30.6366],"tipVelocity":[-19.1452,-313.322,309.967],"tool":false},{"direction":[-0.432091,-0.030463,-0.901315],"handId":5,"id":6,"length":41.3965,"tipPosition":[-29.1512,129.56,11.4324],"tipVelocity":[39.3717,-51.9095,50.1516],"tool":false}],"r":[[-0.570793,-0.739772,0.356275],[-0.0796099,-0.381998,-0.920728],[0.817225,-0.553908,0.159149]],"s":348.082,"t":[-1632.15,-7240.41,-1253.3],"timestamp":1199860090},
{"hands":[{"direction":[-0.320214,0.393662,-0.836876],"id":5,"palmNormal":[-0.114724,-0.894356,-0.337792],"palmPosition":[34.2618,131.059,54.2138],"palmVelocity":[2.45903,-21.9732,-87.2954],"r":[[0.949364,0.122795,0.289186],[-0.174436,0.971565,0.160103],[-0.261303,-0.202441,0.943789]],"s":0.471975,"sphereCenter":[26.7229,122.494,17.9223],"sphereRadius":63.4294,"t":[-29.8193,-0.0874639,-43.4364]}],"id":99152,"pointables":[{"direction":[-0.194758,-0.401847,-0.894756],"handId":5,"id":7,"length":35.5206,"tipPosition":[6.31351,135.022,-33.1951],"tipVelocity":[85.9926,201.497,-5.71462],"tool":false},{"direction":[-0.211969,-0.510949,-0.833067],"handId":5,"id":3,"length":49.1078,"tipPosition":[-14.6689,141.52,-27.38],"tipVelocity":[15.6983,-231.07,340.143],"tool":false},{"direction":[-0.431468,-0.0275164,-0.901708],"handId":5,"id":6,"length":41.364,"tipPosition":[-29.038,129.004,10.9919],"tipVelocity":[11.8182,-58.0058,-46.0086],"tool":false}],"r":[[-0.579728,-0.728759,0.364453],[-0.0882025,-0.388529,-0.917205],[0.810022,-0.563875,0.160963]],"s":348.06,"t":[-1632.05,-7241.14,-1253.06],"timestamp":1199869664},
{"hands":[{"direction":[-0.317475,0.395842,-0.83992],"id":5,"palmNormal":[-0.111098,-0.896572,-0.346912],"palmPosition":[34.4065,130.734,55.1195],"palmVelocity":[15.5147,-34.8452,97.1124],"r":[[0.955595,0.104062,0.275699],[-0.150268,0.976871,0.152123],[-0.253492,-0.186797,0.94913]],"s":0.452642,"sphereCenter":[26.9503,121.692,18.1561],"sphereRadius":63.2278,"t":[-29.6157,-0.760994,-43.5298]}],"id":99154,"pointables":[{"direction":[-0.198956,-0.519762,-0.830821],"handId":5,"id":7,"length":33.5079,"tipPosition":[8.42348,140.82,-33.6759],"tipVelocity":[226.246,621.662,-51.5537],"tool":false},{"direction":[-0.217588,-0.557753,-0.800979],"handId":5,"id":3,"length":49.0855,"tipPosition":[-14.539,139.689,-24.84],"tipVelocity":[13.924,-196.383,272.366],"tool":false},{"direction":[-0.429438,-0.0256659,-0.902731],"handId":5,"id":6,"length":41.3355,"tipPosition":[-28.7306,128.383,10.5673],"tipVelocity":[32.9662,-66.6282,-45.5219],"tool":false}],"r":[[-0.587137,-0.71326,0.382794],[-0.11241,-0.396462,-0.911143],[0.801645,-0.577996,0.152599]],"s":348.041,"t":[-1631.85,-7241.81,-1253.15],"timestamp":1199878990},
{"hands":[{"direction":[-0.315619,0.397818,-0.842363],"id":5,"palmNormal":[-0.106746,-0.898368,-0.355284],"palmPosition":[34.5105,130.541,54.8604],"palmVelocity":[11.1376,-20.6478,-27.7511],"r":[[0.959934,0.0893413,0.265603],[-0.130945,0.980981,0.143282],[-0.24775,-0.172321,0.953376]],"s":0.445389,"sphereCenter":[27.1168,121.405,18.4953],"sphereRadius":62.9743,"t":[-29.2795,-1.55707,-43.5716]}],"id":99156,"pointables":[{"direction":[-0.204893,-0.551034,-0.808938],"handId":5,"id":7,"length":31.4605,"tipPosition":[9.85032,145.574,-34.4228],"tipVelocity":[152.849,509.303,-80.0094],"tool":false},{"direction":[-0.175949,-0.0265217,-0.984042],"handId":5,"id":8,"length":31.26,"tipPosition":[59.5152,141.905,-33.3755],"tipVelocity":[91.7205,-150.517,13.8522],"tool":false},{"direction":[-0.222786,-0.596265,-0.771255],"handId":5,"id":3,"length":49.0636,"tipPosition":[-14.4579,138.538,-23.1272],"tipVelocity":[8.68353,-123.268,183.476],"tool":false},{"direction":[-0.428407,-0.0215965,-0.903328],"handId":5,"id":6,"length":41.2139,"tipPosition":[-28.0894,127.696,10.4581],"tipVelocity":[68.6829,-73.5425,-11.6984],"tool":false}],"r":[[-0.59227,-0.701152,0.396992],[-0.133126,-0.40078,-0.906451],[0.794666,-0.589713,0.144028]],"s":348.033,"t":[-1631.51,-7242.61,-1253.19],"timestamp":1199888325},
{"hands":[{"direction":[-0.313681,0.399426,-0.844672],"id":5,"palmNormal":[-0.105194,-0.900097,-0.361623],"palmPosition":[34.6369,130.517,54.659],"palmVelocity":[13.8976,-2.62777,-22.1439],"r":[[0.962821,0.0793826,0.258214],[-0.117012,0.984079,0.133776],[-0.243484,-0.159016,0.956781]],"s":0.446681,"sphereCenter":[27.3408,121.413,18.8851],"sphereRadius":62.7393,"t":[-28.8142,-2.43141,-43.5322]}],"id":99158,"pointables":[{"direction":[-0.212209,-0.576978,-0.78871],"handId":5,"id":7,"length":29.3626,"tipPosition":[10.9764,149.884,-35.436],"tipVelocity":[123.804,473.865,-111.399],"tool":false},{"direction":[-0.179677,-0.0369549,-0.983031],"handId":5,"id":8,"length":33.374,"tipPosition":[59.9672,140.021,-33.012],"tipVelocity":[49.691,-207.088,39.9632],"tool":false},{"direction":[-0.228871,-0.624544,-0.746701],"handId":5,"id":3,"length":49.0663,"tipPosition":[-14.2329,138.516,-21.6994],"tipVelocity":[24.737,-2.37088,156.965],"tool":false},{"direction":[-0.428322,-0.0121748,-0.903544],"handId":5,"id":6,"length":41.045,"tipPosition":[-27.3525,126.963,10.3355],"tipVelocity":[81.0194,-80.6346,-13.4875],"tool":false}],"r":[[-0.596135,-0.692344,0.40655],[-0.149886,-0.401494,-0.903514],[0.78877,-0.599552,0.135572]],"s":348.035,"t":[-1631.05,-7243.48,-1253.15],"timestamp":1199897421},
{"hands":[{"direction":[-0.314472,0.389889,-0.850394],"id":5,"palmNormal":[-0.0900573,-0.905533,-0.358932],"palmPosition":[34.6551,129.866,55.0614],"palmVelocity":[1.94624,-69.5117,42.9634],"r":[[0.965149,0.0755935,0.250544],[-0.10939,0.986257,0.123822],[-0.237741,-0.146914,0.960154]],"s":0.450064,"sphereCenter":[27.388,121.698,19.3613],"sphereRadius":62.5085,"t":[-28.6093,-3.28728,-43.7605]}],"id":99160,"pointables":[{"direction":[-0.213396,-0.559861,-0.800636],"handId":5,"id":7,"length":27.3102,"tipPosition":[11.8312,153.148,-36.8953],"tipVelocity":[91.2596,348.428,-155.806],"tool":false},{"direction":[-0.187404,-0.050318,-0.980993],"handId":5,"id":8,"length":35.4612,"tipPosition":[59.569,137.721,-32.5446],"tipVelocity":[-42.5153,-245.652,49.9072],"tool":false},{"direction":[-0.235891,-0.646481,-0.725546],"handId":5,"id":3,"length":49.1304,"tipPosition":[-13.9457,139.142,-20.7574],"tipVelocity":[30.672,66.8363,100.577],"tool":false},{"direction":[-0.420201,-0.0294282,-0.906954],"handId":5,"id":6,"length":39.5464,"tipPosition":[-27.4037,126.579,8.48148],"tipVelocity":[-5.47254,-40.9664,-197.947],"tool":false}],"r":[[-0.601619,-0.685337,0.410325],[-0.161942,-0.398373,-0.902814],[0.782195,-0.6096,0.128684]],"s":348.038,"t":[-1630.84,-7244.34,-1253.38],"timestamp":1199906787},
{"hands":[{"direction":[-0.316497,0.382315,-0.854631],"id":5,"palmNormal":[-0.0762322,-0.909707,-0.357971],"palmPosition":[34.7249,129.557,54.6593],"palmVelocity":[7.35057,-32.5671,-42.3472],"r":[[0.966874,0.0778499,0.243091],[-0.108177,0.987574,0.113994],[-0.231196,-0.136515,0.963282]],"s":0.452613,"sphereCenter":[27.3514,122.638,20.1108],"sphereRadius":62.285,"t":[-28.799,-4.20324,-44.0784]}],"id":99162,"pointables":[{"direction":[-0.212407,-0.496169,-0.841843],"handId":5,"id":7,"length":25.2772,"tipPosition":[12.597,155.9,-38.4513],"tipVelocity":[80.6517,289.828,-163.873],"tool":false},{"direction":[-0.199604,-0.0642752,-0.977766],"handId":5,"id":8,"length":37.3511,"tipPosition":[58.0045,134.889,-31.7236],"tipVelocity":[-164.778,-298.274,86.4702],"tool":false},{"direction":[-0.240377,-0.665303,-0.706817],"handId":5,"id":3,"length":49.1035,"tipPosition":[-13.5498,140.022,-20.1962],"tipVelocity":[41.6917,92.6783,59.1122],"tool":false},{"direction":[-0.411283,-0.0519544,-0.910026],"handId":5,"id":6,"length":38.0182,"tipPosition":[-27.2019,126.2,7.10516],"tipVelocity":[21.2624,-39.9386,-144.953],"tool":false}],"r":[[-0.608384,-0.680449,0.408482],[-0.168883,-0.391908,-0.904371],[0.775466,-0.61919,0.123514]],"s":348.04,"t":[-1631.03,-7245.25,-1253.7],"timestamp":1199916282},
{"hands":[{"direction":[-0.318993,0.372922,-0.859057],"id":5,"palmNormal":[-0.0650226,-0.914517,-0.353791],"palmPosition":[35.2018,128.557,55.493],"palmVelocity":[50.2498,-105.307,87.8534],"r":[[0.967305,0.0871379,0.238177],[-0.114668,0.987917,0.104269],[-0.226213,-0.128171,0.965608]],"s":0.450743,"sphereCenter":[27.3867,124.003,21.1879],"sphereRadius":62.2886,"t":[-29.5982,-5.3258,-44.6702]}],"id":99164,"pointables":[{"direction":[-0.209726,-0.4548,-0.865547],"handId":5,"id":7,"length":23.1208,"tipPosition":[13.2471,158.01,-39.904],"tipVelocity":[68.5116,222.45,-153.094],"tool":false},{"direction":[-0.191747,-0.0665449,-0.979186],"handId":5,"id":8,"length":37.2481,"tipPosition":[54.7057,131.126,-32.0022],"tipVelocity":[-347.636,-396.5,-29.3598],"tool":false},{"direction":[-0.244312,-0.679103,-0.692193],"handId":5,"id":3,"length":48.9439,"tipPosition":[-13.0684,141.126,-19.8963],"tipVelocity":[50.7365,116.356,31.6022],"tool":false},{"direction":[-0.403593,-0.0922771,-0.910273],"handId":5,"id":6,"length":36.5027,"tipPosition":[-27.0258,125.939,5.64188],"tipVelocity":[18.5569,-27.5011,-154.208],"tool":false}],"r":[[-0.61491,-0.679548,0.400124],[-0.169662,-0.381505,-0.908663],[0.77013,-0.626632,0.119298]],"s":348.039,"t":[-1631.83,-7246.38,-1254.29],"timestamp":1199925771},
{"hands":[{"direction":[-0.320101,0.363011,-0.863897],"id":5,"palmNormal":[-0.0553642,-0.919374,-0.348072],"palmPosition":[35.4565,127.571,56.3168],"palmVelocity":[18.1869,-70.4076,58.8276],"r":[[0.966387,0.102903,0.235601],[-0.128267,0.987183,0.0949577],[-0.22281,-0.121986,0.9672]],"s":0.444719,"sphereCenter":[27.3968,125.693,22.3569],"sphereRadius":62.3282,"t":[-30.935,-6.71031,-45.2588]}],"id":99166,"pointables":[{"direction":[-0.204696,-0.506129,-0.837814],"handId":5,"id":7,"length":21.0935,"tipPosition":[13.9107,159.949,-41.1343],"tipVelocity":[47.3861,138.444,-87.8447],"tool":false},{"direction":[-0.17828,-0.05412,-0.98249],"handId":5,"id":8,"length":36.734,"tipPosition":[50.5519,127.142,-32.1134],"tipVelocity":[-296.597,-284.455,-7.9446],"tool":false},{"direction":[-0.24774,-0.689006,-0.681099],"handId":5,"id":3,"length":48.6975,"tipPosition":[-12.6636,141.817,-20.057],"tipVelocity":[28.8982,49.3279,-11.4721],"tool":false},{"direction":[-0.397037,-0.111419,-0.911015],"handId":5,"id":6,"length":34.9424,"tipPosition":[-26.7121,125.847,4.63171],"tipVelocity":[22.3997,-6.58853,-72.1288],"tool":false}],"r":[[-0.621104,-0.682252,0.385698],[-0.164514,-0.367671,-0.915288],[0.766267,-0.631942,0.116122]],"s":348.033,"t":[-1633.17,-7247.76,-1254.88],"timestamp":1199939776},
{"hands":[{"direction":[-0.327176,0.36102,-0.863248],"id":5,"palmNormal":[-0.0480969,-0.920476,-0.351581],"palmPosition":[34.88,127.817,53.5476],"palmVelocity":[-63.7809,27.1515,-306.399],"r":[[0.965707,0.112946,0.23378],[-0.136095,0.987014,0.0853327],[-0.221106,-0.114223,0.968538]],"s":0.444671,"sphereCenter":[27.3438,128.316,22.4675],"sphereRadius":61.9912,"t":[-31.2875,-6.55285,-46.0443]}],"id":99168,"pointables":[{"direction":[-0.205847,-0.503693,-0.839],"handId":5,"id":7,"length":18.9141,"tipPosition":[14.569,161.918,-42.5286],"tipVelocity":[72.8342,217.799,-154.277],"tool":false},{"direction":[-0.250526,-0.69194,-0.677094],"handId":5,"id":3,"length":48.4039,"tipPosition":[-12.0317,143.517,-19.9643],"tipVelocity":[69.9178,188.032,10.2536],"tool":false},{"direction":[-0.390194,-0.121921,-0.912625],"handId":5,"id":6,"length":33.3095,"tipPosition":[-26.3099,125.877,3.64924],"tipVelocity":[44.4939,3.38978,-108.705],"tool":false}],"r":[[-0.625159,-0.683704,0.376463],[-0.164097,-0.35642,-0.919803],[0.763052,-0.6368,0.110626]],"s":348.033,"t":[-1633.52,-7247.6,-1255.67],"timestamp":1199948814},
{"hands":[{"direction":[-0.334554,0.357205,-0.862971],"id":5,"palmNormal":[-0.0430094,-0.922481,-0.351887],"palmPosition":[34.595,127.928,52.487],"palmVelocity":[-30.3609,11.8962,-113.001],"r":[[0.96559,0.11767,0.231927],[-0.1379,0.987754,0.0729757],[-0.2205,-0.102447,0.969992]],"s":0.45051,"sphereCenter":[27.225,129.925,23.2641],"sphereRadius":61.7304,"t":[-31.22,-6.16097,-46.6143]}],"id":99170,"pointables":[{"direction":[-0.253183,-0.698104,-0.669738],"handId":5,"id":3,"length":48.0562,"tipPosition":[-11.5441,144.797,-20.3037],"tipVelocity":[51.9556,136.429,-36.1632],"tool":false},{"direction":[-0.384543,-0.132313,-0.913575],"handId":5,"id":6,"length":31.6647,"tipPosition":[-25.8225,125.849,3.2797],"tipVelocity":[51.9286,-2.9754,-39.3715],"tool":false}],"r":[[-0.62793,-0.683529,0.372145],[-0.170088,-0.346084,-0.922657],[0.759456,-0.642662,0.101056]],"s":348.038,"t":[-1633.45,-7247.21,-1256.24],"timestamp":1199958200},
{"hands":[{"direction":[-0.338392,0.352118,-0.864515],"id":5,"palmNormal":[-0.0374059,-0.924967,-0.350128],"palmPosition":[34.2479,128.04,51.2164],"palmVelocity":[-36.2325,11.6262,-132.619],"r":[[0.965727,0.117226,0.231579],[-0.134311,0.989158,0.0593887],[-0.222107,-0.088457,0.971002]],"s":0.465267,"sphereCenter":[26.9535,131.175,24.024],"sphereRadius":61.4351,"t":[-30.9644,-5.58845,-47.1149]}],"id":99172,"pointables":[{"direction":[-0.256112,-0.700063,-0.666573],"handId":5,"id":3,"length":47.8104,"tipPosition":[-11.13,146.38,-21.0004],"tipVelocity":[43.2205,165.175,-72.7115],"tool":false},{"direction":[-0.379018,-0.140432,-0.914672],"handId":5,"id":6,"length":30.0662,"tipPosition":[-25.3493,125.773,3.114],"tipVelocity":[49.3907,-7.95197,-17.2946],"tool":false}],"r":[[-0.628336,-0.682889,0.372635],[-0.181083,-0.337455,-0.92376],[0.756573,-0.64791,0.0883758]],"s":348.053,"t":[-1633.2,-7246.64,-1256.74],"timestamp":1199967781},
{"hands":[{"direction":[-0.340751,0.350345,-0.865279],"id":5,"palmNormal":[-0.035323,-0.92634,-0.350612],"palmPosition":[33.9364,128.175,50.3317],"palmVelocity":[-33.7439,14.6841,-95.837],"r":[[0.966498,0.11239,0.230761],[-0.125189,0.991263,0.0415409],[-0.224076,-0.0690377,0.972123]],"s":0.488119,"sphereCenter":[26.711,132.213,24.6911],"sphereRadius":61.2078,"t":[-30.6144,-4.74177,-47.5695]}],"id":99174,"pointables":[{"direction":[-0.258059,-0.699754,-0.666145],"handId":5,"id":3,"length":47.6471,"tipPosition":[-10.5989,148.682,-21.469],"tipVelocity":[57.5321,249.457,-50.7643],"tool":false},{"direction":[-0.37714,-0.135747,-0.916154],"handId":5,"id":6,"length":28.3983,"tipPosition":[-24.9915,125.712,2.7653],"tipVelocity":[38.7666,-6.61779,-37.7743],"tool":false}],"r":[[-0.62807,-0.68061,0.377224],[-0.19892,-0.328233,-0.923414],[0.752302,-0.655007,0.0707662]],"s":348.076,"t":[-1632.85,-7245.79,-1257.19],"timestamp":1199977012},
{"hands":[{"direction":[-0.342379,0.345307,-0.867412],"id":5,"palmNormal":[-0.0314269,-0.928788,-0.347637],"palmPosition":[33.6624,128.085,49.8669],"palmVelocity":[-28.7788,-9.4449,-48.8186],"r":[[0.967371,0.105116,0.230532],[-0.113466,0.99327,0.0232321],[-0.226538,-0.0486316,0.972787]],"s":0.51577,"sphereCenter":[26.47,133.226,25.1271],"sphereRadius":61.0309,"t":[-30.3002,-3.83168,-48.2799]}],"id":99176,"pointables":[{"direction":[-0.257892,-0.694523,-0.671662],"handId":5,"id":3,"length":47.5973,"tipPosition":[-10.259,150.599,-22.6574],"tipVelocity":[35.6945,201.326,-124.824],"tool":false},{"direction":[-0.376503,-0.10659,-0.920263],"handId":5,"id":6,"length":26.6955,"tipPosition":[-24.7749,125.742,2.02153],"tipVelocity":[22.7483,3.17276,-78.1192],"tool":false}],"r":[[-0.626719,-0.678031,0.384053],[-0.21895,-0.319776,-0.921848],[0.747853,-0.661828,0.0519547]],"s":348.104,"t":[-1632.53,-7244.88,-1257.9],"timestamp":1199986533},
{"hands":[{"direction":[-0.343494,0.342787,-0.868724],"id":5,"palmNormal":[-0.0294765,-0.930292,-0.346737],"palmPosition":[33.4398,128.043,49.5588],"palmVelocity":[-24.1559,-4.58919,-33.4384],"r":[[0.968237,0.0955689,0.23105],[-0.0992674,0.995051,0.0044074],[-0.229486,-0.0272031,0.972932]],"s":0.547214,"sphereCenter":[26.28,134.149,25.5841],"sphereRadius":60.9234,"t":[-29.978,-2.8165,-49.1173]}],"id":99178,"pointables":[{"direction":[-0.257611,-0.690552,-0.675852],"handId":5,"id":3,"length":46.9634,"tipPosition":[-9.90713,152.758,-23.8367],"tipVelocity":[38.1895,234.268,-127.979],"tool":false},{"direction":[-0.385226,-0.0147442,-0.922705],"handId":5,"id":6,"length":24.9723,"tipPosition":[-24.4662,125.824,1.27185],"tipVelocity":[33.4992,8.86922,-81.3543],"tool":false}],"r":[[-0.62417,-0.675281,0.392947],[-0.24107,-0.311947,-0.919007],[0.743167,-0.668345,0.0319179]],"s":348.135,"t":[-1632.21,-7243.87,-1258.74],"timestamp":1199995748},
{"hands":[{"direction":[-0.343885,0.336092,-0.871659],"id":5,"palmNormal":[-0.0267004,-0.933295,-0.341015],"palmPosition":[33.855,127.376,51.702],"palmVelocity":[44.3732,-71.3514,229.08],"r":[[0.968922,0.0846335,0.232438],[-0.0837013,0.996394,-0.013889],[-0.232775,-0.00599799,0.972512]],"s":0.580555,"sphereCenter":[26.3627,135.111,26.4691],"sphereRadius":61.1536,"t":[-29.6653,-1.71077,-50.068]}],"id":99180,"pointables":[{"direction":[-0.256609,-0.682154,-0.684703],"handId":5,"id":3,"length":49.2992,"tipPosition":[-9.60323,154.917,-25.1469],"tipVelocity":[32.4825,230.793,-140.033],"tool":false},{"direction":[-0.390698,0.0630521,-0.918357],"handId":5,"id":6,"length":23.1096,"tipPosition":[-24.1636,126.057,0.45401],"tipVelocity":[32.3421,24.9315,-87.4132],"tool":false}],"r":[[-0.620508,-0.672687,0.403065],[-0.263773,-0.305,-0.915095],[0.738507,-0.674142,0.011818]],"s":348.168,"t":[-1631.9,-7242.76,-1259.69],"timestamp":1200005104},
{"hands":[{"direction":[-0.343358,0.332425,-0.873832],"id":5,"palmNormal":[-0.0252653,-0.935177,-0.338201],"palmPosition":[33.7219,127.323,51.4119],"palmVelocity":[-14.3558,-5.67825,-31.3101],"r":[[0.968994,0.072651,0.236164],[-0.0678248,0.99729,-0.0285068],[-0.237595,0.0116052,0.971295]],"s":0.6148,"sphereCenter":[26.1859,135.789,26.8208],"sphereRadius":61.1124,"t":[-29.4081,-0.691763,-51.1658]}],"id":99182,"pointables":[{"direction":[-0.254493,-0.670266,-0.69712],"handId":5,"id":3,"length":51.6539,"tipPosition":[-9.53858,156.603,-26.9315],"tipVelocity":[6.97585,181.864,-192.58],"tool":false},{"direction":[-0.391743,0.0733173,-0.917149],"handId":5,"id":6,"length":21.2318,"tipPosition":[-23.8249,126.237,-0.250991],"tipVelocity":[36.5523,19.3432,-76.0765],"tool":false}],"r":[[-0.614669,-0.671353,0.414086],[-0.284442,-0.300991,-0.910218],[0.735714,-0.677266,-0.0059515]],"s":348.203,"t":[-1631.64,-7241.74,-1260.79],"timestamp":1200014371},
{"hands":[{"direction":[-0.343721,0.328346,-0.875713],"id":5,"palmNormal":[-0.0248237,-0.937188,-0.334567],"palmPosition":[33.7702,127.126,51.8824],"palmVelocity":[5.06908,-20.7046,49.4431],"r":[[0.968557,0.0604042,0.241348],[-0.052206,0.997826,-0.0402258],[-0.243253,0.0263611,0.969605]],"s":0.64866,"sphereCenter":[26.0923,136.38,27.1899],"sphereRadius":61.1534,"t":[-29.2163,0.270991,-52.332]}],"id":99184,"pointables":[{"direction":[-0.253738,-0.657586,-0.709365],"handId":5,"id":3,"length":53.7774,"tipPosition":[-9.52681,158.211,-28.6581],"tipVelocity":[1.23662,168.966,-181.422],"tool":false},{"direction":[-0.394688,0.0604108,-0.916827],"handId":5,"id":6,"length":19.3467,"tipPosition":[-23.5841,126.442,-0.993557],"tipVelocity":[25.3011,21.5345,-78.0252],"tool":false}],"r":[[-0.6075,-0.670886,0.425271],[-0.303125,-0.299066,-0.904806],[0.734206,-0.67858,-0.0216797]],"s":348.237,"t":[-1631.45,-7240.78,-1261.95],"timestamp":1200023888},
{"hands":[{"direction":[-0.344134,0.322567,-0.878043],"id":5,"palmNormal":[-0.0235971,-0.939667,-0.329154],"palmPosition":[34.2334,126.713,53.2551],"palmVelocity":[50.0196,-44.6047,148.233],"r":[[0.968045,0.0506586,0.245607],[-0.0396599,0.997985,-0.0495265],[-0.247621,0.0382031,0.968104]],"s":0.672482,"sphereCenter":[26.0396,137.098,27.8565],"sphereRadius":61.3719,"t":[-29.1106,1.46607,-53.8038]}],"id":99186,"pointables":[{"direction":[-0.251829,-0.642931,-0.723341],"handId":5,"id":3,"length":55.7238,"tipPosition":[-9.50708,159.638,-30.4355],"tipVelocity":[2.13122,154.147,-191.943],"tool":false}],"r":[[-0.601604,-0.670534,0.434116],[-0.317988,-0.29751,-0.900206],[0.732773,-0.679612,-0.0342384]],"s":348.26,"t":[-1631.34,-7239.58,-1263.43],"timestamp":1200033148},
{"hands":[{"direction":[-0.343674,0.32093,-0.879266],"id":5,"palmNormal":[-0.022809,-0.940563,-0.328296],"palmPosition":[33.9256,126.86,51.8141],"palmVelocity":[-33.3053,15.8696,-155.951],"r":[[0.967531,0.0428971,0.249084],[-0.0295924,0.99794,-0.0569173],[-0.251012,0.0476983,0.966808]],"s":0.689216,"sphereCenter":[25.7724,137.071,27.5181],"sphereRadius":61.2783,"t":[-29.0177,2.49979,-55.5276]}],"id":99188,"pointables":[{"direction":[-0.24925,-0.627832,-0.737361],"handId":5,"id":3,"length":56.4715,"tipPosition":[-9.42701,160.51,-32.4114],"tipVelocity":[8.66488,94.4112,-213.84],"tool":false}],"r":[[-0.596785,-0.670266,0.441124],[-0.329822,-0.296256,-0.896354],[0.731481,-0.680423,-0.0442676]],"s":348.277,"t":[-1631.25,-7238.55,-1265.15],"timestamp":1200042388},
{"hands":[{"direction":[-0.343385,0.318576,-0.880609],"id":5,"palmNormal":[-0.0208851,-0.941565,-0.326931],"palmPosition":[33.5761,127.015,50.3227],"palmVelocity":[-36.6829,16.3035,-156.54],"r":[[0.966734,0.0364045,0.25318],[-0.0217369,0.997932,-0.0604922],[-0.254858,0.0529765,0.965526]],"s":0.707217,"sphereCenter":[25.5857,137.186,27.0742],"sphereRadius":61.126,"t":[-28.8618,3.38009,-56.9756]}],"id":99190,"pointables":[{"direction":[-0.246035,-0.616305,-0.748088],"handId":5,"id":3,"length":55.9671,"tipPosition":[-9.18802,161.444,-34.1869],"tipVelocity":[25.0855,97.9913,-186.363],"tool":false},{"direction":[-0.398548,0.032594,-0.916568],"handId":5,"id":6,"length":17.4782,"tipPosition":[-23.3854,126.962,-1.56234],"tipVelocity":[7.08922,18.5611,-20.2943],"tool":false}],"r":[[-0.591795,-0.67082,0.446967],[-0.337798,-0.297073,-0.893107],[0.731896,-0.679521,-0.0507948]],"s":348.295,"t":[-1631.09,-7237.67,-1266.6],"timestamp":1200051915},
{"hands":[{"direction":[-0.339919,0.317965,-0.882467],"id":5,"palmNormal":[-0.0241319,-0.942392,-0.325457],"palmPosition":[33.5073,127.006,50.0545],"palmVelocity":[-7.44726,-0.90891,-29.0121],"r":[[0.964859,0.0324269,0.260759],[-0.0197822,0.998504,-0.0509716],[-0.262022,0.044022,0.964057]],"s":0.725792,"sphereCenter":[25.5168,136.93,26.7681],"sphereRadius":61.1127,"t":[-28.7918,3.62613,-58.5877]}],"id":99192,"pointables":[{"direction":[-0.232482,-0.569106,-0.788715],"handId":5,"id":3,"length":53.3185,"tipPosition":[-9.34631,160.222,-37.612],"tipVelocity":[-17.121,-132.147,-370.485],"tool":false},{"direction":[-0.398365,0.0457414,-0.916086],"handId":5,"id":6,"length":15.6674,"tipPosition":[-23.2589,127.407,-1.68985],"tipVelocity":[13.6812,48.1611,-13.7922],"tool":false}],"r":[[-0.584802,-0.674486,0.450639],[-0.333932,-0.306106,-0.891509],[0.739254,-0.671839,-0.0462211]],"s":348.314,"t":[-1631.02,-7237.42,-1268.21],"timestamp":1200061160},
{"hands":[{"direction":[-0.339667,0.319182,-0.88244],"id":5,"palmNormal":[-0.0261611,-0.942267,-0.326718],"palmPosition":[32.9344,127.441,46.8254],"palmVelocity":[-61.9961,47.0194,-349.431],"r":[[0.962523,0.0306484,0.269464],[-0.0223259,0.999176,-0.0338965],[-0.270281,0.0266101,0.962414]],"s":0.743006,"sphereCenter":[25.2984,136.863,25.9429],"sphereRadius":60.7338,"t":[-28.7314,3.49357,-59.9643]}],"id":99194,"pointables":[{"direction":[-0.217112,-0.538986,-0.813853],"handId":5,"id":3,"length":50.5768,"tipPosition":[-9.34177,158.939,-39.957],"tipVelocity":[0.491188,-138.884,-253.757],"tool":false},{"direction":[-0.396133,-0.000522412,-0.918193],"handId":5,"id":6,"length":13.8939,"tipPosition":[-23.1618,127.668,-1.62699],"tipVelocity":[10.5024,28.2568,6.80235],"tool":false}],"r":[[-0.577524,-0.679612,0.452321],[-0.322354,-0.319199,-0.891179],[0.750036,-0.660484,-0.0347305]],"s":348.331,"t":[-1630.96,-7237.56,-1269.59],"timestamp":1200070401},
{"hands":[{"direction":[-0.33414,0.32118,-0.883958],"id":5,"palmNormal":[-0.0296508,-0.942046,-0.327886],"palmPosition":[32.4565,127.646,44.324],"palmVelocity":[-51.0048,21.9326,-266.956],"r":[[0.960098,0.0307705,0.277966],[-0.0283646,0.999517,-0.0126739],[-0.278221,0.00428385,0.960507]],"s":0.755477,"sphereCenter":[25.2111,138.325,25.4586],"sphereRadius":60.8042,"t":[-28.6764,3.05188,-61.0027]}],"id":99196,"pointables":[{"direction":[-0.201453,-0.474572,-0.856854],"handId":5,"id":3,"length":47.9113,"tipPosition":[-9.3182,157.335,-41.3776],"tipVelocity":[2.51525,-171.125,-151.615],"tool":false},{"direction":[-0.396744,-0.0151435,-0.917805],"handId":5,"id":6,"length":12.1773,"tipPosition":[-23.0861,127.77,-1.60671],"tipVelocity":[8.08525,10.863,2.16434],"tool":false}],"r":[[-0.570904,-0.685225,0.452256],[-0.305657,-0.333863,-0.891689],[0.761999,-0.647304,-0.0188403]],"s":348.343,"t":[-1630.91,-7238,-1270.62],"timestamp":1200079771},
{"hands":[{"direction":[-0.33159,0.32151,-0.885032],"id":5,"palmNormal":[-0.0236757,-0.941537,-0.330264],"palmPosition":[32.1163,127.776,42.7937],"palmVelocity":[-36.7067,13.9847,-165.155],"r":[[0.961082,0.0416941,0.273099],[-0.046426,0.998862,0.0108844],[-0.272334,-0.0231397,0.961924]],"s":0.782531,"sphereCenter":[24.9505,138.381,25.0155],"sphereRadius":60.512,"t":[-28.6897,1.9965,-61.7818]}],"id":99198,"pointables":[{"direction":[-0.187021,-0.389877,-0.901676],"handId":5,"id":3,"length":45.2457,"tipPosition":[-9.39988,155.666,-41.9962],"tipVelocity":[-8.81501,-180.129,-66.7586],"tool":false},{"direction":[-0.180272,-0.340762,-0.922704],"handId":5,"id":4,"length":28.9112,"tipPosition":[18.0018,134.758,-35.9751],"tipVelocity":[736.666,-755.68,272.988],"tool":false},{"direction":[-0.394278,-0.113153,-0.911998],"handId":5,"id":6,"length":10.3652,"tipPosition":[-23.2177,127.809,-2.12651],"tipVelocity":[-14.2037,4.26451,-56.097],"tool":false}],"r":[[-0.578068,-0.68563,0.442435],[-0.278526,-0.34385,-0.896767],[0.766981,-0.641622,0.00780248]],"s":348.37,"t":[-1630.92,-7239.05,-1271.4],"timestamp":1200089037},
{"hands":[{"direction":[-0.32701,0.324894,-0.885604],"id":5,"palmNormal":[-0.0178507,-0.939791,-0.335693],"palmPosition":[31.8679,128.019,41.8509],"palmVelocity":[-26.4118,25.7976,-100.241],"r":[[0.963137,0.0542584,0.263484],[-0.0656218,0.997248,0.0345135],[-0.260886,-0.0505315,0.964046]],"s":0.810257,"sphereCenter":[24.82,137.506,24.4656],"sphereRadius":60.2367,"t":[-28.7063,0.211724,-62.1876]}],"id":99200,"pointables":[{"direction":[-0.166145,-0.31189,-0.935479],"handId":5,"id":3,"length":42.5372,"tipPosition":[-9.5816,153.152,-42.0287],"tipVelocity":[-19.3192,-267.294,-3.45827],"tool":false},{"direction":[-0.177786,-0.346497,-0.921049],"handId":5,"id":4,"length":28.647,"tipPosition":[22.1791,131.357,-34.6624],"tipVelocity":[444.112,-361.575,139.564],"tool":false},{"direction":[-0.39096,-0.183752,-0.901879],"handId":5,"id":6,"length":8.61534,"tipPosition":[-23.2374,127.642,-2.48331],"tipVelocity":[-2.09419,-17.7744,-37.9337],"tool":false}],"r":[[-0.58928,-0.683295,0.43111],[-0.250162,-0.353062,-0.901535],[0.768224,-0.639104,0.0371185]],"s":348.398,"t":[-1630.94,-7240.84,-1271.81],"timestamp":1200098443},
{"hands":[{"direction":[-0.327133,0.326661,-0.885118],"id":5,"palmNormal":[-0.00645612,-0.937481,-0.341628],"palmPosition":[31.7079,128.259,41.2965],"palmVelocity":[-16.761,25.1776,-58.0715],"r":[[0.964625,0.0532754,0.258188],[-0.0693694,0.996149,0.0536246],[-0.254337,-0.069638,0.964605]],"s":0.760256,"sphereCenter":[24.6453,136.058,23.8662],"sphereRadius":60.0819,"t":[-27.4016,-1.31623,-62.2175]}],"id":99202,"pointables":[{"direction":[-0.149024,-0.23476,-0.960562],"handId":5,"id":3,"length":39.9333,"tipPosition":[-9.82483,150.545,-41.6145],"tipVelocity":[-25.4806,-273.144,43.3935],"tool":false},{"direction":[-0.190476,-0.437677,-0.878725],"handId":5,"id":4,"length":28.4114,"tipPosition":[24.805,130.086,-34.3163],"tipVelocity":[275.08,-133.158,36.2549],"tool":false},{"direction":[-0.350653,-0.194259,-0.916136],"handId":5,"id":6,"length":6.87597,"tipPosition":[-9.14747,130.92,-17.4449],"tipVelocity":[1476,343.372,-1567.32],"tool":false}],"r":[[-0.593418,-0.679168,0.431955],[-0.236307,-0.366005,-0.900111],[0.769425,-0.636216,0.0567017]],"s":348.348,"t":[-1629.63,-7242.37,-1271.84],"timestamp":1200107989},
{"hands":[{"direction":[-0.325667,0.327056,-0.8857],"id":5,"palmNormal":[0.00514004,-0.935816,-0.345603],"palmPosition":[31.6656,128.405,41.1337],"palmVelocity":[-4.56074,15.757,-17.5285],"r":[[0.965817,0.0350993,0.256838],[-0.0554017,0.995847,0.0722413],[-0.253236,-0.0840012,0.963751]],"s":0.672683,"sphereCenter":[24.7405,133.971,23.1204],"sphereRadius":60.1024,"t":[-25.8074,-1.99684,-62.2648]}],"id":99204,"pointables":[{"direction":[-0.133272,-0.189705,-0.972754],"handId":5,"id":3,"length":37.3941,"tipPosition":[-10.043,147.451,-40.8943],"tipVelocity":[-23.4868,-333.048,77.5437],"tool":false},{"direction":[-0.201444,-0.4961,-0.844574],"handId":5,"id":4,"length":28.2791,"tipPosition":[26.6886,130.253,-34.3811],"tipVelocity":[202.801,17.949,-6.97325],"tool":false},{"direction":[-0.315187,-0.26948,-0.909966],"handId":5,"id":6,"length":6.55041,"tipPosition":[-0.654897,133.061,-26.626],"tipVelocity":[914.36,230.447,-988.488],"tool":false}],"r":[[-0.589693,-0.671851,0.448194],[-0.236474,-0.386995,-0.891243],[0.772232,-0.631546,0.0693327]],"s":348.261,"t":[-1628.04,-7243.05,-1271.89],"timestamp":1200117277},
