[
{"hands":[{"direction":[-0.304817,0.431961,-0.846922],"id":5,"palmNormal":[-0.0309063,-0.889446,-0.448814],"palmPosition":[28.8598,143.33,30.2285],"palmVelocity":[-17.583,11.2724,-28.793],"r":[[0.443122,-0.320657,-0.837151],[-0.0106435,0.931892,-0.362579],[0.896398,0.169577,0.409529]],"s":0.843491,"sphereCenter":[24.9714,129.059,2.13122],"sphereRadius":61.2529,"t":[31.1849,55.8019,-90.6785]}],"id":104319,"pointables":[{"direction":[-0.171273,-0.295017,-0.940016],"handId":5,"id":11,"length":47.5094,"tipPosition":[13.6673,170.983,-59.6255],"tipVelocity":[-2.13533,2.9234,-32.881],"tool":false},{"direction":[-0.158596,-0.184561,-0.96994],"handId":5,"id":1,"length":34.4909,"tipPosition":[37.6684,161.162,-51.3705],"tipVelocity":[-11.1228,-15.1427,-39.6588],"tool":false},{"direction":[-0.223701,-0.51769,-0.825805],"handId":5,"id":3,"length":62.1875,"tipPosition":[-15.9798,150.388,-37.3087],"tipVelocity":[-12.9909,168.941,-81.0668],"tool":false},{"direction":[-0.0405436,0.15219,-0.987519],"handId":5,"id":10,"length":19.5625,"tipPosition":[59.5066,152.847,-37.1063],"tipVelocity":[28.8835,37.5134,-10.8968],"tool":false},{"direction":[-0.444854,-0.0931756,-0.890743],"handId":5,"id":9,"length":37.5058,"tipPosition":[-30.5022,130.371,9.81007],"tipVelocity":[6.00347,41.0595,-9.6999],"tool":false}],"r":[[0.415928,-0.829966,-0.371698],[-0.76079,-0.0936521,-0.642205],[0.498198,0.549895,-0.670383]],"s":405.994,"t":[-2041.43,-7729.98,-888.718],"timestamp":1224608689},
{"hands":[{"direction":[-0.303745,0.433206,-0.846897],"id":5,"palmNormal":[-0.0292335,-0.889391,-0.450015],"palmPosition":[28.7781,143.183,30.4994],"palmVelocity":[-8.56727,-15.3728,28.4162],"r":[[0.442779,-0.319573,-0.837747],[-0.0120736,0.932118,-0.361954],[0.896549,0.17038,0.408864]],"s":0.84456,"sphereCenter":[24.5809,128.791,1.39899],"sphereRadius":61.205,"t":[31.1624,56.0293,-90.9934]}],"id":104321,"pointables":[{"direction":[-0.169808,-0.288146,-0.94241],"handId":5,"id":11,"length":47.9926,"tipPosition":[13.6033,171.036,-60.0078],"tipVelocity":[-6.71067,5.58282,-40.1128],"tool":false},{"direction":[-0.159734,-0.186102,-0.969459],"handId":5,"id":1,"length":35.4186,"tipPosition":[37.454,160.859,-51.7191],"tipVelocity":[-22.4946,-31.8094,-36.5832],"tool":false},{"direction":[-0.223227,-0.509814,-0.830818],"handId":5,"id":3,"length":62.3441,"tipPosition":[-16.0852,152.66,-38.3678],"tipVelocity":[-11.0554,238.405,-111.116],"tool":false},{"direction":[-0.0499543,0.139561,-0.988953],"handId":5,"id":10,"length":21.2695,"tipPosition":[59.8076,153.023,-37.448],"tipVelocity":[31.5881,18.4203,-35.8543],"tool":false},{"direction":[-0.44423,-0.0949613,-0.890866],"handId":5,"id":9,"length":37.0691,"tipPosition":[-30.3156,130.751,9.84082],"tipVelocity":[19.584,39.9126,3.22703],"tool":false}],"r":[[0.414807,-0.830281,-0.372247],[-0.7618,-0.0931737,-0.641077],[0.497591,0.549501,-0.671157]],"s":405.995,"t":[-2041.46,-7729.75,-889.033],"timestamp":1224618220},
{"hands":[{"direction":[-0.300432,0.436011,-0.84677],"id":5,"palmNormal":[-0.0291799,-0.888628,-0.452349],"palmPosition":[28.6593,143.239,30.3733],"palmVelocity":[-12.818,6.06288,-13.5985],"r":[[0.441192,-0.316199,-0.839862],[-0.0143643,0.933262,-0.358909],[0.897298,0.170412,0.407206]],"s":0.843957,"sphereCenter":[24.1472,128.675,0.802237],"sphereRadius":61.1219,"t":[31.0828,56.0593,-91.3114]}],"id":104323,"pointables":[{"direction":[-0.169784,-0.283297,-0.943884],"handId":5,"id":11,"length":48.4312,"tipPosition":[13.4667,170.869,-60.1849],"tipVelocity":[-14.7389,-18.0647,-19.1032],"tool":false},{"direction":[-0.162523,-0.19087,-0.968068],"handId":5,"id":1,"length":36.2768,"tipPosition":[37.1327,160.394,-52.0401],"tipVelocity":[-34.6532,-50.1089,-34.628],"tool":false},{"direction":[-0.223299,-0.499341,-0.837136],"handId":5,"id":3,"length":62.4635,"tipPosition":[-16.082,155.804,-39.1484],"tipVelocity":[0.345764,339.088,-84.213],"tool":false},{"direction":[-0.0580336,0.125851,-0.99035],"handId":5,"id":10,"length":22.9717,"tipPosition":[60.1452,152.837,-37.4259],"tipVelocity":[36.4165,-20.022,2.38434],"tool":false},{"direction":[-0.444904,-0.0963675,-0.890378],"handId":5,"id":9,"length":36.6048,"tipPosition":[-30.6515,131.265,8.84786],"tipVelocity":[-36.2363,55.4715,-107.116],"tool":false}],"r":[[0.410956,-0.831584,-0.373609],[-0.763732,-0.0902514,-0.639194],[0.497824,0.548018,-0.672196]],"s":405.995,"t":[-2041.54,-7729.72,-889.351],"timestamp":1224627490},
{"hands":[{"direction":[-0.297066,0.437162,-0.847502],"id":5,"palmNormal":[-0.0279844,-0.88867,-0.453079],"palmPosition":[28.5197,143.086,30.5689],"palmVelocity":[-15.1399,-16.6678,21.2109],"r":[[0.439629,-0.309989,-0.842991],[-0.0170322,0.935509,-0.352892],[0.898018,0.1695,0.405997]],"s":0.842503,"sphereCenter":[23.5817,128.765,0.252015],"sphereRadius":61.0001,"t":[31.0508,55.9084,-91.5752]}],"id":104325,"pointables":[{"direction":[-0.167466,-0.276707,-0.94625],"handId":5,"id":11,"length":48.6212,"tipPosition":[13.2487,170.537,-60.2997],"tipVelocity":[-23.6497,-35.9892,-12.4468],"tool":false},{"direction":[-0.160621,-0.185084,-0.969508],"handId":5,"id":1,"length":36.8246,"tipPosition":[36.7019,159.675,-52.1786],"tipVelocity":[-46.7293,-78.0427,-15.0157],"tool":false},{"direction":[-0.223778,-0.485214,-0.845275],"handId":5,"id":3,"length":62.5801,"tipPosition":[-16.0665,159.393,-40.3905],"tipVelocity":[1.67557,389.325,-134.734],"tool":false},{"direction":[-0.0657299,0.112795,-0.991442],"handId":5,"id":10,"length":24.818,"tipPosition":[60.4441,152.207,-37.7141],"tipVelocity":[32.4225,-68.397,-31.2634],"tool":false},{"direction":[-0.442557,-0.104742,-0.890602],"handId":5,"id":9,"length":36.077,"tipPosition":[-30.5514,132.028,8.63832],"tipVelocity":[10.8542,82.714,-22.7288],"tool":false}],"r":[[0.404835,-0.833079,-0.376945],[-0.766355,-0.0842447,-0.63687],[0.498807,0.546701,-0.67254]],"s":405.993,"t":[-2041.57,-7729.87,-889.615],"timestamp":1224636709},
{"hands":[{"direction":[-0.29362,0.440309,-0.847158],"id":5,"palmNormal":[-0.0299609,-0.88774,-0.455349],"palmPosition":[28.3727,143.139,30.4215],"palmVelocity":[-15.3972,5.59325,-15.4342],"r":[[0.438721,-0.300485,-0.846896],[-0.0201088,0.938918,-0.343553],[0.898398,0.167754,0.40588]],"s":0.840882,"sphereCenter":[22.9974,129.117,-0.100708],"sphereRadius":60.8551,"t":[31.0752,55.6276,-91.7991]}],"id":104327,"pointables":[{"direction":[-0.164649,-0.273992,-0.947533],"handId":5,"id":11,"length":48.7476,"tipPosition":[12.9911,170.127,-60.3605],"tipVelocity":[-26.9681,-43.0033,-6.36441],"tool":false},{"direction":[-0.156977,-0.176337,-0.971732],"handId":5,"id":1,"length":37.3998,"tipPosition":[36.068,158.394,-52.3627],"tipVelocity":[-66.3761,-134.07,-19.2767],"tool":false},{"direction":[-0.224331,-0.467012,-0.855322],"handId":5,"id":3,"length":62.6292,"tipPosition":[-15.9856,163.244,-41.756],"tipVelocity":[8.47751,403.229,-142.966],"tool":false},{"direction":[-0.0715241,0.0994728,-0.992466],"handId":5,"id":10,"length":26.7426,"tipPosition":[60.7235,150.96,-38.2385],"tipVelocity":[29.2477,-130.568,-54.9105],"tool":false},{"direction":[-0.442763,-0.10477,-0.890496],"handId":5,"id":9,"length":35.5617,"tipPosition":[-30.2146,132.773,8.687],"tipVelocity":[35.2621,77.9865,5.09709],"tool":false}],"r":[[0.396531,-0.834337,-0.382941],[-0.769691,-0.074808,-0.634018],[0.500338,0.546155,-0.671846]],"s":405.992,"t":[-2041.54,-7730.15,-889.839],"timestamp":1224646260},
{"hands":[{"direction":[-0.288971,0.431255,-0.852989],"id":5,"palmNormal":[-0.0335416,-0.893486,-0.442895],"palmPosition":[29.1513,142.589,32.8111],"palmVelocity":[84.1903,-59.465,258.397],"r":[[0.438382,-0.274265,-0.85592],[-0.0197072,0.949142,-0.31423],[0.898573,0.154621,0.410682]],"s":0.833365,"sphereCenter":[22.7493,129.654,1.07513],"sphereRadius":61.1301,"t":[31.1335,55.183,-92.0992]}],"id":104329,"pointables":[{"direction":[-0.137384,-0.166073,-0.976497],"handId":5,"id":1,"length":35.9537,"tipPosition":[27.0969,133.382,-47.4822],"tipVelocity":[-970.053,-2704.59,527.728],"tool":false},{"direction":[-0.225252,-0.445394,-0.866537],"handId":5,"id":3,"length":62.7228,"tipPosition":[-15.7177,167.285,-42.3634],"tipVelocity":[28.9668,436.94,-65.6819],"tool":false},{"direction":[-0.0767836,0.0834657,-0.993548],"handId":5,"id":10,"length":28.7187,"tipPosition":[60.8974,148.938,-38.3837],"tipVelocity":[18.8079,-218.603,-15.696],"tool":false},{"direction":[-0.44247,-0.1055,-0.890556],"handId":5,"id":9,"length":34.9961,"tipPosition":[-30.2044,133.578,8.14081],"tipVelocity":[1.10048,87.0344,-59.0611],"tool":false}],"r":[[0.37512,-0.835778,-0.400948],[-0.773646,-0.0440014,-0.632089],[0.510644,0.547301,-0.663102]],"s":405.984,"t":[-2041.49,-7730.59,-890.139],"timestamp":1224655508},
{"hands":[{"direction":[-0.284572,0.422986,-0.858327],"id":5,"palmNormal":[-0.0382946,-0.898658,-0.431311],"palmPosition":[29.642,142.244,34.3468],"palmVelocity":[53.4624,-37.6138,167.306],"r":[[0.437591,-0.244398,-0.865323],[-0.0211531,0.959289,-0.281634],[0.898925,0.141545,0.414606]],"s":0.834444,"sphereCenter":[22.4342,130.467,2.11925],"sphereRadius":61.2625,"t":[31.0356,54.3107,-92.6506]}],"id":104331,"pointables":[{"direction":[-0.157575,-0.25987,-0.9527],"handId":5,"id":11,"length":47.6136,"tipPosition":[12.5332,168.827,-60.216],"tipVelocity":[-24.8456,-70.5482,7.84062],"tool":false},{"direction":[-0.180015,-0.292686,-0.939111],"handId":5,"id":1,"length":38.9491,"tipPosition":[24.8634,126.4,-48.285],"tipVelocity":[-243.329,-760.629,-87.4589],"tool":false},{"direction":[-0.22575,-0.421342,-0.878356],"handId":5,"id":3,"length":62.8569,"tipPosition":[-15.4104,170.86,-43.359],"tipVelocity":[33.4749,389.539,-108.464],"tool":false},{"direction":[-0.0838229,0.0620742,-0.994545],"handId":5,"id":10,"length":30.6936,"tipPosition":[60.6435,145.999,-38.4016],"tipVelocity":[-27.6628,-320.223,-1.955],"tool":false},{"direction":[-0.44309,-0.099648,-0.890922],"handId":5,"id":9,"length":34.4845,"tipPosition":[-30.3067,134.359,7.29578],"tipVelocity":[-11.1397,85.1114,-92.0611],"tool":false}],"r":[[0.350616,-0.836668,-0.42078],[-0.778226,-0.0103405,-0.627899],[0.520992,0.547613,-0.654743]],"s":405.985,"t":[-2041.58,-7731.47,-890.69],"timestamp":1224664687},
{"hands":[{"direction":[-0.281847,0.425858,-0.857987],"id":5,"palmNormal":[-0.0480173,-0.898115,-0.431589],"palmPosition":[29.3605,142.488,33.4914],"palmVelocity":[-29.3588,25.4669,-89.2227],"r":[[0.436975,-0.217662,-0.872741],[-0.0247451,0.967003,-0.253561],[0.899133,0.132396,0.41717]],"s":0.829866,"sphereCenter":[21.8937,131.748,2.28421],"sphereRadius":60.7685,"t":[31.1476,54.3196,-93.3651]}],"id":104333,"pointables":[{"direction":[-0.151909,-0.261907,-0.953063],"handId":5,"id":11,"length":45.995,"tipPosition":[12.0719,167.033,-61.1466],"tipVelocity":[-48.1177,-187.071,-97.0711],"tool":false},{"direction":[-0.165715,-0.26038,-0.951179],"handId":5,"id":1,"length":37.9053,"tipPosition":[27.3881,135.121,-51.1325],"tipVelocity":[263.347,909.605,-297.01],"tool":false},{"direction":[-0.225781,-0.395003,-0.890503],"handId":5,"id":3,"length":63.0155,"tipPosition":[-14.9512,174.135,-44.2364],"tipVelocity":[47.9031,341.558,-91.52],"tool":false},{"direction":[-0.0920031,0.0374915,-0.995053],"handId":5,"id":10,"length":32.6308,"tipPosition":[59.7861,142.349,-38.3333],"tipVelocity":[-89.4302,-380.654,7.12642],"tool":false},{"direction":[-0.4445,-0.0919718,-0.891045],"handId":5,"id":9,"length":33.9139,"tipPosition":[-29.985,135.249,7.23443],"tipVelocity":[33.5527,92.8441,-6.39933],"tool":false}],"r":[[0.328864,-0.83649,-0.43833],[-0.782889,0.0180905,-0.621899],[0.528142,0.547684,-0.648929]],"s":405.981,"t":[-2041.47,-7731.46,-891.405],"timestamp":1224674274},
{"hands":[{"direction":[-0.280416,0.417355,-0.862459],"id":5,"palmNormal":[-0.0553479,-0.903105,-0.419255],"palmPosition":[29.9838,141.822,36.0001],"palmVelocity":[67.7294,-72.3932,272.622],"r":[[0.435924,-0.180093,-0.881781],[-0.0252733,0.976938,-0.212022],[0.899629,0.114711,0.421319]],"s":0.836247,"sphereCenter":[21.6626,132.777,3.527],"sphereRadius":60.8711,"t":[30.8441,53.5133,-93.9146]}],"id":104335,"pointables":[{"direction":[-0.167006,-0.444648,-0.879998],"handId":5,"id":1,"length":36.4262,"tipPosition":[21.7601,117.538,-46.9889],"tipVelocity":[-611.611,-1910.81,450.294],"tool":false},{"direction":[-0.225422,-0.36856,-0.901858],"handId":5,"id":3,"length":63.1178,"tipPosition":[-14.3398,176.814,-45.2476],"tipVelocity":[66.4395,291.203,-109.881],"tool":false},{"direction":[-0.103389,0.00698232,-0.994616],"handId":5,"id":10,"length":34.427,"tipPosition":[58.1879,138.183,-38.0914],"tipVelocity":[-173.677,-452.812,26.294],"tool":false},{"direction":[-0.444184,-0.0896403,-0.89144],"handId":5,"id":9,"length":33.3899,"tipPosition":[-29.8244,136.173,6.91729],"tipVelocity":[17.4554,100.387,-34.4645],"tool":false}],"r":[[0.298358,-0.834926,-0.462474],[-0.785568,0.0603898,-0.615822],[0.542094,0.54704,-0.637873]],"s":405.987,"t":[-2041.78,-7732.26,-891.954],"timestamp":1224683476},
{"hands":[{"direction":[-0.280331,0.412293,-0.865029],"id":5,"palmNormal":[-0.0639205,-0.906344,-0.410735],"palmPosition":[29.9562,141.715,36.191],"palmVelocity":[-2.94116,-11.3914,20.3846],"r":[[0.430583,-0.139379,-0.891724],[-0.0260724,0.985671,-0.166653],[0.902174,0.0950072,0.420779]],"s":0.834041,"sphereCenter":[21.439,134.399,4.55694],"sphereRadius":60.5834,"t":[30.3655,52.2687,-94.0811]}],"id":104337,"pointables":[{"direction":[-0.168346,-0.285533,-0.943467],"handId":5,"id":11,"length":47.2385,"tipPosition":[15.6339,159.783,-56.4518],"tipVelocity":[191.825,-390.441,252.828],"tool":false},{"direction":[-0.222701,-0.341501,-0.913116],"handId":5,"id":3,"length":63.073,"tipPosition":[-13.5269,179.16,-45.821],"tipVelocity":[86.7842,250.428,-61.2221],"tool":false},{"direction":[-0.115191,-0.0241308,-0.99305],"handId":5,"id":10,"length":36.0671,"tipPosition":[56.0675,133.909,-37.0848],"tipVelocity":[-226.373,-456.253,107.454],"tool":false},{"direction":[-0.444703,-0.0884676,-0.891298],"handId":5,"id":9,"length":32.9873,"tipPosition":[-29.6329,137.08,6.763],"tipVelocity":[20.4456,96.9064,-16.4715],"tool":false}],"r":[[0.262634,-0.833936,-0.48536],[-0.786911,0.105979,-0.607897],[0.558385,0.54159,-0.6284]],"s":405.985,"t":[-2042.25,-7733.51,-892.121],"timestamp":1224692843},
{"hands":[{"direction":[-0.278538,0.409413,-0.867136],"id":5,"palmNormal":[-0.0751839,-0.908333,-0.404031],"palmPosition":[29.6229,141.596,34.9499],"palmVelocity":[-36.2731,-12.984,-135.064],"r":[[0.425876,-0.097928,-0.899466],[-0.0273445,0.992278,-0.12098],[0.904368,0.0761179,0.419909]],"s":0.835915,"sphereCenter":[21.365,135.94,4.8287],"sphereRadius":60.3594,"t":[29.5288,51.3199,-94.4787]}],"id":104339,"pointables":[{"direction":[-0.154093,-0.284986,-0.946065],"handId":5,"id":11,"length":45.2478,"tipPosition":[13.3663,157.759,-60.4476],"tipVelocity":[-246.782,-220.3,-434.845],"tool":false},{"direction":[-0.219898,-0.314983,-0.923272],"handId":5,"id":3,"length":63.0125,"tipPosition":[-12.6132,180.868,-46.4491],"tipVelocity":[99.4315,185.794,-68.3463],"tool":false},{"direction":[-0.109622,-0.0287222,-0.993558],"handId":5,"id":10,"length":36.1703,"tipPosition":[53.5152,129.634,-36.0388],"tipVelocity":[-277.755,-465.218,113.832],"tool":false},{"direction":[-0.446825,-0.0823939,-0.890819],"handId":5,"id":9,"length":32.6148,"tipPosition":[-29.7549,137.799,6.13344],"tipVelocity":[-13.2817,78.2034,-68.5121],"tool":false}],"r":[[0.227056,-0.830577,-0.508515],[-0.78686,0.151213,-0.59832],[0.573845,0.535982,-0.619214]],"s":405.987,"t":[-2043.09,-7734.46,-892.518],"timestamp":1224702032},
{"hands":[{"direction":[-0.276354,0.404866,-0.870034],"id":5,"palmNormal":[-0.0883794,-0.910749,-0.394827],"palmPosition":[29.2614,141.545,33.4403],"palmVelocity":[-38.4736,-5.45093,-160.647],"r":[[0.422301,-0.0559619,-0.904727],[-0.0297625,0.996698,-0.0755432],[0.905967,0.0588289,0.419241]],"s":0.839267,"sphereCenter":[21.3516,137.265,5.00507],"sphereRadius":60.1569,"t":[28.7652,50.6037,-94.8896]}],"id":104341,"pointables":[{"direction":[-0.143838,-0.310588,-0.939599],"handId":5,"id":11,"length":43.2199,"tipPosition":[12.0546,156.076,-62.7368],"tipVelocity":[-139.589,-179.055,-243.611],"tool":false},{"direction":[-0.216714,-0.286446,-0.933265],"handId":5,"id":3,"length":62.9377,"tipPosition":[-11.6861,182.152,-47.0165],"tipVelocity":[98.6561,136.66,-60.3806],"tool":false},{"direction":[-0.0973211,-0.0272212,-0.994881],"handId":5,"id":10,"length":35.8573,"tipPosition":[50.6507,125.437,-36.0607],"tipVelocity":[-304.837,-446.645,-2.32412],"tool":false},{"direction":[-0.447775,-0.0797089,-0.890586],"handId":5,"id":9,"length":32.2782,"tipPosition":[-29.8243,138.514,5.85242],"tipVelocity":[-7.38668,76.0914,-29.9049],"tool":false}],"r":[[0.192147,-0.824573,-0.532127],[-0.785872,0.195477,-0.58668],[0.58778,0.530913,-0.610448]],"s":405.99,"t":[-2043.85,-7735.17,-892.929],"timestamp":1224711429},
{"hands":[{"direction":[-0.27592,0.400684,-0.872211],"id":5,"palmNormal":[-0.104798,-0.912536,-0.384833],"palmPosition":[28.9669,141.574,31.985],"palmVelocity":[-30.6899,3.08385,-151.646],"r":[[0.420162,-0.0150141,-0.907325],[-0.0335998,0.99892,-0.0320891],[0.906827,0.0439685,0.419204]],"s":0.842349,"sphereCenter":[21.3207,138.317,5.1443],"sphereRadius":59.9674,"t":[28.2061,50.0556,-95.21]}],"id":104343,"pointables":[{"direction":[-0.130565,-0.323049,-0.937333],"handId":5,"id":11,"length":40.9668,"tipPosition":[11.2823,154.848,-64.0405],"tipVelocity":[-80.4696,-127.962,-135.842],"tool":false},{"direction":[-0.212747,-0.263057,-0.941031],"handId":5,"id":3,"length":62.7859,"tipPosition":[-10.7316,182.733,-46.9995],"tipVelocity":[99.4621,60.5547,1.76945],"tool":false},{"direction":[-0.0773556,-0.0128606,-0.996921],"handId":5,"id":10,"length":35.3514,"tipPosition":[47.9919,121.881,-36.5372],"tipVelocity":[-277.043,-370.504,-49.658],"tool":false},{"direction":[-0.448273,-0.0791211,-0.890388],"handId":5,"id":9,"length":32.0338,"tipPosition":[-29.761,138.982,5.87778],"tipVelocity":[6.60394,48.8058,2.64189],"tool":false}],"r":[[0.15929,-0.816127,-0.555485],[-0.784348,0.237074,-0.573231],[0.599521,0.527003,-0.602364]],"s":405.993,"t":[-2044.41,-7735.72,-893.25],"timestamp":1224721026},
{"hands":[{"direction":[-0.278252,0.39253,-0.875034],"id":5,"palmNormal":[-0.117041,-0.916074,-0.371367],"palmPosition":[29.0559,141.317,32.5391],"palmVelocity":[9.63564,-27.8019,59.9534],"r":[[0.418621,0.023668,-0.907853],[-0.0374011,0.999262,0.00880496],[0.907391,0.0302688,0.419197]],"s":0.843388,"sphereCenter":[21.4367,139.145,5.7803],"sphereRadius":59.9554,"t":[27.9344,49.5683,-95.6297]}],"id":104345,"pointables":[{"direction":[-0.208838,-0.245694,-0.946584],"handId":5,"id":3,"length":62.7151,"tipPosition":[-10.0238,182.306,-47.818],"tipVelocity":[76.5873,-46.1493,-88.5615],"tool":false},{"direction":[-0.0550648,-0.000540659,-0.998483],"handId":5,"id":10,"length":34.7484,"tipPosition":[45.9529,119.362,-37.0562],"tipVelocity":[-220.625,-272.572,-56.1557],"tool":false},{"direction":[-0.448218,-0.0794696,-0.890385],"handId":5,"id":9,"length":31.8414,"tipPosition":[-29.7454,139.34,5.83952],"tipVelocity":[1.68073,38.6812,-4.13923],"tool":false}],"r":[[0.128814,-0.806258,-0.577369],[-0.781691,0.275711,-0.559412],[0.610218,0.523384,-0.594729]],"s":405.994,"t":[-2044.69,-7736.21,-893.669],"timestamp":1224730268},
{"hands":[{"direction":[-0.278014,0.385013,-0.878371],"id":5,"palmNormal":[-0.126365,-0.919292,-0.360008],"palmPosition":[29.1082,141.127,32.7101],"palmVelocity":[5.5824,-20.326,18.2755],"r":[[0.417064,0.0573904,-0.907063],[-0.0404538,0.998188,0.0445554],[0.907976,0.0181117,0.41863]],"s":0.840903,"sphereCenter":[21.4688,139.578,6.32625],"sphereRadius":59.8946,"t":[27.687,48.6926,-96.1274]}],"id":104347,"pointables":[{"direction":[-0.205514,-0.239433,-0.948913],"handId":5,"id":3,"length":62.6778,"tipPosition":[-9.55741,180.865,-48.1593],"tipVelocity":[49.8318,-154.05,-36.4758],"tool":false},{"direction":[-0.0263586,0.0385265,-0.99891],"handId":5,"id":10,"length":34.1396,"tipPosition":[44.8031,118.098,-37.6321],"tipVelocity":[-122.845,-135.076,-61.5259],"tool":false},{"direction":[-0.44976,-0.0764361,-0.889873],"handId":5,"id":9,"length":31.636,"tipPosition":[-29.9683,139.481,5.19666],"tipVelocity":[-23.8176,15.0321,-68.6892],"tool":false}],"r":[[0.102264,-0.796501,-0.595927],[-0.778162,0.309134,-0.546718],[0.619682,0.519637,-0.588193]],"s":405.992,"t":[-2044.93,-7737.09,-894.167],"timestamp":1224739627},
{"hands":[{"direction":[-0.281298,0.375474,-0.881218],"id":5,"palmNormal":[-0.130568,-0.923474,-0.347802],"palmPosition":[29.3743,140.688,33.9363],"palmVelocity":[29.0018,-47.8509,133.599],"r":[[0.415849,0.083956,-0.90555],[-0.0415361,0.996444,0.0733087],[0.908485,0.00712769,0.417858]],"s":0.834408,"sphereCenter":[21.504,139.77,6.91936],"sphereRadius":59.9606,"t":[27.5313,48.1991,-96.6341]}],"id":104349,"pointables":[{"direction":[-0.201154,-0.239591,-0.949807],"handId":5,"id":3,"length":62.7394,"tipPosition":[-9.46759,178.369,-48.2421],"tipVelocity":[9.78598,-271.871,-9.02127],"tool":false},{"direction":[0.000558079,0.0733849,-0.997304],"handId":5,"id":10,"length":33.5368,"tipPosition":[44.6041,117.986,-38.1477],"tipVelocity":[-21.6899,-12.126,-56.1858],"tool":false},{"direction":[-0.450439,-0.0748067,-0.889668],"handId":5,"id":9,"length":31.4305,"tipPosition":[-30.0324,139.548,4.63575],"tipVelocity":[-6.98054,7.37151,-61.1151],"tool":false}],"r":[[0.0814489,-0.787992,-0.610274],[-0.773807,0.335916,-0.537014],[0.628164,0.515973,-0.582394]],"s":405.985,"t":[-2045.09,-7737.58,-894.674],"timestamp":1224748805},
{"hands":[{"direction":[-0.281974,0.36863,-0.883906],"id":5,"palmNormal":[-0.133558,-0.926547,-0.339429],"palmPosition":[29.5061,140.434,34.4055],"palmVelocity":[9.41329,-18.1376,33.5319],"r":[[0.415068,0.10176,-0.904082],[-0.0394364,0.994803,0.0938659],[0.908935,-0.00330701,0.416924]],"s":0.8233,"sphereCenter":[21.4821,139.619,7.3663],"sphereRadius":59.8989,"t":[27.6073,47.9336,-96.7414]}],"id":104351,"pointables":[{"direction":[-0.199166,-0.250935,-0.947293],"handId":5,"id":3,"length":62.804,"tipPosition":[-9.72005,174.793,-47.6076],"tipVelocity":[-18.0417,-255.567,45.3449],"tool":false},{"direction":[-0.000685321,0.0580904,-0.998311],"handId":5,"id":10,"length":33.1646,"tipPosition":[45.3098,118.804,-37.8555],"tipVelocity":[50.431,58.4161,20.8823],"tool":false},{"direction":[-0.449882,-0.0763786,-0.889816],"handId":5,"id":9,"length":31.2237,"tipPosition":[-29.7248,139.511,4.56801],"tipVelocity":[21.983,-2.67625,-4.84093],"tool":false}],"r":[[0.067536,-0.781907,-0.619726],[-0.768614,0.355264,-0.531997],[0.636138,0.512259,-0.576991]],"s":405.974,"t":[-2045.01,-7737.84,-894.781],"timestamp":1224762798},
{"hands":[{"direction":[-0.280208,0.363039,-0.886838],"id":5,"palmNormal":[-0.132249,-0.929187,-0.334063],"palmPosition":[29.7104,140.137,34.8047],"palmVelocity":[21.7044,-31.5496,42.4029],"r":[[0.414531,0.102815,-0.904209],[-0.0373598,0.994682,0.0959746],[0.909268,-0.00600335,0.416167]],"s":0.801653,"sphereCenter":[21.3569,139.047,7.78869],"sphereRadius":59.9215,"t":[27.942,46.9909,-96.6733]}],"id":104353,"pointables":[{"direction":[-0.146168,-0.309452,-0.939614],"handId":5,"id":1,"length":35.0738,"tipPosition":[23.9379,127.647,-49.8079],"tipVelocity":[24.5427,113.927,-31.769],"tool":false},{"direction":[-0.199891,-0.275396,-0.94032],"handId":5,"id":3,"length":62.9314,"tipPosition":[-10.4043,169.284,-45.9745],"tipVelocity":[-72.6895,-585.28,173.496],"tool":false},{"direction":[-0.0233699,0.0228143,-0.999467],"handId":5,"id":10,"length":32.3474,"tipPosition":[47.1808,121.073,-36.8184],"tipVelocity":[198.772,241.074,110.179],"tool":false},{"direction":[-0.446081,-0.0811014,-0.891311],"handId":5,"id":9,"length":30.8897,"tipPosition":[-29.5244,139.145,4.01772],"tipVelocity":[21.2851,-38.8781,-58.4605],"tool":false}],"r":[[0.0661515,-0.781898,-0.619886],[-0.767196,0.357364,-0.532636],[0.637992,0.510809,-0.576229]],"s":405.953,"t":[-2044.68,-7738.79,-894.713],"timestamp":1224772211},
{"hands":[{"direction":[-0.282064,0.353265,-0.889984],"id":5,"palmNormal":[-0.119229,-0.933084,-0.327458],"palmPosition":[29.661,139.635,35.2697],"palmVelocity":[-5.28103,-53.7084,49.722],"r":[[0.413816,0.0922743,-0.905672],[-0.0339952,0.995722,0.0859161],[0.909725,-0.00476493,0.415183]],"s":0.778483,"sphereCenter":[21.2143,138.219,8.1705],"sphereRadius":59.9614,"t":[28.3525,45.7243,-96.8318]}],"id":104355,"pointables":[{"direction":[-0.127104,-0.220479,-0.967075],"handId":5,"id":1,"length":33.5797,"tipPosition":[25.6235,133.312,-51.635],"tipVelocity":[180.207,605.615,-195.334],"tool":false},{"direction":[-0.200474,-0.306354,-0.930568],"handId":5,"id":3,"length":63.0273,"tipPosition":[-11.1172,163.778,-44.408],"tipVelocity":[-76.221,-588.651,167.468],"tool":false},{"direction":[-0.0490079,-0.0173417,-0.998648],"handId":5,"id":10,"length":33.2107,"tipPosition":[49.0016,123.398,-36.5044],"tipVelocity":[194.657,248.589,33.5686],"tool":false},{"direction":[-0.439836,-0.0873313,-0.893822],"handId":5,"id":9,"length":30.0905,"tipPosition":[-29.5886,138.864,2.93363],"tipVelocity":[-6.85613,-29.9931,-115.896],"tool":false}],"r":[[0.0732607,-0.78636,-0.613409],[-0.767493,0.348309,-0.538178],[0.636857,0.510215,-0.578008]],"s":405.929,"t":[-2044.27,-7740.05,-894.872],"timestamp":1224781565},
{"hands":[{"direction":[-0.282679,0.343641,-0.893385],"id":5,"palmNormal":[-0.105179,-0.936656,-0.321314],"palmPosition":[29.5699,139.209,35.4648],"palmVelocity":[-9.62615,-45.0033,20.6234],"r":[[0.414481,0.0730806,-0.907119],[-0.0295025,0.997326,0.0668677],[0.90958,-0.000953088,0.415529]],"s":0.757031,"sphereCenter":[21.1725,137.264,8.31572],"sphereRadius":59.9499,"t":[28.7903,44.3424,-97.2252]}],"id":104357,"pointables":[{"direction":[-0.118159,-0.173914,-0.977646],"handId":5,"id":1,"length":32.1567,"tipPosition":[27.1176,137.487,-52.6621],"tipVelocity":[157.949,441.383,-108.584],"tool":false},{"direction":[-0.200627,-0.344879,-0.916955],"handId":5,"id":3,"length":63.0459,"tipPosition":[-11.6809,158.37,-42.8642],"tipVelocity":[-59.5862,-571.699,163.212],"tool":false},{"direction":[-0.0725189,-0.0529332,-0.995961],"handId":5,"id":10,"length":33.4773,"tipPosition":[50.7272,125.812,-37.1918],"tipVelocity":[182.43,255.169,-72.673],"tool":false},{"direction":[-0.435513,-0.0870804,-0.89596],"handId":5,"id":9,"length":29.2148,"tipPosition":[-29.4096,138.572,2.3641],"tipVelocity":[18.9224,-30.8675,-60.2099],"tool":false}],"r":[[0.0878642,-0.792993,-0.602861],[-0.768663,0.330965,-0.547375],[0.633591,0.511492,-0.580464]],"s":405.908,"t":[-2043.83,-7741.44,-895.265],"timestamp":1224791024},
{"hands":[{"direction":[-0.282868,0.332689,-0.8972],"id":5,"palmNormal":[-0.0883334,-0.940192,-0.314425],"palmPosition":[29.5175,138.915,35.3556],"palmVelocity":[-5.59712,-31.443,-11.6592],"r":[[0.415081,0.0467538,-0.908582],[-0.024248,0.998892,0.0403235],[0.909461,0.00529377,0.415755]],"s":0.739205,"sphereCenter":[21.1392,136.287,8.24452],"sphereRadius":59.8938,"t":[29.2901,43.1496,-97.8267]}],"id":104359,"pointables":[{"direction":[-0.110456,-0.194486,-0.974666],"handId":5,"id":1,"length":30.7667,"tipPosition":[28.5477,141.311,-53.5109],"tipVelocity":[152.612,408.126,-90.5758],"tool":false},{"direction":[-0.199402,-0.389095,-0.899357],"handId":5,"id":3,"length":63.0292,"tipPosition":[-11.9878,153.529,-41.281],"tipVelocity":[-32.7516,-516.624,168.949],"tool":false},{"direction":[-0.0928,-0.0834277,-0.992183],"handId":5,"id":10,"length":33.4532,"tipPosition":[52.6329,128.645,-37.962],"tipVelocity":[203.359,302.361,-82.1907],"tool":false},{"direction":[-0.430926,-0.0842364,-0.898447],"handId":5,"id":9,"length":28.248,"tipPosition":[-29.5377,138.146,1.1469],"tipVelocity":[-13.6756,-45.4754,-129.89],"tool":false}],"r":[[0.10788,-0.801571,-0.588087],[-0.770296,0.306567,-0.559161],[0.628495,0.513324,-0.584374]],"s":405.89,"t":[-2043.33,-7742.63,-895.866],"timestamp":1224800395},
{"hands":[{"direction":[-0.281041,0.322365,-0.901333],"id":5,"palmNormal":[-0.0724339,-0.9434,-0.307798],"palmPosition":[29.4064,138.555,35.4455],"palmVelocity":[-12.0862,-39.101,9.7913],"r":[[0.415724,0.0144656,-0.909376],[-0.0183793,0.999803,0.00750186],[0.909305,0.013595,0.415908]],"s":0.727319,"sphereCenter":[21.3183,135.272,8.10617],"sphereRadius":59.9896,"t":[29.833,42.4067,-98.4653]}],"id":104361,"pointables":[{"direction":[-0.101692,-0.183231,-0.977796],"handId":5,"id":1,"length":29.439,"tipPosition":[29.8948,144.901,-53.9823],"tipVelocity":[146.66,390.809,-51.3175],"tool":false},{"direction":[-0.197807,-0.434498,-0.878683],"handId":5,"id":3,"length":62.9669,"tipPosition":[-12.1627,149.489,-40.0583],"tipVelocity":[-19.0428,-439.774,133.117],"tool":false},{"direction":[-0.103614,-0.0969467,-0.989882],"handId":5,"id":10,"length":33.499,"tipPosition":[54.8539,132.099,-38.8419],"tipVelocity":[241.81,376.022,-95.7936],"tool":false},{"direction":[-0.428492,-0.0836948,-0.899661],"handId":5,"id":9,"length":27.2801,"tipPosition":[-29.5078,137.621,0.248488],"tipVelocity":[3.26102,-57.1592,-97.8134],"tool":false}],"r":[[0.132587,-0.811101,-0.56968],[-0.771846,0.276093,-0.572736],[0.621831,0.515643,-0.589439]],"s":405.878,"t":[-2042.79,-7743.37,-896.505],"timestamp":1224809580},
{"hands":[{"direction":[-0.280136,0.315489,-0.904147],"id":5,"palmNormal":[-0.0573138,-0.945268,-0.305027],"palmPosition":[29.402,138.261,35.7171],"palmVelocity":[-0.474337,-31.4356,29.0232],"r":[[0.416498,-0.0218985,-0.908873],[-0.0123807,0.999481,-0.0297551],[0.909052,0.0236454,0.41601]],"s":0.722247,"sphereCenter":[21.6384,134.277,7.99923],"sphereRadius":60.202,"t":[30.3941,42.1451,-99.0563]}],"id":104363,"pointables":[{"direction":[-0.0946726,-0.143973,-0.985043],"handId":5,"id":1,"length":28.1716,"tipPosition":[31.1013,148.05,-54.066],"tipVelocity":[128.942,336.491,-8.94389],"tool":false},{"direction":[-0.106036,-0.0973288,-0.989588],"handId":5,"id":10,"length":33.6846,"tipPosition":[57.3044,136.058,-39.8452],"tipVelocity":[261.884,423.046,-107.222],"tool":false},{"direction":[-0.19571,-0.473957,-0.858524],"handId":5,"id":3,"length":62.8624,"tipPosition":[-12.2106,146.78,-38.9043],"tipVelocity":[-5.12211,-289.581,123.334],"tool":false},{"direction":[-0.424588,-0.0982039,-0.900045],"handId":5,"id":9,"length":26.3048,"tipPosition":[-29.4014,137.045,-0.454887],"tipVelocity":[11.3743,-61.603,-75.1709],"tool":false}],"r":[[0.160693,-0.82046,-0.548657],[-0.77293,0.241089,-0.586903],[0.613805,0.518384,-0.595417]],"s":405.873,"t":[-2042.23,-7743.63,-897.096],"timestamp":1224818937},
{"hands":[{"direction":[-0.279437,0.311114,-0.906095],"id":5,"palmNormal":[-0.0408456,-0.945829,-0.305421],"palmPosition":[29.1946,138.273,34.7489],"palmVelocity":[-21.631,1.27624,-100.988],"r":[[0.416111,-0.0604751,-0.907301],[-0.00653933,0.997561,-0.0694904],[0.90929,0.0348488,0.4147]],"s":0.722785,"sphereCenter":[21.9744,133.31,7.52079],"sphereRadius":60.3266,"t":[30.9071,42.2173,-99.5053]}],"id":104365,"pointables":[{"direction":[-0.0971422,-0.152771,-0.983476],"handId":5,"id":1,"length":26.7965,"tipPosition":[32.092,150.676,-53.9719],"tipVelocity":[103.343,273.912,9.81481],"tool":false},{"direction":[-0.104823,-0.0909011,-0.990328],"handId":5,"id":10,"length":33.7553,"tipPosition":[59.6341,140.104,-40.553],"tipVelocity":[243.013,422.061,-73.8373],"tool":false},{"direction":[-0.194369,-0.510082,-0.837876],"handId":5,"id":3,"length":62.7258,"tipPosition":[-12.2714,144.966,-38.127],"tipVelocity":[-6.34222,-189.187,81.0727],"tool":false},{"direction":[-0.421334,-0.112531,-0.899897],"handId":5,"id":9,"length":25.3436,"tipPosition":[-29.4541,136.388,-1.55948],"tipVelocity":[-5.50301,-68.4713,-115.217],"tool":false}],"r":[[0.189924,-0.82952,-0.52519],[-0.773197,0.203289,-0.600699],[0.605058,0.520163,-0.602773]],"s":405.874,"t":[-2041.71,-7743.56,-897.545],"timestamp":1224828524},
{"hands":[{"direction":[-0.278192,0.308494,-0.907613],"id":5,"palmNormal":[-0.0295832,-0.946301,-0.306299],"palmPosition":[30.3704,137.192,38.9909],"palmVelocity":[126.591,-116.476,456.72],"r":[[0.414918,-0.0871653,-0.905674],[0.0060119,0.995641,-0.0930698],[0.909839,0.0331715,0.413634]],"s":0.710102,"sphereCenter":[22.7234,132.97,8.4488],"sphereRadius":60.9078,"t":[31.1404,41.8997,-99.6286]}],"id":104367,"pointables":[{"direction":[-0.0902666,-0.142945,-0.985606],"handId":5,"id":1,"length":25.0774,"tipPosition":[24.8622,129.329,-47.2476],"tipVelocity":[-778.411,-2298.34,723.975],"tool":false},{"direction":[-0.102574,-0.0825096,-0.991297],"handId":5,"id":10,"length":33.8323,"tipPosition":[61.5267,143.991,-40.9722],"tipVelocity":[203.765,418.489,-45.1248],"tool":false},{"direction":[-0.192365,-0.537574,-0.820981],"handId":5,"id":3,"length":62.5562,"tipPosition":[-12.3126,144.101,-37.3032],"tipVelocity":[-4.42874,-93.1552,88.6974],"tool":false},{"direction":[-0.415634,-0.140928,-0.898547],"handId":5,"id":9,"length":24.2659,"tipPosition":[-29.5057,135.839,-2.87242],"tipVelocity":[-5.55703,-59.1578,-141.36],"tool":false}],"r":[[0.20956,-0.835234,-0.508398],[-0.767183,0.181914,-0.615091],[0.60623,0.518933,-0.602656]],"s":405.861,"t":[-2041.48,-7743.88,-897.668],"timestamp":1224837812},
{"hands":[{"direction":[-0.276173,0.306834,-0.909009],"id":5,"palmNormal":[-0.0165848,-0.94606,-0.308441],"palmPosition":[30.1936,137.314,38.0755],"palmVelocity":[-19.3417,13.4164,-100.16],"r":[[0.411721,-0.123179,-0.902947],[0.0130302,0.991517,-0.129321],[0.911217,0.0414785,0.409833]],"s":0.706619,"sphereCenter":[23.1239,132.198,8.07252],"sphereRadius":61.0098,"t":[31.5669,42.5396,-99.9485]}],"id":104369,"pointables":[{"direction":[-0.0923707,-0.159826,-0.982814],"handId":5,"id":1,"length":23.0614,"tipPosition":[28.7852,145.793,-49.724],"tipVelocity":[429.262,1801.57,-270.972],"tool":false},{"direction":[-0.0994376,-0.0698584,-0.992589],"handId":5,"id":10,"length":33.8675,"tipPosition":[62.8488,147.69,-40.935],"tipVelocity":[144.668,404.788,4.06341],"tool":false},{"direction":[-0.192095,-0.562711,-0.804025],"handId":5,"id":3,"length":62.258,"tipPosition":[-12.3954,143.596,-36.8682],"tipVelocity":[-9.06421,-55.2103,47.5963],"tool":false},{"direction":[-0.413758,-0.141531,-0.899318],"handId":5,"id":9,"length":23.2278,"tipPosition":[-29.179,135.301,-3.9427],"tipVelocity":[35.757,-58.911,-117.111],"tool":false}],"r":[[0.235156,-0.842612,-0.484466],[-0.764764,0.147221,-0.627266],[0.599865,0.518007,-0.609779]],"s":405.857,"t":[-2041.05,-7743.24,-897.988],"timestamp":1224846951},
{"hands":[{"direction":[-0.274183,0.305652,-0.910206],"id":5,"palmNormal":[-0.00532252,-0.945751,-0.310573],"palmPosition":[30.0249,137.313,37.5296],"palmVelocity":[-17.6099,-0.139581,-56.9674],"r":[[0.406313,-0.159716,-0.899667],[0.017965,0.985811,-0.166896],[0.913557,0.0516494,0.403417]],"s":0.709375,"sphereCenter":[23.5233,131.537,7.78341],"sphereRadius":61.1511,"t":[31.9256,43.7022,-100.334]}],"id":104371,"pointables":[{"direction":[-0.0949464,-0.176899,-0.979639],"handId":5,"id":1,"length":21.5873,"tipPosition":[30.6087,151.395,-50.8083],"tipVelocity":[190.285,584.613,-113.146],"tool":false},{"direction":[-0.0984868,-0.0565414,-0.993531],"handId":5,"id":10,"length":33.9256,"tipPosition":[63.5077,151.041,-40.5017],"tipVelocity":[68.7536,349.673,45.2162],"tool":false},{"direction":[-0.190829,-0.579463,-0.792343],"handId":5,"id":3,"length":61.7699,"tipPosition":[-12.4724,143.616,-36.6861],"tipVelocity":[-8.03232,2.04982,19],"tool":false},{"direction":[-0.417116,-0.102423,-0.903063],"handId":5,"id":9,"length":22.1557,"tipPosition":[-28.9517,135.204,-5.45356],"tipVelocity":[23.7114,-10.0676,-157.66],"tool":false}],"r":[[0.259879,-0.849933,-0.458341],[-0.762576,0.110552,-0.637383],[0.592403,0.515162,-0.619408]],"s":405.86,"t":[-2040.69,-7742.08,-898.374],"timestamp":1224856534},
{"hands":[{"direction":[-0.274246,0.302994,-0.911243],"id":5,"palmNormal":[0.00529601,-0.945862,-0.311099],"palmPosition":[29.9392,137.26,37.4225],"palmVelocity":[-9.23473,-5.69639,-11.5469],"r":[[0.40018,-0.193907,-0.895687],[0.0223414,0.979133,-0.20199],[0.916164,0.0608216,0.396162]],"s":0.711849,"sphereCenter":[23.8961,130.775,7.48301],"sphereRadius":61.3321,"t":[32.2307,44.6051,-100.792]}],"id":104373,"pointables":[{"direction":[-0.0904056,-0.15889,-0.983148],"handId":5,"id":1,"length":19.5326,"tipPosition":[31.2101,152.52,-51.2379],"tipVelocity":[64.8333,121.229,-46.3173],"tool":false},{"direction":[-0.0984207,-0.0416079,-0.994275],"handId":5,"id":10,"length":33.9581,"tipPosition":[63.5856,154.105,-40.6179],"tipVelocity":[8.40268,330.326,-12.5296],"tool":false},{"direction":[-0.190057,-0.59261,-0.782746],"handId":5,"id":3,"length":61.1813,"tipPosition":[-12.5715,143.778,-37.3187],"tipVelocity":[-10.6877,17.4376,-68.1964],"tool":false},{"direction":[-0.420161,-0.0536927,-0.90586],"handId":5,"id":9,"length":21.1253,"tipPosition":[-28.527,135.243,-6.74054],"tipVelocity":[45.7854,4.16289,-138.743],"tool":false}],"r":[[0.282495,-0.856081,-0.432807],[-0.759619,0.0758952,-0.645925],[0.585812,0.511239,-0.628855]],"s":405.863,"t":[-2040.39,-7741.17,-898.832],"timestamp":1224865810},
{"hands":[{"direction":[-0.274364,0.301891,-0.911746],"id":5,"palmNormal":[0.0105151,-0.946061,-0.311965],"palmPosition":[30.8758,136.376,41.2962],"palmVelocity":[102.919,-97.1881,425.679],"r":[[0.394528,-0.213301,-0.893784],[0.0322527,0.9753,-0.218518],[0.918318,0.0573844,0.391663]],"s":0.701442,"sphereCenter":[24.4842,130.647,8.49052],"sphereRadius":61.8047,"t":[32.3286,45.3312,-101.189]}],"id":104375,"pointables":[{"direction":[-0.0863868,-0.217897,-0.972141],"handId":5,"id":1,"length":17.2552,"tipPosition":[23.8067,129.153,-44.9275],"tipVelocity":[-813.556,-2567.79,693.453],"tool":false},{"direction":[-0.099547,-0.027383,-0.994656],"handId":5,"id":10,"length":34.1138,"tipPosition":[63.3289,156.872,-40.6549],"tipVelocity":[-28.2136,304.052,-4.06064],"tool":false},{"direction":[-0.18922,-0.600163,-0.777174],"handId":5,"id":3,"length":60.6181,"tipPosition":[-12.5332,144.802,-37.9523],"tipVelocity":[4.20945,112.586,-69.6291],"tool":false},{"direction":[-0.425649,0.0131666,-0.904792],"handId":5,"id":9,"length":19.9849,"tipPosition":[-27.9774,135.317,-7.61143],"tipVelocity":[60.3964,8.1666,-95.7019],"tool":false}],"r":[[0.293784,-0.860036,-0.417167],[-0.753089,0.0605236,-0.655129],[0.588683,0.50663,-0.629903]],"s":405.852,"t":[-2040.29,-7740.45,-899.229],"timestamp":1224874910},
{"hands":[{"direction":[-0.276157,0.297177,-0.912807],"id":5,"palmNormal":[0.0180946,-0.947091,-0.309497],"palmPosition":[31.0215,136.245,41.518],"palmVelocity":[15.377,-13.74,23.4063],"r":[[0.38774,-0.236474,-0.89092],[0.0372374,0.969762,-0.241195],[0.921016,0.0603454,0.384821]],"s":0.691581,"sphereCenter":[24.7811,129.762,8.40463],"sphereRadius":62.1068,"t":[32.5091,46.7558,-101.778]}],"id":104377,"pointables":[{"direction":[-0.0843211,-0.200208,-0.976118],"handId":5,"id":1,"length":15.2006,"tipPosition":[26.5536,140.58,-47.3118],"tipVelocity":[289.823,1205.63,-251.558],"tool":false},{"direction":[-0.102388,-0.0158286,-0.994619],"handId":5,"id":10,"length":34.3207,"tipPosition":[62.8661,159.116,-40.2669],"tipVelocity":[-48.8287,236.719,40.9419],"tool":false},{"direction":[-0.186278,-0.594444,-0.782264],"handId":5,"id":3,"length":60.196,"tipPosition":[-12.4051,146.805,-38.7837],"tipVelocity":[13.52,211.259,-87.7191],"tool":false},{"direction":[-0.428363,0.0547093,-0.901949],"handId":5,"id":9,"length":18.6812,"tipPosition":[-27.5793,135.517,-8.34326],"tipVelocity":[42.0082,21.0911,-77.2137],"tool":false}],"r":[[0.307414,-0.864264,-0.398175],[-0.749145,0.0382023,-0.661304],[0.586753,0.501585,-0.635715]],"s":405.842,"t":[-2040.11,-7739.02,-899.818],"timestamp":1224884388},
