[
{"hands":[{"direction":[-0.339563,0.327663,-0.881031],"id":2,"palmNormal":[-0.058074,-0.943395,-0.324833],"palmPosition":[19.1669,150.384,49.296],"palmVelocity":[-28.0657,-29.7673,19.5243],"r":[[0.903624,0.393776,-0.168536],[-0.419115,0.894033,-0.158265],[0.0883559,0.213648,0.972907]],"s":1.03229,"sphereCenter":[13.7484,137.434,21.3511],"sphereRadius":61.8925,"t":[-29.844,40.2152,-100.032]}],"id":109159,"pointables":[{"direction":[-0.0178314,0.0159799,-0.999713],"handId":2,"id":5,"length":13.6196,"tipPosition":[0.887095,166.181,-47.1827],"tipVelocity":[7.24284,79.816,-32.3288],"tool":false},{"direction":[-0.0155488,-0.00298411,-0.999875],"handId":2,"id":9,"length":9.23065,"tipPosition":[20.6464,161.143,-44.3803],"tipVelocity":[9.28128,69.9718,-37.8525],"tool":false},{"direction":[-0.501448,0.0901844,-0.860475],"handId":2,"id":7,"length":38.9135,"tipPosition":[-42.9606,140.697,30.1211],"tipVelocity":[-18.4113,-20.7665,-54.979],"tool":false},{"direction":[-0.628564,0.729706,-0.26914],"handId":11,"id":1,"length":86.0796,"tipPosition":[-132.76,255.268,211.948],"tipVelocity":[-140.314,128.259,-38.1295],"tool":true,"width":8.56598}],"r":[[0.566377,-0.305403,0.765471],[0.398699,-0.711349,-0.57881],[0.721288,0.633017,-0.281128]],"s":441.58,"t":[-2288.93,-7387.27,-1078.51],"timestamp":1247768906},
{"hands":[{"direction":[-0.339913,0.325994,-0.881582],"id":2,"palmNormal":[-0.0600576,-0.94411,-0.322548],"palmPosition":[18.9558,150.38,48.7135],"palmVelocity":[-22.784,-0.346586,-62.8701],"r":[[0.90549,0.390168,-0.166906],[-0.415789,0.894369,-0.164997],[0.084899,0.2188,0.972069]],"s":1.03693,"sphereCenter":[13.4453,137.466,20.7256],"sphereRadius":61.6567,"t":[-29.7926,40.7082,-100.298]}],"id":109161,"pointables":[{"direction":[-0.0156534,0.0199458,-0.999679],"handId":2,"id":5,"length":13.4312,"tipPosition":[0.919004,166.945,-47.2555],"tipVelocity":[3.44405,82.4126,-7.85704],"tool":false},{"direction":[-0.00936215,0.0307944,-0.999482],"handId":2,"id":9,"length":9.14133,"tipPosition":[20.7108,161.409,-44.3325],"tipVelocity":[6.95132,28.6445,5.15153],"tool":false},{"direction":[-0.500197,0.0886413,-0.861363],"handId":2,"id":7,"length":38.7835,"tipPosition":[-42.8056,140.511,30.1584],"tipVelocity":[16.7295,-20.0201,4.01786],"tool":false},{"direction":[-0.62881,0.729652,-0.268712],"handId":11,"id":1,"length":86.5384,"tipPosition":[-133.058,255.491,211.917],"tipVelocity":[-32.234,24.0039,-3.33313],"tool":true,"width":8.07805}],"r":[[0.565706,-0.303403,0.766762],[0.397618,-0.714246,-0.57598],[0.72241,0.630713,-0.283415]],"s":441.584,"t":[-2288.91,-7386.94,-1078.77],"timestamp":1247778171},
{"hands":[{"direction":[-0.339756,0.325089,-0.882044],"id":2,"palmNormal":[-0.0645785,-0.944606,-0.320202],"palmPosition":[18.7817,150.441,48.4124],"palmVelocity":[-18.5868,6.51876,-32.1405],"r":[[0.907263,0.38675,-0.165221],[-0.412582,0.894659,-0.171351],[0.0815461,0.223628,0.971257]],"s":1.04043,"sphereCenter":[13.1804,137.842,20.2397],"sphereRadius":61.3377,"t":[-29.7697,41.0661,-100.482]}],"id":109163,"pointables":[{"direction":[-0.015078,0.0167987,-0.999745],"handId":2,"id":5,"length":13.3168,"tipPosition":[0.899194,167.365,-47.4133],"tipVelocity":[-2.11466,44.8648,-16.8409],"tool":false},{"direction":[-0.00214646,0.0675462,-0.997714],"handId":2,"id":9,"length":9.11867,"tipPosition":[20.7054,161.632,-44.3913],"tipVelocity":[-0.583799,23.7989,-6.26781],"tool":false},{"direction":[-0.499026,0.0850822,-0.8624],"handId":2,"id":7,"length":38.7679,"tipPosition":[-42.6438,140.269,30.0571],"tipVelocity":[17.2706,-25.8274,-10.8121],"tool":false},{"direction":[-0.628935,0.729241,-0.269533],"handId":11,"id":1,"length":86.5523,"tipPosition":[-133.032,255.371,211.957],"tipVelocity":[2.77832,-12.749,4.30417],"tool":true,"width":8.27361}],"r":[[0.565157,-0.301662,0.767853],[0.396646,-0.716755,-0.573528],[0.723374,0.628699,-0.285426]],"s":441.586,"t":[-2288.9,-7386.78,-1078.94],"timestamp":1247787539},
{"hands":[{"direction":[-0.33961,0.322989,-0.882914],"id":2,"palmNormal":[-0.062826,-0.945308,-0.31865],"palmPosition":[18.5474,150.306,48.0364],"palmVelocity":[-25.2163,-14.5844,-40.47],"r":[[0.908675,0.383807,-0.164322],[-0.409934,0.894798,-0.176891],[0.0791434,0.228098,0.970416]],"s":1.04162,"sphereCenter":[12.9954,137.992,19.8818],"sphereRadius":61.1996,"t":[-29.7937,41.1664,-100.636]}],"id":109165,"pointables":[{"direction":[-0.0131921,0.0361219,-0.99926],"handId":2,"id":5,"length":13.1045,"tipPosition":[0.828196,167.377,-47.5386],"tipVelocity":[-7.64082,1.29677,-13.488],"tool":false},{"direction":[0.004536,0.10623,-0.994331],"handId":2,"id":9,"length":9.01164,"tipPosition":[20.5484,161.474,-44.4361],"tipVelocity":[-16.8922,-16.93,-4.81998],"tool":false},{"direction":[-0.497075,0.0783591,-0.864162],"handId":2,"id":7,"length":38.6613,"tipPosition":[-42.6775,140.081,29.4389],"tipVelocity":[-3.62961,-20.2676,-66.5289],"tool":false},{"direction":[-0.628751,0.730559,-0.266373],"handId":11,"id":1,"length":86.3503,"tipPosition":[-133.034,255.378,212.202],"tipVelocity":[-0.197947,0.787406,26.3636],"tool":true,"width":8.31012}],"r":[[0.564838,-0.300208,0.768657],[0.395773,-0.718802,-0.571565],[0.7241,0.627056,-0.287193]],"s":441.588,"t":[-2288.94,-7386.73,-1079.07],"timestamp":1247796831},
{"hands":[{"direction":[-0.340343,0.320044,-0.883723],"id":2,"palmNormal":[-0.0615969,-0.946339,-0.315931],"palmPosition":[18.3431,150.095,47.8535],"palmVelocity":[-22.1544,-22.874,-19.8269],"r":[[0.909513,0.38181,-0.164341],[-0.408293,0.894759,-0.18084],[0.0779993,0.231575,0.969685]],"s":1.04006,"sphereCenter":[12.8391,138.204,19.8035],"sphereRadius":61.0303,"t":[-29.8852,41.004,-100.815]}],"id":109167,"pointables":[{"direction":[-0.0111493,0.0595307,-0.998164],"handId":2,"id":5,"length":12.8278,"tipPosition":[0.669319,166.952,-47.7414],"tipVelocity":[-17.2299,-46.105,-21.9935],"tool":false},{"direction":[0.00685531,0.0992176,-0.995042],"handId":2,"id":9,"length":8.80759,"tipPosition":[20.1655,160.853,-44.5399],"tipVelocity":[-41.5255,-67.426,-11.2654],"tool":false},{"direction":[-0.496552,0.0733275,-0.864904],"handId":2,"id":7,"length":38.551,"tipPosition":[-42.8052,140.044,28.5357],"tipVelocity":[-13.8497,-4.02317,-97.9521],"tool":false},{"direction":[-0.628737,0.731316,-0.264322],"handId":11,"id":1,"length":86.1196,"tipPosition":[-133.338,255.648,212.211],"tipVelocity":[-32.9676,29.2011,0.971826],"tool":true,"width":8.58303}],"r":[[0.564677,-0.299189,0.769172],[0.395154,-0.720198,-0.570236],[0.724564,0.62594,-0.288454]],"s":441.59,"t":[-2289.1,-7386.88,-1079.21],"timestamp":1247806052},
{"hands":[{"direction":[-0.340372,0.319277,-0.884042],"id":2,"palmNormal":[-0.0639818,-0.946693,-0.314511],"palmPosition":[18.1474,150.031,47.4968],"palmVelocity":[-20.4767,-6.67951,-37.3306],"r":[[0.909785,0.381748,-0.162972],[-0.407975,0.894738,-0.18166],[0.0764684,0.23176,0.969763]],"s":1.0372,"sphereCenter":[12.6015,138.274,19.6665],"sphereRadius":60.8143,"t":[-30.0712,40.4749,-100.965]}],"id":109169,"pointables":[{"direction":[-0.0125688,0.0706247,-0.997424],"handId":2,"id":5,"length":12.3655,"tipPosition":[0.388692,166.056,-48.1054],"tipVelocity":[-29.3635,-93.7442,-38.0853],"tool":false},{"direction":[0.00555,0.0729145,-0.997323],"handId":2,"id":9,"length":8.4088,"tipPosition":[19.5071,159.219,-44.6612],"tipVelocity":[-68.893,-170.918,-12.6846],"tool":false},{"direction":[-0.495055,0.0661176,-0.866342],"handId":2,"id":7,"length":38.3596,"tipPosition":[-42.3753,140.058,28.5414],"tipVelocity":[44.9817,1.5288,0.601303],"tool":false},{"direction":[-0.628939,0.731652,-0.262909],"handId":11,"id":1,"length":86.5261,"tipPosition":[-133.909,256.156,212.078],"tipVelocity":[-59.7823,53.1926,-13.9133],"tool":true,"width":8.75136}],"r":[[0.564672,-0.298701,0.769365],[0.395081,-0.720625,-0.569746],[0.724608,0.625681,-0.288906]],"s":441.591,"t":[-2289.41,-7387.35,-1079.35],"timestamp":1247815609},
{"hands":[{"direction":[-0.342223,0.318557,-0.883619],"id":2,"palmNormal":[-0.0670006,-0.947025,-0.312945],"palmPosition":[18.0044,149.946,47.3591],"palmVelocity":[-15.5719,-9.30434,-14.9885],"r":[[0.909486,0.383044,-0.161592],[-0.408751,0.894837,-0.179415],[0.0758743,0.229227,0.970411]],"s":1.03139,"sphereCenter":[12.3451,138.328,19.8221],"sphereRadius":60.5526,"t":[-30.2054,39.8324,-101.143]}],"id":109171,"pointables":[{"direction":[-0.0139742,0.0717456,-0.997325],"handId":2,"id":5,"length":11.9313,"tipPosition":[0.00894072,164.471,-48.0369],"tipVelocity":[-41.3537,-172.6,7.45396],"tool":false},{"direction":[-0.49389,0.0610738,-0.867377],"handId":2,"id":7,"length":38.2038,"tipPosition":[-42.1602,140.132,28.0588],"tipVelocity":[23.419,7.99382,-52.5597],"tool":false},{"direction":[-0.628932,0.732086,-0.261715],"handId":11,"id":1,"length":85.977,"tipPosition":[-134.12,256.27,211.989],"tipVelocity":[-22.969,12.3818,-9.73603],"tool":true,"width":8.87869}],"r":[[0.564797,-0.298539,0.769337],[0.395329,-0.720451,-0.569794],[0.724375,0.625959,-0.288887]],"s":441.592,"t":[-2289.67,-7387.55,-1079.46],"timestamp":1247824792},
{"hands":[{"direction":[-0.346593,0.318162,-0.882016],"id":2,"palmNormal":[-0.0664989,-0.946995,-0.313304],"palmPosition":[17.9213,149.649,48.1015],"palmVelocity":[-8.92925,-31.8871,79.8054],"r":[[0.908451,0.385859,-0.16072],[-0.410882,0.894965,-0.17382],[0.0767686,0.223944,0.971574]],"s":1.02186,"sphereCenter":[12.2587,138.374,20.2205],"sphereRadius":60.4129,"t":[-30.3645,39.0578,-101.283]}],"id":109173,"pointables":[{"direction":[-0.0141379,0.0610445,-0.998035],"handId":2,"id":5,"length":11.0272,"tipPosition":[-0.477629,162.479,-47.6407],"tipVelocity":[-52.308,-214.126,42.5929],"tool":false},{"direction":[-0.492764,0.0574913,-0.868262],"handId":2,"id":7,"length":38.0015,"tipPosition":[-42.0416,140.31,27.46],"tipVelocity":[12.7515,19.1871,-64.3688],"tool":false},{"direction":[-0.628812,0.732858,-0.259835],"handId":11,"id":1,"length":84.8085,"tipPosition":[-134.015,256.111,212.215],"tipVelocity":[11.2742,-17.1055,24.2779],"tool":true,"width":8.72762}],"r":[[0.565259,-0.298558,0.768989],[0.395718,-0.719804,-0.570342],[0.723802,0.626694,-0.288731]],"s":441.593,"t":[-2289.75,-7387.73,-1079.4],"timestamp":1247834094},
{"hands":[{"direction":[-0.348432,0.317358,-0.881614],"id":2,"palmNormal":[-0.0668202,-0.947253,-0.312591],"palmPosition":[17.801,149.474,48.1815],"palmVelocity":[-12.5903,-18.2733,8.37216],"r":[[0.906752,0.389848,-0.160681],[-0.414151,0.895011,-0.165632],[0.0792401,0.216733,0.97301]],"s":1.00936,"sphereCenter":[12.051,138.325,20.556],"sphereRadius":60.2211,"t":[-30.5637,38.2563,-101.409]}],"id":109175,"pointables":[{"direction":[-0.0153668,0.0683795,-0.997541],"handId":2,"id":5,"length":10.4541,"tipPosition":[-0.96484,160.599,-47.1474],"tipVelocity":[-50.9848,-196.811,51.619],"tool":false},{"direction":[-0.49186,0.0563684,-0.868848],"handId":2,"id":7,"length":37.8605,"tipPosition":[-42.0331,140.534,26.743],"tipVelocity":[0.88962,23.4176,-75.0305],"tool":false},{"direction":[-0.628942,0.732385,-0.260853],"handId":11,"id":1,"length":84.8943,"tipPosition":[-134.305,256.368,212.202],"tipVelocity":[-30.2728,26.958,-1.32169],"tool":true,"width":8.64959}],"r":[[0.565786,-0.298906,0.768467],[0.396381,-0.718631,-0.571359],[0.723027,0.627873,-0.288111]],"s":441.593,"t":[-2289.93,-7387.71,-1079.38],"timestamp":1247843650},
{"hands":[{"direction":[-0.35133,0.317297,-0.880492],"id":2,"palmNormal":[-0.0707302,-0.947355,-0.311384],"palmPosition":[17.7128,149.403,48.1624],"palmVelocity":[-9.60307,-7.79308,-2.07375],"r":[[0.904566,0.394684,-0.161197],[-0.418203,0.894934,-0.155559],[0.0828644,0.208126,0.974586]],"s":0.995307,"sphereCenter":[11.86,138.432,20.8749],"sphereRadius":60.0024,"t":[-30.77,37.4876,-101.464]}],"id":109177,"pointables":[{"direction":[-0.0159265,0.0445541,-0.99888],"handId":2,"id":5,"length":9.98141,"tipPosition":[-1.41137,158.904,-46.586],"tipVelocity":[-48.6151,-184.472,61.1237],"tool":false},{"direction":[-0.491407,0.0564458,-0.869099],"handId":2,"id":7,"length":37.691,"tipPosition":[-42.0133,140.756,26.2148],"tipVelocity":[2.16094,24.2119,-57.5041],"tool":false},{"direction":[-0.62897,0.732151,-0.261439],"handId":11,"id":1,"length":85.088,"tipPosition":[-134.571,256.461,211.873],"tipVelocity":[-28.9537,10.101,-35.7612],"tool":true,"width":8.6469}],"r":[[0.566242,-0.299531,0.767888],[0.397279,-0.717089,-0.572671],[0.722177,0.629336,-0.287048]],"s":441.593,"t":[-2290.16,-7387.66,-1079.53],"timestamp":1247852835},
{"hands":[{"direction":[-0.350986,0.31865,-0.880177],"id":2,"palmNormal":[-0.077593,-0.946967,-0.310602],"palmPosition":[17.641,149.516,48.1311],"palmVelocity":[-7.68818,12.1567,-3.35432],"r":[[0.902071,0.399904,-0.16231],[-0.422647,0.894685,-0.144597],[0.0873911,0.199036,0.976088]],"s":0.980807,"sphereCenter":[11.6907,138.533,21.2578],"sphereRadius":59.6932,"t":[-30.9626,36.7762,-101.434]}],"id":109179,"pointables":[{"direction":[-0.0145613,0.077987,-0.996848],"handId":2,"id":5,"length":9.49657,"tipPosition":[-1.75515,157.47,-45.9531],"tipVelocity":[-36.7915,-153.503,67.7347],"tool":false},{"direction":[-0.491277,0.0573044,-0.869116],"handId":2,"id":7,"length":37.5736,"tipPosition":[-42.0276,140.883,25.8116],"tipVelocity":[-1.5299,13.5242,-43.157],"tool":false},{"direction":[-0.628934,0.732791,-0.259728],"handId":11,"id":1,"length":85.3621,"tipPosition":[-134.66,256.497,211.852],"tipVelocity":[-9.50242,3.82911,-2.25314],"tool":true,"width":8.8821}],"r":[[0.566722,-0.300282,0.76724],[0.398246,-0.715372,-0.574146],[0.721267,0.630931,-0.285831]],"s":441.592,"t":[-2290.32,-7387.61,-1079.62],"timestamp":1247862179},
{"hands":[{"direction":[-0.355525,0.317967,-0.878548],"id":2,"palmNormal":[-0.0776114,-0.947154,-0.3102],"palmPosition":[17.7319,149.233,48.9229],"palmVelocity":[6.41155,-19.9828,55.8327],"r":[[0.899292,0.40532,-0.164286],[-0.42736,0.894221,-0.13316],[0.0929363,0.189959,0.977383]],"s":0.966482,"sphereCenter":[11.6193,138.534,21.6088],"sphereRadius":59.6227,"t":[-31.1361,36.142,-101.324]}],"id":109181,"pointables":[{"direction":[-0.0156937,0.0844933,-0.9963],"handId":2,"id":5,"length":8.9197,"tipPosition":[-1.97184,156.211,-45.2527],"tipVelocity":[-15.2792,-88.7414,49.3877],"tool":false},{"direction":[-0.491025,0.0589392,-0.869149],"handId":2,"id":7,"length":37.4331,"tipPosition":[-42.1193,141.027,25.4898],"tipVelocity":[-6.47047,10.1733,-22.6894],"tool":false}],"r":[[0.567061,-0.302609,0.766074],[0.399878,-0.711968,-0.577234],[0.720096,0.633663,-0.282723]],"s":441.588,"t":[-2290.47,-7387.86,-1079.57],"timestamp":1247876361},
{"hands":[{"direction":[-0.354016,0.316818,-0.8796],"id":2,"palmNormal":[-0.0760148,-0.947566,-0.309458],"palmPosition":[17.745,148.938,49.6514],"palmVelocity":[1.39596,-31.3593,77.3281],"r":[[0.896623,0.410466,-0.166086],[-0.431761,0.893661,-0.122279],[0.0982337,0.181347,0.978501]],"s":0.953503,"sphereCenter":[11.6433,138.58,21.9609],"sphereRadius":59.6418,"t":[-31.206,35.6319,-100.925]}],"id":109183,"pointables":[{"direction":[-0.0193648,0.0429132,-0.998891],"handId":2,"id":5,"length":8.59002,"tipPosition":[-2.0807,155.38,-44.2484],"tipVelocity":[-11.5559,-88.2532,106.617],"tool":false},{"direction":[-0.491944,0.0621643,-0.868404],"handId":2,"id":7,"length":37.4043,"tipPosition":[-41.9432,141.087,25.8604],"tipVelocity":[18.7036,6.30934,39.3418],"tool":false},{"direction":[-0.62851,0.734895,-0.254762],"handId":11,"id":1,"length":83.998,"tipPosition":[-133.516,255.147,212.43],"tipVelocity":[48.4503,-57.1815,24.4725],"tool":true,"width":9.50443}],"r":[[0.567794,-0.304158,0.764917],[0.400829,-0.709471,-0.579644],[0.718989,0.63572,-0.280918]],"s":441.583,"t":[-2290.46,-7388.41,-1079.25],"timestamp":1247885781},
{"hands":[{"direction":[-0.354531,0.316534,-0.879536],"id":2,"palmNormal":[-0.0786574,-0.947759,-0.308256],"palmPosition":[17.801,148.986,49.5694],"palmVelocity":[6.10158,5.21981,-8.92922],"r":[[0.894154,0.414794,-0.168627],[-0.435592,0.893012,-0.113091],[0.103676,0.174573,0.979171]],"s":0.941481,"sphereCenter":[11.5286,138.371,22.217],"sphereRadius":59.525,"t":[-31.2739,35.2613,-100.64]}],"id":109185,"pointables":[{"direction":[-0.0202461,0.0598859,-0.998],"handId":2,"id":5,"length":8.36172,"tipPosition":[-2.14015,154.964,-43.6254],"tipVelocity":[-6.47946,-45.3548,67.8941],"tool":false},{"direction":[-0.49213,0.0637889,-0.868181],"handId":2,"id":7,"length":37.341,"tipPosition":[-42.0158,141.041,25.583],"tipVelocity":[-7.91239,-4.97794,-30.2337],"tool":false},{"direction":[-0.628727,0.734725,-0.254717],"handId":11,"id":1,"length":84.9331,"tipPosition":[-133.694,255.237,212.307],"tipVelocity":[-19.3671,9.83167,-13.3885],"tool":true,"width":9.7134}],"r":[[0.568261,-0.305596,0.763997],[0.401744,-0.707254,-0.581716],[0.71811,0.637498,-0.279133]],"s":441.58,"t":[-2290.49,-7388.7,-1079.16],"timestamp":1247894957},
{"hands":[{"direction":[-0.353013,0.317092,-0.879973],"id":2,"palmNormal":[-0.0780437,-0.947528,-0.309237],"palmPosition":[17.7417,148.876,49.8275],"palmVelocity":[-6.28711,-11.5765,27.3295],"r":[[0.891806,0.418427,-0.172051],[-0.438983,0.892297,-0.105355],[0.109437,0.169484,0.979438]],"s":0.930125,"sphereCenter":[11.6306,137.971,22.6679],"sphereRadius":59.6476,"t":[-31.3386,34.9437,-100.498]}],"id":109187,"pointables":[{"direction":[-0.0200787,0.0744148,-0.997025],"handId":2,"id":5,"length":8.15574,"tipPosition":[-2.1497,154.533,-43.1486],"tipVelocity":[-1.0116,-45.5949,50.4924],"tool":false},{"direction":[-0.491852,0.0636487,-0.868349],"handId":2,"id":7,"length":37.2913,"tipPosition":[-42.1289,140.942,25.1032],"tipVelocity":[-11.9844,-10.4733,-50.812],"tool":false},{"direction":[-0.628736,0.734913,-0.254154],"handId":11,"id":1,"length":85.0908,"tipPosition":[-133.899,255.335,212.13],"tipVelocity":[-21.7359,10.2806,-18.7987],"tool":true,"width":10.0514}],"r":[[0.568515,-0.306949,0.763265],[0.402617,-0.705272,-0.583515],[0.717419,0.639041,-0.277375]],"s":441.578,"t":[-2290.56,-7388.9,-1079.2],"timestamp":1247904399},
{"hands":[{"direction":[-0.354438,0.316844,-0.879515],"id":2,"palmNormal":[-0.0762674,-0.947504,-0.309828],"palmPosition":[17.7848,148.829,49.9594],"palmVelocity":[4.637,-5.09504,14.1927],"r":[[0.889995,0.420855,-0.175472],[-0.441408,0.891699,-0.100157],[0.114317,0.166594,0.979376]],"s":0.920106,"sphereCenter":[11.6595,137.661,22.9502],"sphereRadius":59.6405,"t":[-31.3529,34.7808,-100.408]}],"id":109189,"pointables":[{"direction":[-0.0215554,0.058337,-0.998064],"handId":2,"id":5,"length":7.97291,"tipPosition":[-2.1413,154.677,-42.7592],"tipVelocity":[0.904103,15.4003,41.8772],"tool":false},{"direction":[-0.491026,0.061905,-0.868943],"handId":2,"id":7,"length":37.2169,"tipPosition":[-42.0651,140.782,24.7889],"tipVelocity":[6.86248,-17.1606,-33.8022],"tool":false},{"direction":[-0.628533,0.735043,-0.254281],"handId":11,"id":1,"length":85.3489,"tipPosition":[-134.209,255.309,211.453],"tipVelocity":[-33.3669,-2.7609,-72.8029],"tool":true,"width":10.0297}],"r":[[0.568345,-0.30823,0.762875],[0.40348,-0.703639,-0.584891],[0.717069,0.640224,-0.275545]],"s":441.576,"t":[-2290.6,-7389.01,-1079.38],"timestamp":1247913698},
{"hands":[{"direction":[-0.352877,0.316708,-0.880211],"id":2,"palmNormal":[-0.0758304,-0.947568,-0.309839],"palmPosition":[17.7757,148.894,49.7604],"palmVelocity":[-0.986909,7.05428,-21.6619],"r":[[0.888674,0.422283,-0.178705],[-0.443021,0.891241,-0.0970624],[0.118282,0.165427,0.979103]],"s":0.911835,"sphereCenter":[11.7146,137.314,23.2224],"sphereRadius":59.654,"t":[-31.316,34.7513,-100.396]}],"id":109191,"pointables":[{"direction":[-0.0221377,0.0203683,-0.999547],"handId":2,"id":5,"length":7.7138,"tipPosition":[-2.06161,154.966,-42.5866],"tipVelocity":[8.6702,31.516,18.7814],"tool":false},{"direction":[-0.489643,0.0576507,-0.870015],"handId":2,"id":7,"length":37.1356,"tipPosition":[-41.9688,140.7,24.4841],"tipVelocity":[10.4736,-8.94349,-33.1648],"tool":false},{"direction":[-0.628624,0.735125,-0.253816],"handId":11,"id":1,"length":84.4598,"tipPosition":[-134.63,255.74,211.415],"tipVelocity":[-45.8203,46.8762,-4.11238],"tool":true,"width":10.1226}],"r":[[0.567953,-0.309403,0.762692],[0.404296,-0.702277,-0.585962],[0.71692,0.641152,-0.27377]],"s":441.574,"t":[-2290.57,-7388.92,-1079.48],"timestamp":1247922889},
{"hands":[{"direction":[-0.354846,0.314859,-0.880083],"id":2,"palmNormal":[-0.0709177,-0.947943,-0.309707],"palmPosition":[17.9048,148.705,50.0523],"palmVelocity":[13.9141,-20.3129,31.4771],"r":[[0.888106,0.42236,-0.181326],[-0.44351,0.891029,-0.0967799],[0.120691,0.166371,0.978649]],"s":0.906639,"sphereCenter":[11.7631,137.068,23.4042],"sphereRadius":59.6595,"t":[-31.203,34.948,-100.485]}],"id":109193,"pointables":[{"direction":[-0.0216111,0.0140996,-0.999667],"handId":2,"id":5,"length":7.53497,"tipPosition":[-1.84839,155.863,-42.7523],"tipVelocity":[22.9907,96.6529,-17.87],"tool":false},{"direction":[-0.488096,0.0534829,-0.87115],"handId":2,"id":7,"length":37.1031,"tipPosition":[-41.8036,140.65,24.2711],"tipVelocity":[17.8184,-5.40021,-22.96],"tool":false},{"direction":[-0.628679,0.735462,-0.252704],"handId":11,"id":1,"length":84.4258,"tipPosition":[-134.668,255.725,211.403],"tipVelocity":[-4.09001,-1.62596,-1.31462],"tool":true,"width":10.2041}],"r":[[0.567471,-0.310214,0.762721],[0.404796,-0.701538,-0.586501],[0.717019,0.641569,-0.272529]],"s":441.574,"t":[-2290.48,-7388.88,-1079.62],"timestamp":1247932163},
{"hands":[{"direction":[-0.35551,0.314295,-0.880042],"id":2,"palmNormal":[-0.0685439,-0.948011,-0.310083],"palmPosition":[17.8857,148.681,49.8582],"palmVelocity":[-1.97863,-2.51061,-20.1704],"r":[[0.888364,0.421268,-0.182597],[-0.442895,0.891102,-0.0988986],[0.12105,0.168729,0.978201]],"s":0.905471,"sphereCenter":[11.7552,137.174,23.3022],"sphereRadius":59.5651,"t":[-31.0032,35.3626,-100.626]}],"id":109195,"pointables":[{"direction":[-0.0295562,-0.0335431,-0.999],"handId":2,"id":5,"length":7.30431,"tipPosition":[-1.56761,157.068,-43.2158],"tipVelocity":[29.1816,125.259,-48.1717],"tool":false},{"direction":[-0.48698,0.0510327,-0.871921],"handId":2,"id":7,"length":36.9159,"tipPosition":[-41.5112,140.709,24.3483],"tipVelocity":[30.3833,6.16533,8.0191],"tool":false},{"direction":[-0.628684,0.735505,-0.252565],"handId":11,"id":1,"length":83.8789,"tipPosition":[-134.618,255.598,211.428],"tipVelocity":[5.24798,-13.2015,2.67994],"tool":true,"width":10.4962}],"r":[[0.566914,-0.310617,0.762972],[0.404962,-0.701463,-0.586477],[0.717366,0.641456,-0.271881]],"s":441.574,"t":[-2290.29,-7388.84,-1079.68],"timestamp":1247941785},
{"hands":[{"direction":[-0.354679,0.314103,-0.880468],"id":2,"palmNormal":[-0.0660529,-0.947955,-0.310829],"palmPosition":[17.7649,148.747,49.394],"palmVelocity":[-13.2099,7.24687,-50.7717],"r":[[0.889354,0.418685,-0.183717],[-0.441147,0.891372,-0.10414],[0.120158,0.173664,0.977447]],"s":0.907172,"sphereCenter":[11.8104,138.485,23.2657],"sphereRadius":59.3767,"t":[-30.7829,36.0463,-100.873]}],"id":109197,"pointables":[{"direction":[-0.0323659,-0.0459255,-0.99842],"handId":2,"id":5,"length":7.1173,"tipPosition":[-1.18076,158.843,-43.6904],"tipVelocity":[42.3112,194.185,-51.9084],"tool":false},{"direction":[-0.484541,0.0443998,-0.873641],"handId":2,"id":7,"length":36.7316,"tipPosition":[-41.4165,140.84,24.1143],"tipVelocity":[10.36,14.2668,-25.5906],"tool":false},{"direction":[-0.62891,0.735336,-0.252493],"handId":11,"id":1,"length":84.2605,"tipPosition":[-135.086,256.072,211.355],"tipVelocity":[-51.2592,51.865,-8.03482],"tool":true,"width":10.2784}],"r":[[0.566041,-0.310842,0.763528],[0.404953,-0.701898,-0.585963],[0.71806,0.640872,-0.271427]],"s":441.574,"t":[-2290.15,-7388.57,-1079.82],"timestamp":1247950928},
{"hands":[{"direction":[-0.354521,0.316315,-0.879741],"id":2,"palmNormal":[-0.0666233,-0.947068,-0.31342],"palmPosition":[17.6768,149.044,48.4794],"palmVelocity":[-9.10958,30.5918,-94.5014],"r":[[0.890827,0.415055,-0.184816],[-0.438618,0.891722,-0.111563],[0.1185,0.180447,0.97642]],"s":0.91125,"sphereCenter":[11.7483,142.199,23.0359],"sphereRadius":59.2791,"t":[-30.5646,36.9008,-101.231]}],"id":109199,"pointables":[{"direction":[-0.0329853,-0.0553341,-0.997923],"handId":2,"id":5,"length":6.91984,"tipPosition":[-0.7718,160.646,-44.3125],"tipVelocity":[42.2563,186.252,-64.2746],"tool":false},{"direction":[-0.481518,0.0358635,-0.875702],"handId":2,"id":7,"length":36.5369,"tipPosition":[-41.3929,141.088,23.8014],"tipVelocity":[2.43962,25.6259,-32.3299],"tool":false},{"direction":[-0.628843,0.735818,-0.251255],"handId":11,"id":1,"length":84.36,"tipPosition":[-135.262,256.258,211.303],"tipVelocity":[-18.1644,19.2677,-5.33456],"tool":true,"width":10.3975}],"r":[[0.565066,-0.310781,0.764275],[0.404644,-0.702886,-0.584992],[0.719002,0.639818,-0.271421]],"s":441.575,"t":[-2290.07,-7388.32,-1080.05],"timestamp":1247960606},
{"hands":[{"direction":[-0.353699,0.325284,-0.876456],"id":2,"palmNormal":[-0.0709542,-0.943246,-0.322798],"palmPosition":[17.5677,149.414,47.7488],"palmVelocity":[-11.8815,40.4158,-79.6034],"r":[[0.892851,0.410513,-0.185191],[-0.435254,0.892166,-0.120807],[0.115629,0.188467,0.975249]],"s":0.917771,"sphereCenter":[11.8977,148.217,23.3682],"sphereRadius":60.5155,"t":[-30.311,37.8644,-101.585]}],"id":109201,"pointables":[{"direction":[-0.0369365,-0.0683237,-0.996979],"handId":2,"id":5,"length":6.71377,"tipPosition":[-0.368272,162.567,-44.9669],"tipVelocity":[43.9669,209.368,-71.3083],"tool":false},{"direction":[-0.479476,0.0297522,-0.87705],"handId":2,"id":7,"length":36.443,"tipPosition":[-41.2187,141.312,23.7527],"tipVelocity":[18.9828,24.3705,-5.31472],"tool":false},{"direction":[-0.628892,0.734628,-0.254591],"handId":11,"id":1,"length":84.1469,"tipPosition":[-135.208,256.068,211.038],"tipVelocity":[5.89337,-20.7342,-28.8727],"tool":true,"width":10.3078}],"r":[[0.563995,-0.310398,0.765221],[0.404034,-0.704447,-0.583533],[0.720185,0.638285,-0.271893]],"s":441.576,"t":[-2289.94,-7388.08,-1080.3],"timestamp":1247969784},
{"hands":[{"direction":[-0.350441,0.340204,-0.871116],"id":2,"palmNormal":[-0.0774973,-0.936295,-0.338344],"palmPosition":[17.4446,149.966,47.1185],"palmVelocity":[-8.94114,40.0633,-45.78],"r":[[0.895373,0.405048,-0.185047],[-0.431067,0.892626,-0.131907],[0.111749,0.197873,0.973837]],"s":0.926217,"sphereCenter":[12.0097,154.265,23.5356],"sphereRadius":61.95,"t":[-30.0444,38.9132,-101.991]}],"id":109203,"pointables":[{"direction":[-0.0378783,-0.0716098,-0.996713],"handId":2,"id":5,"length":6.53009,"tipPosition":[0.0439872,164.663,-45.7086],"tipVelocity":[29.9454,152.236,-53.8743],"tool":false},{"direction":[-0.478048,0.0257846,-0.877955],"handId":2,"id":7,"length":36.2865,"tipPosition":[-41.0717,141.484,23.5796],"tipVelocity":[10.6771,12.5124,-12.5679],"tool":false},{"direction":[-0.62896,0.734632,-0.25441],"handId":11,"id":1,"length":84.0204,"tipPosition":[-135.405,256.335,211.169],"tipVelocity":[-14.3184,19.395,9.48081],"tool":true,"width":10.1205}],"r":[[0.562865,-0.309778,0.766303],[0.403205,-0.706412,-0.581729],[0.721532,0.636412,-0.27271]],"s":441.577,"t":[-2289.8,-7387.83,-1080.51],"timestamp":1247983551},
{"hands":[{"direction":[-0.351,0.355583,-0.863752],"id":2,"palmNormal":[-0.0853371,-0.92892,-0.35392],"palmPosition":[17.4782,150.526,46.6452],"palmVelocity":[3.58376,59.7839,-50.5244],"r":[[0.898448,0.398668,-0.183996],[-0.425942,0.893089,-0.144794],[0.1066,0.208462,0.972204]],"s":0.936531,"sphereCenter":[12.0298,160.375,23.2704],"sphereRadius":63.5321,"t":[-29.7171,40.065,-102.448]}],"id":109205,"pointables":[{"direction":[-0.0397534,-0.0873433,-0.995385],"handId":2,"id":5,"length":6.33012,"tipPosition":[0.499171,167.002,-46.5768],"tipVelocity":[48.5892,249.641,-92.6756],"tool":false},{"direction":[-0.476564,0.0231381,-0.878835],"handId":2,"id":7,"length":36.155,"tipPosition":[-40.7511,141.655,23.432],"tipVelocity":[34.2199,18.2461,-15.7605],"tool":false},{"direction":[-0.629043,0.73463,-0.254213],"handId":11,"id":1,"length":84.6688,"tipPosition":[-135.558,256.601,211.392],"tipVelocity":[-16.3415,28.386,23.7818],"tool":true,"width":10.3618}],"r":[[0.561684,-0.308893,0.767526],[0.402147,-0.708798,-0.579554],[0.723041,0.634185,-0.2739]],"s":441.579,"t":[-2289.57,-7387.57,-1080.69],"timestamp":1247992919},
{"hands":[{"direction":[-0.350108,0.34884,-0.866945],"id":2,"palmNormal":[-0.0816452,-0.93225,-0.346177],"palmPosition":[17.4501,150.334,46.4642],"palmVelocity":[-2.92524,-20.0337,-18.8446],"r":[[0.901647,0.392107,-0.182443],[-0.420503,0.893427,-0.158001],[0.101046,0.219179,0.970438]],"s":0.947005,"sphereCenter":[12.0123,158.132,22.6932],"sphereRadius":62.6446,"t":[-29.3698,41.1706,-102.853]}],"id":109207,"pointables":[{"direction":[-0.0401683,-0.0654236,-0.997049],"handId":2,"id":5,"length":6.17481,"tipPosition":[0.915593,168.864,-47.1862],"tipVelocity":[43.3592,193.912,-63.4516],"tool":false},{"direction":[-0.474944,0.0194711,-0.879801],"handId":2,"id":7,"length":35.9756,"tipPosition":[-40.4327,141.911,23.3384],"tipVelocity":[33.1583,26.7025,-9.74262],"tool":false},{"direction":[-0.629215,0.733704,-0.256453],"handId":11,"id":1,"length":84.458,"tipPosition":[-135.846,256.895,211.305],"tipVelocity":[-29.9602,30.6422,-8.99048],"tool":true,"width":10.9641}],"r":[[0.560342,-0.307984,0.768871],[0.401086,-0.711294,-0.577226],[0.72467,0.631828,-0.27504]],"s":441.581,"t":[-2289.3,-7387.29,-1080.82],"timestamp":1248002523},
{"hands":[{"direction":[-0.348842,0.370605,-0.856316],"id":2,"palmNormal":[-0.0877911,-0.920321,-0.370224],"palmPosition":[17.3677,150.979,45.793],"palmVelocity":[-8.84777,69.2461,-72.0351],"r":[[0.904872,0.385584,-0.180366],[-0.414898,0.893641,-0.171071],[0.0952201,0.229631,0.968609]],"s":0.957359,"sphereCenter":[12.2985,164.914,23.0666],"sphereRadius":65.0202,"t":[-29.0251,42.2086,-103.236]}],"id":109209,"pointables":[{"direction":[-0.0436182,-0.0595542,-0.997272],"handId":2,"id":5,"length":6.11833,"tipPosition":[1.27216,170.557,-47.8096],"tipVelocity":[38.267,181.644,-66.902],"tool":false},{"direction":[-0.474348,0.0194881,-0.880121],"handId":2,"id":7,"length":35.8442,"tipPosition":[-40.105,142.16,23.2358],"tipVelocity":[35.1688,26.6518,-11.0143],"tool":false},{"direction":[-0.62952,0.733482,-0.256337],"handId":11,"id":1,"length":84.6007,"tipPosition":[-136.291,257.421,211.379],"tipVelocity":[-47.7414,56.3939,7.94258],"tool":true,"width":10.9818}],"r":[[0.558892,-0.307111,0.770275],[0.400096,-0.713752,-0.574875],[0.726336,0.629476,-0.276036]],"s":441.583,"t":[-2289,-7386.89,-1080.94],"timestamp":1248011841},
{"hands":[{"direction":[-0.351888,0.36432,-0.858121],"id":2,"palmNormal":[-0.0832492,-0.923811,-0.363509],"palmPosition":[17.492,150.537,46.6605],"palmVelocity":[13.6724,-48.6158,95.4183],"r":[[0.907845,0.379642,-0.178016],[-0.409609,0.893735,-0.182916],[0.0896563,0.238976,0.966877]],"s":0.967274,"sphereCenter":[12.4055,162.517,22.5706],"sphereRadius":64.0253,"t":[-28.6952,43.1095,-103.627]}],"id":109211,"pointables":[{"direction":[-0.047345,-0.0549967,-0.997363],"handId":2,"id":5,"length":6.07288,"tipPosition":[1.62604,171.784,-48.4893],"tipVelocity":[38.926,135.008,-74.7663],"tool":false},{"direction":[-0.474473,0.0213641,-0.880011],"handId":2,"id":7,"length":35.694,"tipPosition":[-39.8288,142.46,23.1204],"tipVelocity":[30.3761,33.0416,-12.6966],"tool":false}],"r":[[0.557693,-0.305445,0.771804],[0.398881,-0.716811,-0.571906],[0.727924,0.626806,-0.277924]],"s":441.587,"t":[-2288.69,-7386.31,-1081.2],"timestamp":1248020932},
{"hands":[{"direction":[-0.353527,0.356499,-0.860958],"id":2,"palmNormal":[-0.0798102,-0.927806,-0.354624],"palmPosition":[17.6106,150.215,46.8344],"palmVelocity":[12.3392,-33.5133,18.0994],"r":[[0.910395,0.374669,-0.175512],[-0.404988,0.893774,-0.192748],[0.0846519,0.246557,0.965424]],"s":0.976594,"sphereCenter":[12.389,160.619,22.0807],"sphereRadius":63.0015,"t":[-28.373,43.7967,-104.037]}],"id":109213,"pointables":[{"direction":[-0.0461715,-0.0281925,-0.998536],"handId":2,"id":5,"length":6.03386,"tipPosition":[1.9899,172.479,-49.242],"tipVelocity":[37.8549,72.2536,-78.3069],"tool":false},{"direction":[-0.47445,0.0234214,-0.879971],"handId":2,"id":7,"length":35.6028,"tipPosition":[-39.5635,142.712,23.015],"tipVelocity":[27.5979,26.2403,-10.9633],"tool":false},{"direction":[-0.629361,0.734248,-0.254527],"handId":11,"id":1,"length":84.5487,"tipPosition":[-135.696,256.811,211.663],"tipVelocity":[31.8288,-32.588,15.1381],"tool":true,"width":10.8822}],"r":[[0.55692,-0.303655,0.773067],[0.397466,-0.719837,-0.569083],[0.729288,0.624202,-0.280199]],"s":441.591,"t":[-2288.35,-7385.89,-1081.38],"timestamp":1248030544},
{"hands":[{"direction":[-0.354611,0.350313,-0.863356],"id":2,"palmNormal":[-0.0765451,-0.930949,-0.347931],"palmPosition":[17.6892,149.871,46.9972],"palmVelocity":[8.44312,-36.9365,17.4829],"r":[[0.912209,0.37108,-0.173705],[-0.40162,0.893736,-0.199843],[0.081089,0.252062,0.964308]],"s":0.984012,"sphereCenter":[12.4371,159.025,21.7336],"sphereRadius":62.1923,"t":[-28.0851,44.1867,-104.432]}],"id":109215,"pointables":[{"direction":[-0.0483916,-0.0263235,-0.998482],"handId":2,"id":5,"length":5.99453,"tipPosition":[2.36983,172.443,-49.7704],"tipVelocity":[40.8135,-3.83585,-56.7621],"tool":false},{"direction":[-0.473971,0.024281,-0.880205],"handId":2,"id":7,"length":35.4942,"tipPosition":[-39.4365,142.934,22.7792],"tipVelocity":[13.6505,23.7944,-25.3285],"tool":false},{"direction":[-0.629469,0.734686,-0.252991],"handId":11,"id":1,"length":85.3298,"tipPosition":[-136.033,257.256,211.686],"tipVelocity":[-36.2005,47.7427,2.53644],"tool":true,"width":10.5146}],"r":[[0.556137,-0.302351,0.774142],[0.396442,-0.72216,-0.56685],[0.730442,0.622149,-0.281755]],"s":441.594,"t":[-2288.12,-7385.57,-1081.59],"timestamp":1248039853},
{"hands":[{"direction":[-0.351304,0.349102,-0.865575],"id":2,"palmNormal":[-0.0694555,-0.931633,-0.348476],"palmPosition":[17.9291,148.987,47.2725],"palmVelocity":[25.8204,-95.1819,29.6305],"r":[[0.913306,0.369043,-0.172278],[-0.399585,0.893757,-0.203788],[0.0787682,0.254961,0.963738]],"s":0.989136,"sphereCenter":[12.4346,157.482,21.4504],"sphereRadius":61.4893,"t":[-27.815,44.2599,-104.694]}],"id":109217,"pointables":[{"direction":[-0.0514345,-0.0544212,-0.997192],"handId":2,"id":5,"length":5.95698,"tipPosition":[2.65575,171.808,-50.0205],"tipVelocity":[30.7702,-68.3263,-26.9149],"tool":false},{"direction":[-0.473829,0.0259134,-0.880236],"handId":2,"id":7,"length":35.3908,"tipPosition":[-39.2175,143.081,22.7759],"tipVelocity":[23.5705,15.9039,-0.354139],"tool":false}],"r":[[0.555957,-0.301856,0.774464],[0.396324,-0.722735,-0.566199],[0.730643,0.621721,-0.282177]],"s":441.596,"t":[-2287.88,-7385.53,-1081.76],"timestamp":1248049145},
{"hands":[{"direction":[-0.350999,0.343469,-0.868193],"id":2,"palmNormal":[-0.069525,-0.934504,-0.341401],"palmPosition":[18.0178,148.906,47.4131],"palmVelocity":[9.459,-8.56439,14.9882],"r":[[0.913674,0.368603,-0.171267],[-0.398949,0.893882,-0.204488],[0.0777175,0.255162,0.96377]],"s":0.991343,"sphereCenter":[12.4811,156.116,21.2502],"sphereRadius":60.976,"t":[-27.5747,44.0379,-104.837]}],"id":109219,"pointables":[{"direction":[-0.0511561,-0.0744463,-0.995912],"handId":2,"id":5,"length":5.86914,"tipPosition":[2.83324,170.67,-50.0463],"tipVelocity":[18.9203,-121.264,-2.75072],"tool":false},{"direction":[-0.473029,0.0259657,-0.880664],"handId":2,"id":7,"length":35.1721,"tipPosition":[-38.9744,143.184,22.751],"tipVelocity":[25.9098,10.969,-2.65244],"tool":false},{"direction":[-0.629439,0.734864,-0.25255],"handId":11,"id":1,"length":86.2069,"tipPosition":[-135.826,257.074,211.796],"tipVelocity":[11.0729,-9.71119,5.85817],"tool":true,"width":10.1085}],"r":[[0.555923,-0.301569,0.774601],[0.396359,-0.722937,-0.565917],[0.73065,0.621626,-0.282368]],"s":441.597,"t":[-2287.66,-7385.6,-1081.85],"timestamp":1248058526},
{"hands":[{"direction":[-0.35126,0.339771,-0.869843],"id":2,"palmNormal":[-0.0690767,-0.936443,-0.337073],"palmPosition":[18.0978,148.763,47.4105],"palmVelocity":[8.69911,-15.5769,-0.285177],"r":[[0.91338,0.369685,-0.170502],[-0.399615,0.894135,-0.202065],[0.077751,0.252697,0.964416]],"s":0.990352,"sphereCenter":[12.4856,154.884,21.1528],"sphereRadius":60.4984,"t":[-27.4096,43.6503,-104.9]}],"id":109221,"pointables":[{"direction":[-0.0478272,-0.0667082,-0.996626],"handId":2,"id":5,"length":5.80561,"tipPosition":[2.7926,169.334,-49.9233],"tipVelocity":[-4.42287,-145.399,13.3781],"tool":false},{"direction":[-0.473021,0.0298192,-0.880547],"handId":2,"id":7,"length":34.9668,"tipPosition":[-38.7536,143.414,22.6647],"tipVelocity":[24.03,25.0112,-9.39044],"tool":false},{"direction":[-0.629387,0.73493,-0.252488],"handId":11,"id":1,"length":87.3009,"tipPosition":[-135.93,257.083,211.428],"tipVelocity":[-11.3627,0.95366,-39.9702],"tool":true,"width":9.71529}],"r":[[0.555836,-0.301627,0.77464],[0.396709,-0.72265,-0.566038],[0.730526,0.621931,-0.282016]],"s":441.597,"t":[-2287.56,-7385.64,-1081.95],"timestamp":1248067716},
{"hands":[{"direction":[-0.350839,0.338713,-0.870746],"id":2,"palmNormal":[-0.0693876,-0.937255,-0.335726],"palmPosition":[18.1865,148.716,47.3329],"palmVelocity":[6.32949,-3.33772,-5.54019],"r":[[0.912447,0.372275,-0.169858],[-0.40154,0.894508,-0.196522],[0.0787788,0.247521,0.965675]],"s":0.985983,"sphereCenter":[12.7045,155.728,21.0719],"sphereRadius":60.2906,"t":[-27.3201,43.0899,-104.893]}],"id":109223,"pointables":[{"direction":[-0.0453997,-0.0259997,-0.998631],"handId":2,"id":5,"length":5.78935,"tipPosition":[2.58465,167.647,-49.638],"tipVelocity":[-14.8398,-120.378,20.3646],"tool":false},{"direction":[-0.473073,0.0329418,-0.880407],"handId":2,"id":7,"length":34.7045,"tipPosition":[-38.5178,143.635,22.531],"tipVelocity":[16.8213,15.7293,-9.54325],"tool":false},{"direction":[-0.62945,0.735494,-0.250683],"handId":11,"id":1,"length":87.2419,"tipPosition":[-135.918,257.222,211.682],"tipVelocity":[0.857943,9.93737,18.1164],"tool":true,"width":9.41955}],"r":[[0.555974,-0.3019,0.774434],[0.397275,-0.721881,-0.566621],[0.730113,0.622691,-0.28141]],"s":441.598,"t":[-2287.51,-7385.58,-1081.86],"timestamp":1248081729},
{"hands":[{"direction":[-0.346982,0.335447,-0.873703],"id":2,"palmNormal":[-0.0714743,-0.939027,-0.33089],"palmPosition":[18.342,148.719,47.6416],"palmVelocity":[16.2816,0.291752,32.3196],"r":[[0.910707,0.376821,-0.169171],[-0.405037,0.894994,-0.186898],[0.0809802,0.23873,0.967704]],"s":0.97685,"sphereCenter":[12.7988,154.582,21.1237],"sphereRadius":59.9754,"t":[-27.2943,42.235,-104.68]}],"id":109225,"pointables":[{"direction":[-0.0399738,0.0112045,-0.999138],"handId":2,"id":5,"length":5.72723,"tipPosition":[2.1453,165.14,-48.8008],"tipVelocity":[-45.9997,-262.529,87.6552],"tool":false},{"direction":[-0.474215,0.0385984,-0.879563],"handId":2,"id":7,"length":34.5118,"tipPosition":[-38.1545,143.843,22.5335],"tipVelocity":[38.0377,21.8569,0.26508],"tool":false}],"r":[[0.557574,-0.303562,0.772633],[0.39989,-0.717411,-0.570447],[0.727461,0.627035,-0.278618]],"s":441.592,"t":[-2287.51,-7386.13,-1081.61],"timestamp":1248091280},
{"hands":[{"direction":[-0.346041,0.331726,-0.875688],"id":2,"palmNormal":[-0.0696397,-0.940704,-0.327102],"palmPosition":[18.4952,148.576,47.9196],"palmVelocity":[16.7283,-15.5772,30.3571],"r":[[0.908603,0.382208,-0.168398],[-0.409184,0.89542,-0.175473],[0.0837198,0.228341,0.969975]],"s":0.96605,"sphereCenter":[12.8885,153.291,21.1773],"sphereRadius":59.8257,"t":[-27.3183,41.4024,-104.537]}],"id":109227,"pointables":[{"direction":[-0.0345174,0.0328393,-0.998864],"handId":2,"id":5,"length":5.6628,"tipPosition":[1.76628,163.38,-48.4167],"tipVelocity":[-41.3776,-192.102,41.9236],"tool":false},{"direction":[-0.474308,0.0428521,-0.879315],"handId":2,"id":7,"length":34.2272,"tipPosition":[-37.9231,143.982,22.2921],"tipVelocity":[25.2632,15.178,-26.3614],"tool":false}],"r":[[0.559971,-0.305848,0.769993],[0.403495,-0.711033,-0.575868],[0.723619,0.633158,-0.274749]],"s":441.584,"t":[-2287.54,-7386.81,-1081.45],"timestamp":1248100440},
